     0    1.106853858302e+01    0.000000000000e+00
     1    4.838319712434e-01    0.000000000000e+00
     2    4.427337391374e-02   -1.626303258728e-19
     3    4.831632646325e-03    6.776263578034e-21
     4    5.429595005887e-04    8.470329472543e-22
     5    6.216451113596e-05   -2.117582368136e-22
     6    8.803840941765e-06    0.000000000000e+00
     7    1.470601705072e-06    0.000000000000e+00
     8    2.217939729118e-07   -3.101927297074e-25
     9    2.806411925641e-08    1.033975765691e-25
    10    4.160523181122e-09   -2.584939414228e-26
    11    7.698672711202e-10    3.231174267785e-27
    12    1.666062257105e-10   -1.615587133893e-27
    13    3.929068346600e-11   -2.019483917366e-28
    14    1.023556657232e-11   -1.009741958683e-28
    15    2.311214331824e-12    0.000000000000e+00
    16    4.310568770016e-13   -6.310887241768e-30
    17    7.718310446161e-14    5.916456789158e-31
    18    1.828997768497e-14   -9.860761315263e-32
    19    4.914203512920e-15   -3.697785493223e-32
    20    1.339041902771e-15    6.162975822039e-33
    21    2.388529578836e-16    1.540743955510e-33
    22    4.052034089453e-17    0.000000000000e+00
    23    8.544627805375e-18   -9.629649721936e-35
    24    1.760939016667e-18    6.018531076210e-36
    25    2.945723784651e-19    0.000000000000e+00
    26    7.939202823500e-20    1.128474576789e-36
    27    2.126650366124e-20    0.000000000000e+00
    28    4.477681814390e-21   -2.350988701645e-38
    29    9.605185614762e-22    2.204051907792e-38
    30    2.504329047950e-22    5.693800761795e-39
    31    4.380231418069e-23    0.000000000000e+00
    32    1.425586886111e-23   -1.836709923160e-40
    33    7.056921913135e-23    2.663229388582e-39
    34    5.884820219558e-22    9.550891600431e-39
    35    3.244823094052e-21    1.175494350822e-38
    36    1.158667273633e-20    4.701977403289e-38
    37    5.456993840248e-20   -9.403954806578e-38
    38    1.602012409136e-19   -9.403954806578e-38
    39    5.654947984626e-19   -1.203706215242e-35
    40    3.714074010643e-18    0.000000000000e+00
    41    1.739347436427e-17   -2.166671187436e-34
    42    5.982550370906e-17    1.348150961071e-33
    43    2.011492294009e-16   -5.392603844284e-33
    44    1.419425858039e-15   -3.697785493223e-32
    45    4.251704184911e-15   -4.930380657631e-32
    46    2.117025491174e-14   -5.916456789158e-31
    47    1.210370585576e-13    7.888609052210e-31
