     0    1.153117939229e+01    0.000000000000e+00
     1    4.948482996068e-01    0.000000000000e+00
     2    4.892055109505e-02    1.084202172486e-19
     3    5.209087339063e-03   -1.355252715607e-20
     4    6.955743634633e-04   -5.082197683526e-21
     5    1.034056993710e-04    8.470329472543e-22
     6    1.484969880624e-05   -1.058791184068e-22
     7    1.955056914416e-06   -1.488925102595e-23
     8    3.562436296712e-07    0.000000000000e+00
     9    5.160673533751e-08    0.000000000000e+00
    10    6.601737464173e-09    0.000000000000e+00
    11    7.888396511854e-10    0.000000000000e+00
    12    1.730157011782e-10    3.231174267785e-27
    13    2.907358279819e-11    0.000000000000e+00
    14    2.802080064438e-12   -2.019483917366e-28
    15    4.947207794361e-13   -1.514612938024e-28
    16    1.144912235920e-13    0.000000000000e+00
    17    2.322883985084e-14    0.000000000000e+00
    18    3.862563137223e-15    0.000000000000e+00
    19    2.686878572230e-15    4.930380657631e-32
    20    6.473983088813e-16   -2.465190328816e-32
    21    1.406993882754e-16   -6.162975822039e-33
    22    3.807793963291e-18    1.925929944387e-33
    23    2.291621952266e-18   -2.888894916581e-34
    24    1.893506526962e-19    9.629649721936e-35
    25   -2.308846426859e-19   -3.611118645726e-35
    26   -1.292942923538e-20    7.523163845263e-37
    27    8.490427027134e-21    7.523163845263e-37
    28    5.238470601427e-21   -7.523163845263e-37
    29    1.063191008722e-21    4.701977403289e-38
    30   -2.836797649873e-23    5.877471754111e-39
    31    1.309157422948e-23    0.000000000000e+00
    32   -5.684042626856e-23    5.877471754111e-39
    33   -1.362654834938e-22   -5.877471754111e-39
    34    1.803436887657e-23    0.000000000000e+00
    35    7.296357947257e-22    4.701977403289e-37
    36   -8.681339298518e-21   -4.701977403289e-37
    37   -1.603530224672e-20    0.000000000000e+00
    38   -2.774201190116e-20   -1.203706215242e-35
    39   -4.253821919791e-19   -4.814824860968e-35
    40   -1.666746594285e-18    4.814824860968e-35
    41   -8.681323281161e-18    7.703719777549e-34
    42   -5.843062580051e-18    0.000000000000e+00
    43    6.338881262395e-18    6.162975822039e-33
    44    1.429264347437e-16   -6.162975822039e-33
    45    1.433816421909e-15    0.000000000000e+00
    46   -6.979688647978e-16    3.944304526105e-31
    47    3.681605771278e-15    3.155443620884e-30
    48    1.012073122284e-13    0.000000000000e+00
    49   -2.917691739416e-13    0.000000000000e+00
    50   -7.895433835683e-13    0.000000000000e+00
    51   -7.790269613898e-12   -3.231174267785e-27
    52    5.870249646697e-11    6.462348535571e-27
    53    2.639895748691e-10    0.000000000000e+00
    54    1.027042137338e-09    0.000000000000e+00
    55    8.313124487017e-09    0.000000000000e+00
    56    7.208120538195e-08    8.271806125530e-25
    57    5.019135575207e-07   -6.617444900424e-24
    58    4.783754370629e-06    0.000000000000e+00
    59    4.355511904927e-05   -1.058791184068e-22
    60    4.310581878623e-04    3.388131789017e-21
    61    4.416924458775e-03    0.000000000000e+00
    62    4.520262384790e-02    2.168404344971e-19
    63    5.077506232498e-01   -2.602085213965e-18
