     0    1.172606358294e+01    3.469446951954e-18
     1    5.253805205891e-01    4.336808689942e-19
     2    4.837068117995e-02   -5.421010862428e-20
     3    6.247786916982e-03   -2.710505431214e-20
     4    7.087305274069e-04    8.470329472543e-22
     5    7.203731014483e-05   -4.235164736272e-22
     6    1.022762314772e-05   -1.058791184068e-22
     7    1.655881192895e-06    0.000000000000e+00
     8    2.209506902291e-07    0.000000000000e+00
     9    3.435993766760e-08    0.000000000000e+00
    10    4.101915268474e-09   -2.067951531383e-25
    11    1.506864805823e-09    0.000000000000e+00
    12    1.946815820947e-10    6.462348535571e-27
    13    3.589605200924e-11    0.000000000000e+00
    14    1.248917380659e-11    1.211690350419e-27
    15    7.312121361612e-13    0.000000000000e+00
    16   -4.463007968597e-13    0.000000000000e+00
    17   -2.193625916610e-14   -7.888609052210e-31
    18   -3.407869528805e-14    1.972152263053e-31
    19   -1.509767713160e-14    3.944304526105e-31
    20   -3.852770795126e-15   -9.860761315263e-32
    21   -8.592095595688e-16    0.000000000000e+00
    22   -9.184712544056e-17    6.162975822039e-33
    23   -7.493584149727e-18   -7.703719777549e-34
    24   -2.395553486826e-18    4.814824860968e-35
    25   -7.581061350384e-19    2.407412430484e-35
    26   -1.793513388563e-19    6.018531076210e-36
    27    1.333567766044e-20    0.000000000000e+00
    28   -4.792370039797e-21    0.000000000000e+00
    29   -2.567624286379e-21   -4.701977403289e-38
    30   -6.398970728039e-22   -2.350988701645e-38
    31   -2.572941468901e-22   -1.469367938528e-38
    32   -8.255710384422e-23   -7.346839692639e-39
    33   -8.459038979436e-23    7.346839692639e-39
    34    9.873004957545e-22    2.644862289350e-38
    35    7.083119635613e-21   -4.173004945419e-37
    36    3.574092281071e-20    5.360254239750e-36
    37    1.365807769028e-19   -8.275480229789e-36
    38    2.945837251740e-19   -2.708338984295e-35
    39   -5.574655792463e-19    1.865744633625e-34
    40   -4.177758924234e-18    9.629649721936e-35
    41    1.585941970355e-18    2.118522938826e-33
    42    7.873921579590e-17    5.392603844284e-33
    43    5.527415684583e-16   -1.540743955510e-33
    44    7.640354419826e-16    4.314083075427e-32
    45    2.128026391614e-15   -3.944304526105e-31
    46    1.684999314274e-14    0.000000000000e+00
    47    1.191424182607e-13   -6.310887241768e-30
    48    6.473660948680e-13    6.310887241768e-30
    49    2.657841987206e-13    1.514612938024e-28
    50   -4.125857383467e-13    6.058451752097e-28
    51   -1.026682410952e-11   -5.654554968624e-27
    52    1.119971425123e-10    9.693522803356e-27
    53    5.628353684646e-10    1.615587133893e-26
    54    2.811351162761e-09   -2.584939414228e-26
    55    1.071509222685e-08   -1.550963648537e-25
    56    1.724592503322e-07    0.000000000000e+00
    57    1.105165967840e-06    0.000000000000e+00
    58    9.374752523829e-06    1.058791184068e-22
    59    7.786779517400e-05    1.058791184068e-22
    60    6.802160901050e-04    5.082197683526e-21
    61    7.186896070105e-03    0.000000000000e+00
    62    7.145046628943e-02    1.084202172486e-19
    63    6.282765343358e-01    0.000000000000e+00
