     0    1.140487307918e+01   -1.734723475977e-18
     1    4.998261788941e-01   -4.336808689942e-19
     2    4.658348197247e-02   -2.168404344971e-19
     3    3.911932903190e-03   -6.776263578034e-21
     4    4.528298318176e-04   -8.470329472543e-22
     5    4.693734567493e-05    1.058791184068e-22
     6    6.636306230890e-06    6.617444900424e-23
     7    1.022765162570e-06    3.308722450212e-24
     8    1.225950355806e-07   -4.135903062765e-25
     9    1.345655419987e-08    2.067951531383e-25
    10    1.205259504690e-09   -5.169878828456e-26
    11    1.436271280673e-10   -2.584939414228e-26
    12   -4.350565930709e-11   -4.846761401678e-27
    13    4.800899865395e-12   -4.038967834732e-28
    14    2.352198509645e-13    1.009741958683e-28
    15   -7.419278465195e-13   -2.524354896707e-29
    16   -2.332545897450e-13    6.310887241768e-30
    17   -5.180410920264e-14    0.000000000000e+00
    18   -9.117031754907e-15    1.380506584137e-30
    19   -1.632250849706e-15   -1.972152263053e-31
    20    1.801360713656e-16    4.930380657631e-32
    21    5.693436209880e-17   -3.697785493223e-32
    22    3.305130891586e-17    3.081487911020e-33
    23    6.703502053573e-18    5.296307347065e-34
    24    1.429717525166e-18    9.629649721936e-35
    25    3.694723195053e-19    1.203706215242e-35
    26    1.515011265937e-19    3.009265538105e-36
    27    4.166743221120e-20    0.000000000000e+00
    28    1.021816793379e-20    1.880790961316e-37
    29    5.109113121028e-22   -3.526483052467e-38
    30    1.196052381017e-22    1.102025953896e-39
    31    6.898529370448e-23    7.346839692639e-40
    32    3.911210794691e-23   -3.673419846320e-40
    33    7.012587484375e-23    1.836709923160e-39
    34    5.476546701761e-23    0.000000000000e+00
    35   -1.650565198016e-21    1.175494350822e-38
    36   -3.081072344966e-21   -3.761581922631e-37
    37   -2.258451818365e-20   -1.504632769053e-36
    38   -1.082438599459e-19   -1.805559322863e-35
    39   -5.653462247616e-20    0.000000000000e+00
    40    1.837562374906e-18    0.000000000000e+00
    41    4.806483926658e-18   -1.155557966632e-33
    42   -8.109200295012e-18    0.000000000000e+00
    43    4.337968815600e-18    6.162975822039e-33
    44   -1.407018265085e-16    0.000000000000e+00
    45    3.128716967079e-17   -2.465190328816e-32
    46    5.493522651243e-15   -7.888609052210e-31
    47    2.786589060449e-14   -9.860761315263e-31
    48    1.654394826575e-13   -1.262177448354e-29
    49    1.099959110704e-12    0.000000000000e+00
    50    3.638741625279e-12   -2.019483917366e-28
    51    1.915204355615e-11    0.000000000000e+00
    52    1.200674507025e-10   -4.846761401678e-27
    53    5.399034805475e-10    1.615587133893e-27
    54    2.161770605655e-09   -1.033975765691e-25
    55    1.649821075288e-08   -1.033975765691e-25
    56    1.040206766216e-07   -1.654361225106e-24
    57    9.629756230955e-07    6.617444900424e-24
    58    7.510418985885e-06   -5.293955920339e-23
    59    6.113818983605e-05    2.646977960170e-23
    60    5.025802454611e-04    1.270549420881e-21
    61    5.280434747340e-03    0.000000000000e+00
    62    4.992634790566e-02    1.626303258728e-19
    63    5.339661232305e-01    2.602085213965e-18
