     0    1.230136589053e+01    1.387778780781e-17
     1    5.490937198604e-01    8.673617379884e-19
     2    5.447721623293e-02    1.626303258728e-19
     3    6.221067645666e-03   -2.710505431214e-20
     4    7.028372194364e-04    2.541098841763e-21
     5    7.598942548067e-05   -4.235164736272e-22
     6    9.151912914929e-06    0.000000000000e+00
     7    7.694397545270e-07    5.293955920339e-23
     8    1.013873176212e-07    1.323488980085e-23
     9    2.930699561498e-08   -2.481541837659e-24
    10    7.687875330533e-09   -2.584939414228e-25
    11    1.638999595544e-09    0.000000000000e+00
    12    4.977330753284e-10    6.462348535571e-27
    13    1.240753720562e-10    0.000000000000e+00
    14    1.366269160028e-11    0.000000000000e+00
    15    1.035647782689e-11    2.019483917366e-28
    16    1.714811731810e-12   -1.009741958683e-28
    17    5.473299472508e-13   -2.524354896707e-29
    18    1.528587372259e-13    3.155443620884e-30
    19    4.320635297798e-14   -7.888609052210e-31
    20    1.486343295121e-14    0.000000000000e+00
    21    1.113482695910e-15    0.000000000000e+00
    22   -1.035680287164e-16    3.081487911020e-33
    23   -3.706106316376e-17    0.000000000000e+00
    24   -2.455159361868e-18   -1.925929944387e-34
    25    2.498530607248e-18   -1.925929944387e-34
    26    8.500357471151e-19    0.000000000000e+00
    27    3.618585195621e-20    6.018531076210e-36
    28    3.577271716043e-22    3.009265538105e-36
    29   -2.686213635341e-21    0.000000000000e+00
    30    2.024881814785e-22    0.000000000000e+00
    31   -6.831506608935e-22   -5.877471754111e-39
    32   -4.794469746167e-22    2.350988701645e-38
    33   -2.000180577141e-22    1.763241526233e-38
    34    7.704243883553e-22    1.057944915740e-37
    35    1.001279091031e-20   -1.880790961316e-37
    36    3.079116938557e-20    0.000000000000e+00
    37    1.796383119678e-19    6.018531076210e-36
    38    5.123675773813e-19   -2.407412430484e-35
    39    3.771122627807e-18   -4.814824860968e-35
    40    1.514070781737e-17   -9.629649721936e-34
    41    6.284085144322e-17    7.703719777549e-34
    42    2.421649273209e-16    0.000000000000e+00
    43    8.823844878797e-17    1.540743955510e-32
    44   -4.712431001933e-16    1.170965406187e-31
    45   -1.070210644297e-14   -4.930380657631e-31
    46   -2.103283172489e-14   -1.577721810442e-30
    47   -5.683645782592e-14    6.310887241768e-30
    48   -6.701876951622e-14    0.000000000000e+00
    49   -1.363599811057e-12    2.019483917366e-28
    50   -5.175995419430e-12    4.038967834732e-28
    51   -3.060732607048e-11    8.077935669463e-28
    52   -2.204278486434e-10    2.584939414228e-26
    53   -7.051015579322e-10    1.033975765691e-25
    54   -3.240604285091e-10   -3.101927297074e-25
    55    1.324874265865e-08    4.135903062765e-24
    56    2.033249317490e-07    1.323488980085e-23
    57    1.097301112261e-06    1.058791184068e-22
    58    8.788694673493e-06    0.000000000000e+00
    59    6.638595560300e-05   -1.694065894509e-21
    60    4.208425490604e-04    1.694065894509e-21
    61    3.706276808412e-03    0.000000000000e+00
    62    4.294151506184e-02    5.421010862428e-20
    63    5.647636672397e-01    1.734723475977e-18
