     0    1.181678924159e+01   -6.938893903907e-18
     1    5.046576624236e-01    2.168404344971e-19
     2    4.578199769830e-02   -4.065758146821e-20
     3    4.857839976201e-03    0.000000000000e+00
     4    5.232107506268e-04    0.000000000000e+00
     5    6.822142710073e-05   -6.352747104407e-22
     6    9.673317859662e-06   -1.323488980085e-23
     7    1.405640013995e-06   -6.617444900424e-24
     8    2.738871488326e-07    9.926167350636e-24
     9    2.295029174878e-08    0.000000000000e+00
    10    4.110864765661e-09    0.000000000000e+00
    11    1.387160290182e-09    7.754818242685e-26
    12    8.377476583501e-11   -6.462348535571e-27
    13   -4.817032804655e-12    2.019483917366e-28
    14   -2.366309282272e-12   -2.145701662201e-28
    15   -6.980919707101e-13   -2.524354896707e-29
    16   -1.017782689463e-13    1.262177448354e-29
    17   -2.178673032663e-14   -7.099748146989e-30
    18   -7.133217795042e-15   -1.972152263053e-31
    19    4.626685141198e-15    0.000000000000e+00
    20    1.416398907787e-15   -9.860761315263e-32
    21    3.121852959463e-16    2.465190328816e-32
    22    5.400323204987e-17   -6.162975822039e-33
    23    1.314407751720e-17    0.000000000000e+00
    24    1.709450387233e-18   -5.777789833162e-34
    25    9.574843795264e-19   -3.611118645726e-35
    26    2.554766754366e-19    6.018531076210e-36
    27    5.512584567967e-20    0.000000000000e+00
    28    1.384183670054e-20   -3.761581922631e-37
    29    2.453862199970e-21   -4.701977403289e-38
    30    5.568914537739e-23   -1.175494350822e-38
    31   -2.149619641056e-23   -2.938735877056e-39
    32    2.489612299077e-23   -7.346839692639e-40
    33   -1.292889116714e-23    1.469367938528e-39
    34   -1.117010832895e-22   -1.469367938528e-39
    35   -1.643003045904e-22   -8.228460455756e-38
    36   -3.497310527893e-21    4.701977403289e-37
    37   -1.943547078045e-20    0.000000000000e+00
    38   -6.849345447356e-20   -6.018531076210e-36
    39   -2.196659269097e-19    1.203706215242e-35
    40    2.870365603882e-19   -1.083335593718e-34
    41   -1.411126771019e-18   -9.629649721936e-35
    42    6.692203394214e-18    7.703719777549e-34
    43    6.596236640432e-17    0.000000000000e+00
    44    2.479222169179e-16    1.232595164408e-32
    45    3.891083749670e-16    2.218671295934e-31
    46   -5.220346417244e-15    7.888609052210e-31
    47    5.562110708230e-15   -1.577721810442e-30
    48   -5.222651768749e-15    0.000000000000e+00
    49   -1.525683492463e-12   -5.048709793414e-29
    50   -1.668327316076e-12   -7.573064690122e-29
    51    1.548018209700e-11   -8.077935669463e-28
    52    1.872545966110e-10    0.000000000000e+00
    53    1.500775974262e-09   -2.584939414228e-26
    54    6.052556896967e-09   -1.033975765691e-25
    55    3.662631040614e-08    2.067951531383e-25
    56    1.798510438437e-07    4.963083675318e-24
    57    1.028162079807e-06    6.617444900424e-24
    58    6.734366244982e-06    1.124965633072e-22
    59    5.809633444391e-05    0.000000000000e+00
    60    4.497734242904e-04    8.470329472543e-22
    61    4.393313795941e-03    6.776263578034e-21
    62    4.403761260461e-02   -2.710505431214e-20
    63    5.056783366746e-01    1.301042606983e-18
