     0    1.124287875718e+01   -3.469446951954e-18
     1    4.910516102752e-01    1.734723475977e-18
     2    4.848570414065e-02    0.000000000000e+00
     3    4.892287473472e-03    2.710505431214e-20
     4    5.353726359633e-04    0.000000000000e+00
     5    6.133659240941e-05   -4.235164736272e-22
     6    8.772017488811e-06   -1.058791184068e-22
     7    2.018579300737e-06    0.000000000000e+00
     8    3.314914710934e-07    3.308722450212e-24
     9    5.179624955485e-08    2.067951531383e-24
    10    8.046873929334e-09   -4.135903062765e-25
    11    7.272580332212e-10   -2.584939414228e-26
    12   -7.697574956139e-11   -3.231174267785e-27
    13   -9.212054566986e-12    2.423380700839e-27
    14   -5.339603693102e-12   -1.716561329761e-27
    15   -7.483570124685e-13   -7.573064690122e-29
    16   -1.370190069137e-13    5.048709793414e-29
    17   -1.984205411621e-14   -7.888609052210e-30
    18    1.154922456496e-16    6.409494854921e-31
    19   -4.185467737344e-15    2.465190328816e-31
    20   -1.332007452013e-15    8.936314941957e-32
    21   -1.225446589711e-16    3.081487911020e-33
    22   -4.415113410496e-18    7.703719777549e-34
    23    2.036896949216e-18   -1.925929944387e-34
    24    2.435307662179e-19    0.000000000000e+00
    25    1.749486368272e-20    1.278937853695e-35
    26   -1.604376890159e-20    1.504632769053e-36
    27    2.346516486407e-20   -7.523163845263e-37
    28    2.732033653140e-21    0.000000000000e+00
    29   -2.839935250978e-22    3.526483052467e-38
    30   -5.269864552292e-23    1.175494350822e-38
    31   -4.756374186525e-23    8.816207631167e-39
    32   -1.482109180151e-23    0.000000000000e+00
    33   -3.778625719114e-23    0.000000000000e+00
    34   -1.015798452259e-22   -5.877471754111e-39
    35   -7.994993617198e-22    0.000000000000e+00
    36    4.728834764734e-21    9.403954806578e-38
    37    4.651540787526e-20   -3.009265538105e-36
    38    2.948892999279e-19    0.000000000000e+00
    39    1.625236179452e-18    4.814824860968e-35
    40    8.230112986049e-18    0.000000000000e+00
    41   -2.865228829935e-18   -7.703719777549e-34
    42   -7.480245797636e-17    3.081487911020e-33
    43   -1.780017957196e-16   -3.081487911020e-32
    44   -9.122062595128e-16   -2.465190328816e-32
    45   -3.771619729849e-15   -2.465190328816e-31
    46   -3.055745220225e-15   -2.366582715663e-30
    47    1.796947349716e-14   -6.310887241768e-30
    48    2.637337721966e-14   -6.310887241768e-30
    49    7.397993493431e-13   -1.262177448354e-29
    50    2.668217809674e-12   -1.009741958683e-28
    51    1.595444301700e-11    0.000000000000e+00
    52    7.843268858781e-11    9.693522803356e-27
    53    2.478566764410e-10   -5.169878828456e-26
    54    3.020369409083e-09   -1.033975765691e-25
    55    2.853092016373e-08   -8.271806125530e-25
    56    2.052639507771e-07   -4.135903062765e-25
    57    1.539359716246e-06    9.926167350636e-24
    58    1.101704470995e-05    0.000000000000e+00
    59    8.482729516081e-05    0.000000000000e+00
    60    6.226335223521e-04    3.388131789017e-21
    61    5.020117107394e-03   -4.065758146821e-20
    62    4.900632019025e-02    1.084202172486e-19
    63    4.967082619269e-01    0.000000000000e+00
