     0    1.159564115441e+01    2.081668171172e-17
     1    5.643888425622e-01   -5.204170427930e-18
     2    5.340792554084e-02   -2.168404344971e-19
     3    5.005239235356e-03    0.000000000000e+00
     4    5.143269582685e-04    3.388131789017e-21
     5    5.068909511368e-05    2.646977960170e-22
     6    7.379258744959e-06   -2.646977960170e-23
     7    1.224510299594e-06    0.000000000000e+00
     8    1.905269927757e-07   -3.308722450212e-24
     9    2.600776037719e-08   -4.135903062765e-25
    10    2.868974651978e-09    2.584939414228e-26
    11    7.832725971844e-11   -7.754818242685e-26
    12   -1.504429761040e-11    1.454028420503e-26
    13    1.186793623579e-11   -1.615587133893e-27
    14    3.953355002524e-12    0.000000000000e+00
    15   -3.416122125254e-13    0.000000000000e+00
    16   -3.956156368601e-14    1.262177448354e-29
    17    6.985897883879e-14   -1.262177448354e-29
    18    1.893727649314e-14   -1.577721810442e-30
    19    8.778076240431e-15    0.000000000000e+00
    20    1.898977397348e-16    0.000000000000e+00
    21   -2.547441821170e-17    2.465190328816e-32
    22   -3.133465996267e-17    0.000000000000e+00
    23   -1.552730253011e-18   -4.622231866529e-33
    24    3.091763200193e-18   -1.540743955510e-33
    25    7.851579284570e-19    9.629649721936e-35
    26    1.108086818307e-19    2.407412430484e-35
    27    2.595115399969e-20    0.000000000000e+00
    28    1.082376454878e-20   -1.504632769053e-36
    29    1.912888437680e-21    2.821186441973e-37
    30    4.931118633811e-22    0.000000000000e+00
    31    1.664665615022e-22    5.877471754111e-39
    32    1.068557658980e-22    7.346839692639e-39
    33   -1.021455387200e-22    9.550891600431e-39
    34   -7.819078135693e-22   -1.175494350822e-38
    35   -9.209831657007e-22   -9.403954806578e-38
    36    7.030721520899e-21   -1.128474576789e-36
    37    1.255367285726e-21    7.523163845263e-37
    38   -5.210288640789e-21    0.000000000000e+00
    39    8.250372966875e-20    6.018531076210e-36
    40   -6.253188479160e-19    4.814824860968e-35
    41    6.868951470258e-19   -3.851859888774e-34
    42    1.283582124933e-17   -2.118522938826e-33
    43   -1.334622866979e-17    0.000000000000e+00
    44   -3.110592574450e-16   -7.703719777549e-32
    45   -6.917672891006e-16   -4.067564042546e-31
    46   -7.869494176581e-15   -3.944304526105e-31
    47   -3.312263575891e-14   -1.577721810442e-30
    48   -1.945019967128e-13    3.155443620884e-30
    49    7.366082164041e-14    1.893266172530e-29
    50    2.208667506307e-12    2.524354896707e-29
    51    1.258279122865e-11    5.048709793414e-28
    52    1.126947225134e-10    0.000000000000e+00
    53    5.062036661677e-10    1.292469707114e-26
    54    6.200817601416e-09    1.292469707114e-25
    55    3.629187512415e-08    8.271806125530e-25
    56    1.641361527436e-07   -1.654361225106e-24
    57    1.337950958134e-06    9.926167350636e-24
    58    9.271427160308e-06   -1.058791184068e-22
    59    8.639103856742e-05   -2.117582368136e-22
    60    6.694164805310e-04   -5.082197683526e-21
    61    5.653261334631e-03    3.388131789017e-20
    62    5.253737310953e-02    0.000000000000e+00
    63    5.308084306060e-01   -8.673617379884e-19
