     0    1.187316130062e+01    3.469446951954e-18
     1    5.289780465650e-01    0.000000000000e+00
     2    4.760638196461e-02   -1.084202172486e-19
     3    4.231610380375e-03    0.000000000000e+00
     4    5.038966046986e-04   -1.270549420881e-21
     5    5.056457591100e-05    4.235164736272e-22
     6    6.294268968678e-06   -1.323488980085e-23
     7    9.526429408421e-07   -3.308722450212e-24
     8    9.761797904412e-08    3.308722450212e-24
     9    1.756942901732e-08   -1.654361225106e-24
    10    3.114100308512e-09    2.067951531383e-25
    11    7.010665201586e-10   -5.169878828456e-26
    12    2.468101581911e-10   -2.584939414228e-26
    13    3.381970955961e-11    5.048709793414e-27
    14   -1.009354257410e-12    0.000000000000e+00
    15    3.177774433647e-12    0.000000000000e+00
    16    7.746344970088e-13    0.000000000000e+00
    17    1.234441387041e-13    0.000000000000e+00
    18    4.290402348079e-14   -1.577721810442e-30
    19    5.259343965127e-15    3.944304526105e-31
    20   -1.452053801757e-16    0.000000000000e+00
    21    1.659072203975e-16    0.000000000000e+00
    22   -4.518246336234e-18    0.000000000000e+00
    23    1.428095672057e-17    7.703719777549e-34
    24    5.687378262398e-18   -2.166671187436e-34
    25    2.262719037881e-19    2.407412430484e-35
    26   -5.375909213886e-20    0.000000000000e+00
    27    1.935702273762e-20   -1.203706215242e-35
    28    1.297616042117e-20   -7.523163845263e-37
    29    3.578298286902e-21    0.000000000000e+00
    30    6.383906924302e-22    0.000000000000e+00
    31   -5.635428198190e-23   -2.350988701645e-38
    32   -2.113813918623e-22    0.000000000000e+00
    33   -3.819277514740e-22    1.763241526233e-38
    34   -6.334464390119e-22    0.000000000000e+00
    35   -4.580239376101e-21    0.000000000000e+00
    36   -6.682456894635e-22    0.000000000000e+00
    37   -1.892634266015e-20    1.504632769053e-35
    38   -4.774827617530e-19   -5.416677968589e-35
    39   -2.997260737974e-18   -1.925929944387e-34
    40   -6.893594260861e-18    1.155557966632e-33
    41   -1.810539900989e-17   -3.081487911020e-33
    42   -1.594786578858e-16   -1.232595164408e-32
    43   -1.417619771461e-15    1.355854680849e-31
    44   -7.109953723468e-15    2.958228394579e-31
    45   -2.777359842210e-14   -2.761013168274e-30
    46   -2.512646342935e-14    2.958228394579e-31
    47    4.497541223064e-14    5.995342879680e-29
    48    1.189100578950e-12    0.000000000000e+00
    49    5.629242868857e-12   -4.038967834732e-28
    50    1.621139168160e-11   -8.077935669463e-28
    51    9.218487635748e-11    0.000000000000e+00
    52    1.250931019868e-10    0.000000000000e+00
    53    1.619270477744e-10    1.550963648537e-25
    54    1.094945843157e-08    0.000000000000e+00
    55    9.431452859736e-08   -4.135903062765e-25
    56    7.247226274099e-07    3.308722450212e-24
    57    3.752066224413e-06   -2.646977960170e-23
    58    2.279571023982e-05    0.000000000000e+00
    59    1.321066481431e-04   -1.058791184068e-22
    60    7.395955295759e-04   -1.694065894509e-21
    61    5.880930082521e-03    1.355252715607e-20
    62    5.550048492520e-02    1.084202172486e-19
    63    5.272491544923e-01    0.000000000000e+00
