     0    1.132419373394e+01    1.734723475977e-17
     1    5.232435359546e-01   -2.168404344971e-19
     2    4.954293128417e-02    1.084202172486e-19
     3    4.952950273061e-03    6.776263578034e-21
     4    5.066908106979e-04   -1.694065894509e-21
     5    6.023897899864e-05    2.117582368136e-22
     6    7.888042586344e-06    5.293955920339e-23
     7    1.146079822655e-06    0.000000000000e+00
     8    1.247419674537e-07    3.308722450212e-24
     9    1.377863388225e-08    4.135903062765e-25
    10    1.822435069970e-09   -1.550963648537e-25
    11    3.975272349652e-10   -2.584939414228e-26
    12   -4.443721695009e-12    3.231174267785e-27
    13   -1.146103162689e-11    3.231174267785e-27
    14   -3.060439415691e-12    0.000000000000e+00
    15   -1.575450619850e-13    5.048709793414e-29
    16    9.300784488570e-15    0.000000000000e+00
    17    3.581075951093e-14   -3.155443620884e-30
    18    4.359072666853e-15    0.000000000000e+00
    19   -4.784842603955e-16   -1.972152263053e-31
    20    2.722332272121e-17    0.000000000000e+00
    21    1.601010446892e-16   -1.232595164408e-32
    22    6.964690058450e-17    0.000000000000e+00
    23    1.767700666903e-17   -1.925929944387e-33
    24    1.512198296120e-18   -1.925929944387e-34
    25    1.568925912603e-19    1.444447458290e-34
    26   -8.774393575433e-20   -6.770847460736e-36
    27    1.185214157472e-20   -6.018531076210e-36
    28    3.402395395460e-22   -3.761581922631e-37
    29   -1.740842083855e-21   -5.407274013783e-37
    30    6.177330138103e-22   -2.350988701645e-38
    31    1.679081695614e-22   -2.938735877056e-39
    32    2.978007623781e-23    5.877471754111e-39
    33    7.506917448176e-23   -2.938735877056e-39
    34    4.500383257737e-22   -5.877471754111e-38
    35    2.035870113136e-21    0.000000000000e+00
    36    9.706253790644e-21   -1.410593220987e-36
    37    1.914210777257e-20   -3.009265538105e-36
    38    1.093249305430e-19    0.000000000000e+00
    39    1.630373326084e-19    4.814824860968e-35
    40    1.839881018186e-18    9.629649721936e-35
    41    1.551228764730e-17    1.925929944387e-34
    42    5.657883389499e-17   -8.474091755304e-33
    43    8.937692771752e-17    9.244463733059e-33
    44    1.427161070319e-17    2.157041537714e-32
    45    4.794155973784e-16   -4.930380657631e-32
    46   -1.601046183138e-15   -2.958228394579e-31
    47    3.413117353076e-14   -1.577721810442e-30
    48    2.301256392294e-13   -1.262177448354e-29
    49    1.846072364478e-12    0.000000000000e+00
    50    4.955162163381e-12   -2.019483917366e-28
    51    2.060933508193e-11   -2.827277484312e-27
    52    5.704137573757e-11   -2.423380700839e-27
    53    8.746958549172e-10   -6.462348535571e-26
    54    3.948471086176e-09    1.292469707114e-26
    55    1.656182715098e-08   -2.067951531383e-25
    56    1.563632513291e-07    8.271806125530e-25
    57    9.454815793455e-07   -1.654361225106e-24
    58    9.484053690600e-06   -1.852884572119e-22
    59    8.729543765013e-05    7.411538288475e-22
    60    6.637082850774e-04   -7.623296525289e-21
    61    4.944162540359e-03    0.000000000000e+00
    62    4.751122341357e-02   -1.084202172486e-19
    63    4.873548869786e-01   -4.336808689942e-19
