     0    1.156120111104e+01    1.387778780781e-17
     1    4.904228044187e-01    1.301042606983e-18
     2    4.236314745517e-02    2.710505431214e-20
     3    4.613020375629e-03    5.421010862428e-20
     4    4.790100790364e-04    6.776263578034e-21
     5    5.150472289981e-05   -1.058791184068e-22
     6    6.681199691913e-06    2.646977960170e-23
     7    1.063878754929e-06    2.915811659249e-23
     8    1.885870049483e-07    3.618915179919e-24
     9    2.865665793943e-08    5.169878828456e-26
    10    2.310339568441e-09   -2.067951531383e-25
    11    4.730212218781e-10    2.908056841007e-26
    12    8.336393464977e-11   -4.846761401678e-27
    13    2.361220862195e-11    2.524354896707e-28
    14    4.936892134200e-12    1.514612938024e-28
    15    7.880924610460e-13   -1.262177448354e-29
    16    1.083497944472e-13    2.524354896707e-29
    17    1.375542333317e-14   -3.944304526105e-30
    18   -3.346454618361e-15    1.972152263053e-31
    19   -1.258932721655e-15    4.930380657631e-32
    20   -1.465751118552e-16    3.697785493223e-32
    21    8.148158743753e-19   -9.244463733059e-33
    22   -2.038406332166e-18    0.000000000000e+00
    23   -5.992899480856e-19    2.648153673532e-34
    24    1.559208135200e-18   -2.407412430484e-35
    25    3.894107308997e-19    2.407412430484e-35
    26    4.252662374313e-20    4.513898307158e-36
    27    1.540266880431e-20   -3.761581922631e-37
    28    6.093820006269e-21   -9.403954806578e-38
    29    1.321861394777e-21   -2.350988701645e-38
    30    1.663833838126e-22    1.175494350822e-38
    31    1.221978994666e-22   -5.877471754111e-39
    32    2.151610629787e-22   -1.469367938528e-39
    33    3.508705605313e-22    4.995850990995e-38
    34    9.589306977677e-22   -1.175494350822e-38
    35   -1.289596937042e-21   -8.228460455756e-38
    36   -1.225918603801e-20   -4.701977403289e-38
    37   -4.689138131644e-21   -6.770847460736e-36
    38   -5.641986190020e-20    1.203706215242e-35
    39   -3.144393382857e-18    1.203706215242e-34
    40   -1.504723346047e-17   -4.333342374871e-34
    41    3.201650253049e-18   -2.311115933265e-33
    42    1.146637010962e-16    9.244463733059e-33
    43    8.697618967306e-16   -2.465190328816e-32
    44    2.955075146726e-15    4.930380657631e-32
    45    7.739668697066e-15   -3.944304526105e-31
    46    2.650633628539e-14    0.000000000000e+00
    47    9.919095158426e-14    2.366582715663e-30
    48    1.103496744900e-13   -1.893266172530e-29
    49   -1.445619279159e-12    7.573064690122e-29
    50    2.384468911069e-12    5.048709793414e-28
    51    2.419870963214e-12   -2.423380700839e-27
    52    1.601545633194e-10    2.423380700839e-27
    53    1.239953399788e-09    0.000000000000e+00
    54    1.020721698478e-08   -1.550963648537e-25
    55    5.005253325606e-08   -4.135903062765e-25
    56    2.553325992933e-07   -4.963083675318e-24
    57    1.488202622008e-06    2.646977960170e-23
    58    1.028226727285e-05    1.058791184068e-22
    59    7.157237873428e-05   -4.235164736272e-22
    60    6.769888314935e-04    5.082197683526e-21
    61    6.028537121547e-03    0.000000000000e+00
    62    5.009331086821e-02    2.168404344971e-19
    63    4.796685097417e-01    8.673617379884e-19
