     0    1.150934348703e+01   -8.673617379884e-18
     1    5.310684110149e-01    1.138412281110e-18
     2    5.100164399483e-02   -2.439454888092e-19
     3    6.067821318453e-03    6.776263578034e-21
     4    7.366035116020e-04    5.082197683526e-21
     5    1.070656480824e-04   -8.470329472543e-22
     6    1.883040989939e-05    5.293955920339e-23
     7    1.538310834612e-06    1.323488980085e-23
     8    1.252059495029e-07   -8.271806125530e-25
     9    1.718194153567e-08   -2.067951531383e-25
    10    2.069774268163e-09    2.584939414228e-26
    11    3.621731491920e-11   -1.938704560671e-26
    12   -1.852857529288e-11   -8.077935669463e-28
    13    3.581136703515e-12   -8.077935669463e-28
    14    2.509544164282e-12    6.058451752097e-28
    15    8.577607971129e-13    0.000000000000e+00
    16   -8.431014921846e-14   -1.262177448354e-29
    17    1.252684274789e-13    1.183291357832e-30
    18    2.517641785720e-14    1.972152263053e-31
    19   -4.463292690027e-16   -3.944304526105e-31
    20   -4.575511001335e-16    0.000000000000e+00
    21   -3.460345947026e-17    0.000000000000e+00
    22   -2.158829739088e-17    7.703719777549e-34
    23   -4.730841103788e-18   -3.851859888774e-34
    24   -1.453622854581e-18    0.000000000000e+00
    25   -1.309237627873e-19    0.000000000000e+00
    26    8.430468142031e-20   -3.009265538105e-36
    27   -5.824979536895e-21   -4.513898307158e-36
    28   -3.467755108254e-21    1.880790961316e-37
    29   -3.763479204594e-21   -9.403954806578e-38
    30   -7.508538906229e-22    1.175494350822e-38
    31   -8.195176526419e-23   -7.346839692639e-39
    32   -8.811192679298e-23    4.408103815584e-39
    33   -1.336648441923e-22    5.877471754111e-39
    34    2.730735410820e-23    1.175494350822e-38
    35    1.789560374367e-22   -5.877471754111e-38
    36   -1.907298579040e-22   -9.403954806578e-38
    37   -5.240100435254e-21   -7.523163845263e-37
    38   -4.247931405168e-20    1.504632769053e-36
    39   -1.974265128080e-19   -6.018531076210e-36
    40    2.336861231231e-19   -8.425943506694e-35
    41   -7.884371652607e-19   -4.333342374871e-34
    42    2.672721276233e-18    2.311115933265e-33
    43    1.220059528641e-16    4.622231866529e-33
    44    5.172810031037e-16    0.000000000000e+00
    45    1.945199951724e-15   -9.860761315263e-32
    46    1.475611091193e-15    1.479114197289e-31
    47   -6.123805285722e-15    1.972152263053e-31
    48    9.930510376409e-15    4.733165431326e-30
    49   -3.055077762402e-14    7.888609052210e-31
    50    1.409606376106e-12   -7.573064690122e-29
    51    2.447375492389e-13    2.019483917366e-28
    52    4.598343199375e-11    8.077935669463e-28
    53    4.651876108032e-10   -3.231174267785e-27
    54    4.007533446850e-09    6.462348535571e-27
    55    2.454266653368e-08   -2.067951531383e-25
    56    1.413445548087e-07    0.000000000000e+00
    57    9.672905653765e-07    3.308722450212e-24
    58    6.888113723841e-06    3.308722450212e-23
    59    5.379436357581e-05    0.000000000000e+00
    60    4.482448588081e-04   -8.470329472543e-22
    61    4.214917098394e-03    1.355252715607e-20
    62    4.180534503747e-02   -2.168404344971e-19
    63    5.052106912333e-01   -8.673617379884e-19
