     0    1.181242866123e+01   -6.938893903907e-18
     1    5.206798725908e-01   -4.336808689942e-19
     2    5.074570104365e-02    1.626303258728e-19
     3    5.927036610179e-03    0.000000000000e+00
     4    7.282127472962e-04   -2.541098841763e-21
     5    8.192463455947e-05   -1.058791184068e-22
     6    1.154538734025e-05    5.293955920339e-23
     7    1.928129431857e-06   -2.646977960170e-23
     8    3.293573375602e-07   -1.654361225106e-24
     9    4.087416552239e-08    6.203854594148e-25
    10    6.862934567074e-09    5.169878828456e-26
    11    1.030291875836e-09    0.000000000000e+00
    12    1.790688334399e-10    6.462348535571e-27
    13    7.906406528962e-12   -8.077935669463e-28
    14   -4.110153617790e-13   -1.009741958683e-28
    15    2.908029190498e-13    0.000000000000e+00
    16    7.876445035965e-14   -1.262177448354e-29
    17    2.981936670477e-14   -1.577721810442e-30
    18    1.019120474872e-14   -4.930380657631e-32
    19    1.252358977483e-15   -1.355854680849e-31
    20    1.294758353418e-16    0.000000000000e+00
    21   -9.940007544204e-18   -7.703719777549e-34
    22    5.821565451773e-18    3.851859888774e-34
    23    1.013917825902e-17   -1.925929944387e-34
    24    1.499603206120e-18    0.000000000000e+00
    25    1.684530368364e-19    6.018531076210e-36
    26   -1.593532724778e-20    3.009265538105e-36
    27   -2.058008259701e-20    0.000000000000e+00
    28   -3.558722609476e-21    2.821186441973e-37
    29   -1.101188952861e-21   -1.175494350822e-38
    30   -4.783793141693e-22    1.175494350822e-38
    31   -2.303905671415e-22   -1.175494350822e-38
    32    6.625035691012e-23    5.877471754111e-39
    33    2.208284035023e-22   -1.175494350822e-38
    34    3.753498904907e-22   -2.350988701645e-37
    35    1.762689050135e-21   -7.523163845263e-37
    36    7.004938164655e-21   -1.504632769053e-36
    37   -6.495703594666e-20    0.000000000000e+00
    38   -1.505696368213e-19    0.000000000000e+00
    39   -5.279591090951e-19   -9.629649721936e-34
    40   -8.643367616524e-18    0.000000000000e+00
    41   -4.896404654396e-17    2.426671729928e-32
    42   -1.480012819494e-16   -3.081487911020e-33
    43   -1.053535249530e-16   -6.162975822039e-32
    44    6.360357917335e-16    9.860761315263e-32
    45    2.093637704922e-15   -2.366582715663e-30
    46   -1.263244915672e-14   -1.577721810442e-30
    47    5.482896427004e-14    0.000000000000e+00
    48    5.298141239462e-13   -1.262177448354e-29
    49    1.040825563465e-12   -3.029225876049e-28
    50    4.018193391067e-12    1.211690350419e-27
    51    2.427543176203e-11   -1.615587133893e-27
    52    2.534462282041e-10    6.462348535571e-27
    53    2.186520558975e-09    1.033975765691e-25
    54    1.160784824953e-08    0.000000000000e+00
    55    3.638940782723e-08    0.000000000000e+00
    56    2.418919096094e-07   -6.617444900424e-24
    57    1.786273174889e-06    2.646977960170e-23
    58    1.311631520004e-05    2.117582368136e-22
    59    7.999691069091e-05   -8.470329472543e-22
    60    5.206753811836e-04    0.000000000000e+00
    61    5.156505744983e-03   -2.710505431214e-20
    62    5.787692436621e-02    0.000000000000e+00
    63    5.813016610415e-01    1.734723475977e-18
