     0    1.197995051681e+01    8.673617379884e-18
     1    5.453687822276e-01    0.000000000000e+00
     2    5.404429020712e-02    0.000000000000e+00
     3    4.833283583609e-03    0.000000000000e+00
     4    4.258675686535e-04    0.000000000000e+00
     5    4.414860070060e-05   -1.058791184068e-21
     6    4.706730374150e-06    3.970466940255e-23
     7    7.009644024917e-07    0.000000000000e+00
     8    1.109288939975e-07    4.135903062765e-25
     9    1.542390135218e-08    4.135903062765e-25
    10    2.706052507208e-09   -5.169878828456e-26
    11    3.335140159157e-10    2.584939414228e-26
    12    8.388602092250e-11    6.462348535571e-27
    13    3.494738321753e-12   -1.615587133893e-27
    14   -1.512640884071e-12   -4.038967834732e-28
    15   -3.113035009179e-13   -5.048709793414e-29
    16    3.909010204994e-14    9.466330862652e-30
    17    6.485704447018e-15    3.155443620884e-30
    18   -2.755930058281e-15    3.944304526105e-31
    19   -6.168026809060e-17    3.944304526105e-31
    20   -4.465737264711e-17   -1.232595164408e-32
    21    1.019982826654e-16    1.848892746612e-32
    22    5.365869908894e-17    3.081487911020e-33
    23    1.082544379376e-17   -7.703719777549e-34
    24    1.397405581350e-19    2.407412430484e-35
    25   -4.920983542803e-19    1.203706215242e-34
    26    1.416050984996e-19    0.000000000000e+00
    27    2.914791071179e-20   -3.009265538105e-36
    28    9.845393876802e-21    0.000000000000e+00
    29   -2.053424047764e-22    0.000000000000e+00
    30    2.338588863456e-22    2.350988701645e-38
    31    9.640090135342e-23   -5.877471754111e-39
    32   -5.173412429744e-23    0.000000000000e+00
    33   -9.832415155909e-23   -1.469367938528e-39
    34   -4.225235313361e-23   -2.938735877056e-39
    35   -6.982984248900e-22    2.350988701645e-38
    36   -2.236782017962e-21    2.586087571809e-37
    37   -4.186282838121e-21    7.523163845263e-37
    38   -5.971413532762e-20    3.009265538105e-36
    39    8.473925669403e-21    6.018531076210e-36
    40   -3.397964502607e-19   -4.814824860968e-35
    41    3.840276051047e-18   -1.925929944387e-34
    42    1.841481623953e-19   -1.540743955510e-33
    43   -6.340959441660e-17   -1.232595164408e-32
    44   -4.183658323852e-16    2.465190328816e-32
    45   -1.653456354629e-15   -1.972152263053e-31
    46    2.279052722663e-15   -1.972152263053e-31
    47    2.160489997613e-14   -3.155443620884e-30
    48    1.181745192843e-13    7.888609052210e-31
    49    3.948395845469e-13    0.000000000000e+00
    50    2.052608825455e-12    1.514612938024e-28
    51    1.587948216999e-11   -6.058451752097e-28
    52    8.991627882373e-11   -2.423380700839e-27
    53    5.977836345564e-10    1.292469707114e-26
    54    6.358948473052e-09    0.000000000000e+00
    55    4.044179646309e-08    8.271806125530e-25
    56    2.414360862529e-07   -3.308722450212e-24
    57    1.368477390476e-06    1.323488980085e-23
    58    8.800155691540e-06    1.058791184068e-22
    59    7.479190324111e-05    4.235164736272e-22
    60    6.566040702841e-04    1.355252715607e-20
    61    6.255274877103e-03   -2.710505431214e-20
    62    5.727767634929e-02    1.084202172486e-19
    63    5.403651119869e-01    0.000000000000e+00
