     0    1.144517713314e+01    6.938893903907e-18
     1    5.108425775686e-01    1.734723475977e-18
     2    4.704944059568e-02   -2.168404344971e-19
     3    4.576968959766e-03    4.065758146821e-20
     4    5.506830592912e-04    4.235164736272e-22
     5    8.192800266351e-05   -2.117582368136e-22
     6    1.097405752383e-05   -1.058791184068e-22
     7    1.546227701169e-06    6.617444900424e-24
     8    2.048207008866e-07    3.308722450212e-24
     9    3.455314292424e-08    8.271806125530e-25
    10    6.891462359493e-09    0.000000000000e+00
    11    7.933560555035e-10    5.169878828456e-26
    12    1.238292687561e-10    1.454028420503e-26
    13    2.496180534557e-11    4.846761401678e-27
    14    8.222072564325e-12   -1.615587133893e-27
    15    1.527451436401e-12   -2.019483917366e-28
    16    3.005929132723e-13    5.048709793414e-29
    17    2.982957230895e-13    1.262177448354e-29
    18    8.551332033874e-14   -1.577721810442e-30
    19    2.047762620612e-14   -3.944304526105e-31
    20    1.645312455034e-15    0.000000000000e+00
    21    1.316440956838e-16    6.162975822039e-33
    22   -4.505198099702e-17    1.540743955510e-33
    23    1.520059302266e-18    7.703719777549e-34
    24    1.216352665709e-18   -9.629649721936e-35
    25    3.544831477559e-19    9.629649721936e-35
    26    2.395499725612e-19    3.009265538105e-36
    27   -6.962940406439e-20    0.000000000000e+00
    28   -3.010388187545e-20   -1.504632769053e-36
    29   -8.381753426318e-21    0.000000000000e+00
    30   -1.441205644201e-21   -9.403954806578e-38
    31   -1.593886007437e-22    1.175494350822e-38
    32   -8.878349842528e-23    0.000000000000e+00
    33    2.885762965470e-24   -2.204051907792e-39
    34    1.161324985323e-22    2.938735877056e-39
    35    4.746714898929e-22    7.052966104934e-38
    36   -2.986027643886e-21    0.000000000000e+00
    37   -1.066397953713e-20   -1.504632769053e-36
    38   -2.106495969219e-20    1.504632769053e-36
    39   -1.469358843536e-20   -3.611118645726e-35
    40    5.748069699456e-19    0.000000000000e+00
    41    6.540915583835e-18    3.851859888774e-34
    42   -9.923453449833e-18    1.540743955510e-33
    43   -1.712989809233e-16    0.000000000000e+00
    44   -5.816132982084e-16   -2.465190328816e-32
    45   -6.772736591472e-15   -3.944304526105e-31
    46   -3.116038163991e-14    7.888609052210e-31
    47   -3.806800194542e-14   -9.466330862652e-30
    48    3.361763701490e-14    1.893266172530e-29
    49   -1.408554169446e-13   -1.009741958683e-28
    50    3.007046161577e-12    1.009741958683e-28
    51    1.575138981199e-11   -8.077935669463e-28
    52    4.569070830578e-11    0.000000000000e+00
    53    1.122226287500e-10    0.000000000000e+00
    54    1.343774355180e-09    1.550963648537e-25
    55    7.624282652351e-09   -8.271806125530e-25
    56    1.019007355094e-07    0.000000000000e+00
    57    7.149084051116e-07   -3.308722450212e-24
    58    5.644512215290e-06    7.940933880509e-23
    59    4.321600194629e-05    3.705769144238e-22
    60    4.066678462350e-04   -2.117582368136e-22
    61    3.660079579734e-03    0.000000000000e+00
    62    4.289117174002e-02   -1.084202172486e-19
    63    4.931693319474e-01   -8.673617379884e-19
