     0    1.141662231213e+01   -1.734723475977e-18
     1    5.198305453042e-01    0.000000000000e+00
     2    5.274563475606e-02   -1.084202172486e-19
     3    5.658810204593e-03    6.776263578034e-21
     4    7.156892636128e-04    5.082197683526e-21
     5    9.439097390348e-05   -8.470329472543e-22
     6    1.200537343413e-05    1.058791184068e-22
     7    1.952058100477e-06    5.293955920339e-23
     8    1.975571137259e-07    4.135903062765e-24
     9    3.118496515817e-08   -1.654361225106e-24
    10    5.964166815208e-09   -8.271806125530e-25
    11    1.515399460175e-09    0.000000000000e+00
    12    2.154005128333e-10    0.000000000000e+00
    13    5.932405044936e-11    8.077935669463e-28
    14    1.095142358926e-11   -9.087677628146e-28
    15    3.289456748767e-12   -3.534096855390e-28
    16    6.611573026606e-13   -5.048709793414e-29
    17    1.039391338894e-13    1.577721810442e-29
    18    2.651689037838e-14   -3.155443620884e-30
    19    7.662013531717e-15    3.944304526105e-31
    20    2.310778210277e-15    9.860761315263e-32
    21   -3.931588741347e-17    1.232595164408e-32
    22    7.439136662338e-17    4.622231866529e-33
    23    2.399539106041e-17    3.851859888774e-33
    24    3.718812095481e-18   -2.166671187436e-34
    25    1.089581649094e-18    6.018531076210e-35
    26    1.106153487855e-19    3.009265538105e-35
    27   -1.312377926096e-20    0.000000000000e+00
    28   -2.143318260816e-20   -3.761581922631e-37
    29   -1.865137161073e-21   -9.403954806578e-37
    30    1.930841303800e-21    1.410593220987e-37
    31    6.226248699876e-22    7.052966104934e-38
    32    2.036838180657e-22    1.175494350822e-38
    33    5.564149965765e-23    2.938735877056e-39
    34   -9.416327316689e-24   -2.938735877056e-39
    35   -5.294064571784e-22    5.877471754111e-39
    36    1.253020765173e-21    0.000000000000e+00
    37   -5.195394425727e-21    1.504632769053e-36
    38   -5.528295501134e-20   -1.504632769053e-36
    39   -2.959972733911e-19   -2.407412430484e-35
    40   -1.116629861978e-18    4.814824860968e-35
    41   -7.216305240448e-18    0.000000000000e+00
    42   -3.315644606328e-17   -3.081487911020e-33
    43    1.095883170309e-16    1.232595164408e-32
    44    5.775153870364e-16    4.930380657631e-32
    45    2.201731815352e-15   -1.232595164408e-32
    46   -2.002785039118e-15    3.944304526105e-31
    47   -4.892904061156e-14    0.000000000000e+00
    48   -8.556735647642e-14    0.000000000000e+00
    49    2.415068952365e-12    2.524354896707e-29
    50    1.953627334713e-11    0.000000000000e+00
    51    6.151135857349e-11    1.211690350419e-27
    52    2.509678874816e-10    3.231174267785e-27
    53    1.007123865699e-09    1.615587133893e-26
    54    5.484368391412e-09    5.169878828456e-26
    55    3.235770784744e-08   -1.033975765691e-25
    56    2.000182868903e-07   -3.722312756489e-24
    57    1.621703849386e-06   -3.308722450212e-24
    58    1.214451642989e-05    5.293955920339e-23
    59    7.713309582162e-05    2.117582368136e-22
    60    6.895756014378e-04    1.694065894509e-21
    61    5.882377474491e-03    1.355252715607e-20
    62    4.847247599145e-02   -1.084202172486e-19
    63    5.129054463020e-01    1.301042606983e-18
