     0    1.225891012406e+01    0.000000000000e+00
     1    5.883171908697e-01   -3.577867169202e-18
     2    5.585230546679e-02   -1.219727444046e-19
     3    4.997922945452e-03   -6.776263578034e-21
     4    5.165643678596e-04    1.694065894509e-21
     5    6.501042076275e-05   -2.117582368136e-22
     6    9.802092768288e-06   -5.293955920339e-23
     7    1.343799793195e-06   -5.293955920339e-23
     8    1.869660145037e-07    0.000000000000e+00
     9    1.922757794989e-08    6.203854594148e-25
    10    2.569933619089e-09    5.169878828456e-26
    11    9.837981669627e-10   -2.584939414228e-26
    12    1.458569576480e-10   -3.231174267785e-27
    13    5.492894824893e-12   -4.038967834732e-28
    14   -4.248110088093e-13   -2.019483917366e-28
    15   -8.970589568196e-13   -4.417621069238e-29
    16   -9.992038665303e-14    1.183291357832e-29
    17    3.541309991977e-14    3.155443620884e-30
    18    1.611497794483e-14   -3.944304526105e-31
    19    2.355296032868e-15   -4.437342591868e-31
    20    5.526955678965e-16    2.465190328816e-32
    21    2.173869640196e-17    0.000000000000e+00
    22   -3.140888060216e-18   -1.540743955510e-33
    23    6.348195881735e-18    0.000000000000e+00
    24    1.257089919227e-18    0.000000000000e+00
    25   -2.238667361726e-19    0.000000000000e+00
    26   -9.825762345077e-20   -6.018531076210e-35
    27    8.217085469969e-21   -1.880790961316e-36
    28    7.210161133106e-21    3.761581922631e-37
    29    1.155039129584e-21   -2.350988701645e-38
    30   -1.142784641377e-22    2.497925495497e-38
    31   -8.727838812487e-23    0.000000000000e+00
    32   -3.227140893328e-23   -4.408103815584e-39
    33   -2.095772768977e-22    6.244813738743e-39
    34   -4.773262812704e-22    0.000000000000e+00
    35   -1.788805722392e-21   -1.410593220987e-37
    36   -6.634500837737e-21   -3.761581922631e-37
    37   -2.418358164397e-20    2.256949153579e-36
    38   -1.418881218869e-19    0.000000000000e+00
    39   -4.032877906494e-19   -6.018531076210e-36
    40   -3.888855518010e-19    4.814824860968e-35
    41   -5.267712673099e-18    2.407412430484e-35
    42   -1.540838773281e-17    3.851859888774e-34
    43   -8.701595063255e-17   -3.081487911020e-33
    44   -5.729701217262e-16    0.000000000000e+00
    45   -2.483170347457e-15    2.465190328816e-31
    46   -4.554748362674e-15   -5.916456789158e-31
    47    2.107144563424e-15    0.000000000000e+00
    48    3.182649225178e-14    0.000000000000e+00
    49   -3.208747409883e-13    0.000000000000e+00
    50    2.887457893163e-12    4.038967834732e-28
    51    4.137119841324e-11   -1.615587133893e-27
    52    1.358923616339e-10    6.462348535571e-27
    53    1.035664130954e-09    2.584939414228e-26
    54    6.106100249592e-09   -2.067951531383e-25
    55    4.060835397974e-08   -1.654361225106e-24
    56    2.593355347246e-07    0.000000000000e+00
    57    1.447236677869e-06   -3.970466940255e-23
    58    1.217570506054e-05    2.117582368136e-22
    59    9.164325010617e-05   -8.470329472543e-22
    60    6.955979473470e-04    2.541098841763e-21
    61    5.610876973370e-03    6.776263578034e-21
    62    5.650960886435e-02    2.981555974335e-19
    63    5.711588580139e-01   -2.168404344971e-18
