     0    1.172339618049e+01    1.734723475977e-18
     1    5.031093073957e-01    2.602085213965e-18
     2    5.217923047107e-02    3.252606517457e-19
     3    5.635570460346e-03    1.694065894509e-21
     4    6.131564541711e-04   -1.694065894509e-21
     5    7.299248065706e-05   -7.411538288475e-22
     6    8.338597839325e-06    2.249931266144e-22
     7    9.009320737824e-07   -1.323488980085e-23
     8    1.901891203059e-07    0.000000000000e+00
     9    3.218088867193e-08   -2.584939414228e-26
    10    1.096935803894e-08    2.067951531383e-25
    11    2.322329799245e-09    0.000000000000e+00
    12    6.920705157766e-10   -2.584939414228e-26
    13    1.762447338567e-10   -1.615587133893e-27
    14    2.586538739955e-11   -1.514612938024e-27
    15    3.839987256137e-12   -5.553580772756e-28
    16    3.669077878859e-13   -2.524354896707e-29
    17    4.933986616418e-14    0.000000000000e+00
    18    1.262283574385e-14    4.930380657631e-32
    19    1.136159241559e-17   -6.656013887802e-31
    20   -1.085156364384e-15   -7.395570986447e-32
    21   -8.962478396837e-17    0.000000000000e+00
    22   -1.628367462578e-17   -1.540743955510e-33
    23   -1.008370576956e-17   -1.155557966632e-33
    24   -1.383261189399e-18    5.777789833162e-34
    25   -4.109082146522e-19   -2.166671187436e-34
    26   -3.681730965826e-19    1.203706215242e-35
    27   -1.121732029812e-19    1.278937853695e-35
    28   -2.352753130022e-20    9.403954806578e-37
    29   -5.816455606531e-21    1.880790961316e-37
    30   -7.299147600594e-22   -1.175494350822e-38
    31   -2.839575804741e-22    0.000000000000e+00
    32   -1.964904073855e-23    5.877471754111e-39
    33    2.935346362647e-23    2.938735877056e-39
    34   -1.144213216411e-22    0.000000000000e+00
    35   -3.365404164109e-22    1.175494350822e-37
    36   -7.335318940892e-21    3.761581922631e-37
    37   -3.189650320006e-21    3.009265538105e-36
    38    2.044995554629e-20   -9.027796614315e-36
    39    1.001478080444e-18    0.000000000000e+00
    40   -9.703316662303e-19    0.000000000000e+00
    41   -1.626522380040e-17   -1.155557966632e-33
    42    1.060187823534e-16   -3.081487911020e-33
    43    4.006154788935e-16    1.232595164408e-32
    44    1.452587117374e-15    2.465190328816e-32
    45    2.001801263708e-15   -1.972152263053e-31
    46   -2.678696069790e-14   -3.155443620884e-30
    47   -5.895992176710e-14    3.155443620884e-30
    48    1.077996654595e-16    6.310887241768e-30
    49   -2.588104324175e-13    0.000000000000e+00
    50    2.282137689808e-12   -8.077935669463e-28
    51    1.733659867197e-11    4.038967834732e-28
    52    7.144360269213e-11    0.000000000000e+00
    53    2.572151478729e-10    2.584939414228e-26
    54    4.148463863501e-10   -5.169878828456e-26
    55    1.752624222719e-08    0.000000000000e+00
    56    6.581260640130e-08    4.135903062765e-25
    57    4.851473468906e-07   -6.617444900424e-24
    58    5.146582045590e-06    5.293955920339e-23
    59    5.618395388211e-05   -6.352747104407e-22
    60    5.761672488025e-04   -8.470329472543e-22
    61    5.097467955193e-03    3.388131789017e-21
    62    5.387464770611e-02    1.626303258728e-19
    63    5.218767058500e-01   -4.336808689942e-19
