     0    1.144644708137e+01    0.000000000000e+00
     1    4.981404604413e-01   -6.505213034913e-19
     2    4.580598311989e-02    9.486769009248e-20
     3    4.760200972139e-03    6.776263578034e-21
     4    6.126965046694e-04   -3.388131789017e-21
     5    7.156452802237e-05    8.470329472543e-22
     6    7.676697810362e-06    2.117582368136e-22
     7    8.377813288466e-07    1.323488980085e-23
     8    9.031554629498e-08    0.000000000000e+00
     9    1.019242374296e-08    8.271806125530e-25
    10   -7.182139701070e-10    6.203854594148e-25
    11   -9.466834823690e-11    1.550963648537e-25
    12    7.330428890517e-11    0.000000000000e+00
    13   -1.169055826988e-11    0.000000000000e+00
    14    1.996129897031e-12   -3.231174267785e-27
    15    3.108988885425e-13    0.000000000000e+00
    16   -1.245837069372e-13    2.524354896707e-29
    17   -6.094638005990e-14   -6.310887241768e-30
    18   -3.333540185114e-14   -4.733165431326e-30
    19   -4.293036856057e-15    1.183291357832e-30
    20   -2.990815781333e-15    0.000000000000e+00
    21   -4.468903976417e-16   -7.395570986447e-32
    22   -3.811204388519e-17   -1.540743955510e-33
    23   -1.026111722445e-17   -3.851859888774e-34
    24   -1.449882674333e-18   -2.407412430484e-34
    25   -5.644449550787e-19    7.222237291452e-35
    26   -3.878207318853e-20    3.009265538105e-36
    27   -1.001973223791e-19    7.523163845263e-36
    28   -2.175007811482e-20    1.880790961316e-36
    29   -5.030236554137e-21   -3.761581922631e-37
    30    9.251456374109e-22    4.701977403289e-38
    31    9.597542491408e-22    4.701977403289e-38
    32    2.707625580250e-22   -2.350988701645e-38
    33    1.504133931235e-22    2.350988701645e-38
    34    2.470427859489e-23   -2.350988701645e-38
    35   -2.863006383127e-22    7.052966104934e-38
    36    2.433524620655e-21   -9.403954806578e-38
    37    7.709816429246e-21   -3.761581922631e-36
    38   -3.510527287453e-20    9.027796614315e-36
    39   -8.223575103462e-20   -1.805559322863e-35
    40    1.161073277048e-19    0.000000000000e+00
    41    2.472283332376e-18    2.888894916581e-34
    42    3.798320182848e-17   -1.925929944387e-33
    43    5.405446034183e-17    6.162975822039e-33
    44   -3.762425761228e-17    1.232595164408e-32
    45    7.795098348061e-16   -8.011868568651e-32
    46    2.185137214821e-15    4.190823558987e-31
    47    2.371082122602e-14   -2.366582715663e-30
    48    1.239031608491e-13    3.155443620884e-30
    49    4.325692233857e-13    2.524354896707e-29
    50    2.620126082851e-12   -2.524354896707e-29
    51    1.856560646274e-11    0.000000000000e+00
    52    1.775635447709e-10    4.846761401678e-27
    53    1.103952245767e-09    0.000000000000e+00
    54    6.492785845220e-09    5.169878828456e-26
    55    4.059883179422e-08    0.000000000000e+00
    56    2.156546058879e-07    1.654361225106e-24
    57    1.750886152654e-06   -1.323488980085e-23
    58    1.029596353571e-05    1.058791184068e-22
    59    7.975416929669e-05    2.117582368136e-22
    60    6.715569823649e-04    0.000000000000e+00
    61    5.567162422824e-03    0.000000000000e+00
    62    5.468010352780e-02    4.065758146821e-20
    63    5.105450808230e-01    1.734723475977e-18
