     0    1.131893427365e+01   -1.387778780781e-17
     1    5.339673498504e-01    1.301042606983e-18
     2    4.703805580032e-02   -5.421010862428e-20
     3    4.700738959937e-03    6.776263578034e-21
     4    5.915804030968e-04   -8.046812998916e-21
     5    6.650727077773e-05   -3.176373552204e-22
     6    8.342677254622e-06    0.000000000000e+00
     7    1.420008244214e-06    4.301339185276e-23
     8    1.481921633780e-07    5.790264287871e-24
     9    2.653549370533e-08   -6.203854594148e-25
    10    4.371499655295e-09    0.000000000000e+00
    11    4.320827427923e-10    5.169878828456e-26
    12   -8.381307029989e-11   -6.462348535571e-27
    13   -3.767158374898e-11   -3.231174267785e-27
    14   -1.213028842769e-12    8.077935669463e-28
    15   -3.293807588298e-13    5.048709793414e-29
    16   -1.638172655581e-13   -1.262177448354e-29
    17   -6.522347908282e-15   -9.466330862652e-30
    18    6.438209773727e-15    1.577721810442e-30
    19    3.600679852176e-15    1.972152263053e-31
    20    1.942070690137e-16   -4.930380657631e-32
    21   -1.878156862990e-16   -6.162975822039e-33
    22    7.860599497629e-18    1.540743955510e-33
    23    1.094993033735e-17    3.851859888774e-34
    24    2.871204355998e-18    2.407412430484e-35
    25    1.149075941770e-18   -6.620384183831e-35
    26    3.154831630536e-19    6.018531076210e-36
    27    1.184861891198e-19    2.633107345842e-36
    28    1.360423154467e-20   -6.347669494440e-37
    29    1.676709139388e-21   -2.350988701645e-38
    30    1.904214254899e-22    0.000000000000e+00
    31   -3.111393423867e-23   -5.877471754111e-39
    32   -1.057552685914e-23   -1.175494350822e-38
    33    4.617460472933e-22   -5.877471754111e-39
    34    7.493512586919e-22   -2.350988701645e-37
    35    2.399616860599e-21    0.000000000000e+00
    36   -6.371442856713e-21    1.880790961316e-36
    37   -4.735086509306e-20   -3.009265538105e-36
    38    9.476266177473e-20   -3.912045199537e-35
    39    5.720868884761e-19    0.000000000000e+00
    40   -3.649342299741e-19   -2.287041808960e-34
    41   -1.041384470078e-17   -1.733336949949e-33
    42   -7.519226945189e-18    2.311115933265e-33
    43   -4.579043967931e-17    0.000000000000e+00
    44   -6.796331716302e-16    6.162975822039e-33
    45   -1.868923736070e-16   -3.944304526105e-31
    46    4.345276225473e-15   -1.577721810442e-30
    47   -6.140664753485e-14   -2.524354896707e-29
    48   -6.099417332335e-14    0.000000000000e+00
    49   -3.723114374263e-13    0.000000000000e+00
    50   -7.765629620276e-12    8.077935669463e-28
    51   -3.256379078618e-11   -6.462348535571e-27
    52   -1.021570221299e-10    0.000000000000e+00
    53    2.299997049851e-10    3.877409121342e-26
    54    5.499422133272e-09   -2.067951531383e-25
    55    1.889452332076e-08    8.271806125530e-25
    56    1.610201836354e-07    8.271806125530e-24
    57    1.397288023114e-06    1.323488980085e-22
    58    1.018750215198e-05    0.000000000000e+00
    59    7.687936063705e-05    0.000000000000e+00
    60    5.340253055479e-04    3.388131789017e-21
    61    5.376869116390e-03    5.421010862428e-20
    62    4.968019933679e-02    1.084202172486e-19
    63    5.277997799784e-01   -8.673617379884e-19
