     0    1.170165618885e+01    6.938893903907e-18
     1    5.011823882053e-01    4.336808689942e-18
     2    4.746877619916e-02    5.421010862428e-20
     3    4.481868834201e-03   -6.437450399133e-20
     4    5.051755919201e-04    2.541098841763e-21
     5    5.450019454333e-05    0.000000000000e+00
     6    8.642820800519e-06    0.000000000000e+00
     7    1.387362661728e-06    1.323488980085e-23
     8    2.219506861234e-07    1.654361225106e-24
     9    3.130093431332e-08   -4.135903062765e-25
    10    5.102418099277e-09   -1.550963648537e-25
    11    7.837994199496e-10    1.292469707114e-26
    12    1.196025981895e-10    1.615587133893e-27
    13    5.134357309536e-11   -4.038967834732e-28
    14    8.907308001896e-12   -6.058451752097e-28
    15   -1.515722146145e-14   -2.524354896707e-29
    16    7.295051245134e-14    0.000000000000e+00
    17    4.567725932836e-14   -3.155443620884e-30
    18    3.745243755049e-15   -3.944304526105e-31
    19    4.279417289556e-16    9.860761315263e-32
    20    7.852222028106e-16    0.000000000000e+00
    21    1.336475403361e-16    0.000000000000e+00
    22    6.272777499466e-17    0.000000000000e+00
    23    3.768935406708e-18    0.000000000000e+00
    24    9.873193298269e-19    9.629649721936e-35
    25    6.642306475609e-19   -1.444447458290e-34
    26    4.570325420710e-20   -1.203706215242e-35
    27   -2.245742663851e-20    3.009265538105e-36
    28   -3.493753777403e-21    0.000000000000e+00
    29   -3.608638976040e-21   -9.403954806578e-38
    30   -2.973070003877e-22   -1.175494350822e-38
    31    2.277431683016e-23    0.000000000000e+00
    32    6.484129128070e-23   -2.938735877056e-39
    33   -2.640499541868e-23    5.877471754111e-39
    34   -1.449087071300e-22    5.877471754111e-39
    35    1.848441037585e-21    0.000000000000e+00
    36    6.992231516085e-21    5.172175143618e-37
    37    3.292834637692e-20    1.128474576789e-36
    38    1.018561134006e-19    6.018531076210e-36
    39    9.628050023629e-19    0.000000000000e+00
    40    4.344209260068e-18   -1.925929944387e-34
    41    7.593707410270e-18    3.851859888774e-34
    42    5.474323399540e-17    7.703719777549e-34
    43    4.012586190223e-16    0.000000000000e+00
    44    1.732688133300e-15   -2.465190328816e-32
    45    8.156197160643e-15    0.000000000000e+00
    46    3.424697107099e-14    7.888609052210e-31
    47    1.129736549077e-13    0.000000000000e+00
    48    5.166229142327e-13    6.310887241768e-30
    49    3.577726080733e-12   -1.009741958683e-28
    50    1.446860513713e-11   -2.019483917366e-28
    51    4.924579965211e-11    0.000000000000e+00
    52    1.981135942300e-10    6.462348535571e-27
    53    6.354779682394e-10   -2.584939414228e-26
    54    8.784252553543e-10    1.033975765691e-25
    55    5.552191526045e-09   -1.033975765691e-25
    56    1.090222675827e-07    0.000000000000e+00
    57    9.956861435992e-07    1.985233470127e-23
    58    8.749048819674e-06    5.293955920339e-23
    59    6.355557469120e-05    0.000000000000e+00
    60    5.667084471955e-04   -2.117582368136e-21
    61    4.633735858427e-03    1.355252715607e-20
    62    4.295348273457e-02    1.084202172486e-19
    63    4.825374999522e-01    1.301042606983e-18
