     0    1.120501781708e+01    0.000000000000e+00
     1    5.023592445556e-01    0.000000000000e+00
     2    4.473578718254e-02    3.252606517457e-19
     3    4.405381014931e-03    0.000000000000e+00
     4    4.910106744444e-04    3.388131789017e-21
     5    4.884476702344e-05    4.235164736272e-22
     6    6.387156835495e-06    0.000000000000e+00
     7    1.053767910376e-06    0.000000000000e+00
     8    1.366820301425e-07   -1.654361225106e-24
     9    2.260088862702e-08    0.000000000000e+00
    10    3.223963571890e-09    5.169878828456e-26
    11    2.958359854172e-10    1.292469707114e-26
    12    7.442313589576e-11   -1.615587133893e-27
    13    1.436041165961e-11    2.019483917366e-28
    14    4.885669063279e-12   -7.573064690122e-29
    15    1.543287497117e-12   -1.262177448354e-29
    16    2.553262206989e-13   -6.310887241768e-30
    17    4.240130485027e-14    1.676329423595e-30
    18    7.156195635736e-16    6.902532920684e-31
    19   -8.897273314857e-16    3.697785493223e-32
    20   -4.275713022921e-16    0.000000000000e+00
    21   -3.129773260733e-17   -1.155557966632e-32
    22    7.924962711661e-18    1.540743955510e-33
    23   -4.721188980919e-18   -3.851859888774e-34
    24    1.900561448864e-18    0.000000000000e+00
    25    8.210108016482e-19   -7.222237291452e-35
    26    4.393297138713e-19   -3.611118645726e-35
    27    1.062274895331e-19    1.504632769053e-36
    28    1.490437188333e-20    3.761581922631e-37
    29    4.679868273361e-21    2.350988701645e-37
    30    1.378389870494e-21   -5.877471754111e-39
    31    3.059665720115e-22    2.350988701645e-38
    32    2.582439244802e-23    2.938735877056e-39
    33    3.251447713323e-23    1.469367938528e-39
    34   -2.930077376126e-22    0.000000000000e+00
    35    1.586055751474e-22   -1.057944915740e-37
    36    5.170018364112e-21   -1.880790961316e-37
    37    2.792009197836e-20   -3.761581922631e-37
    38    3.632905581384e-20   -3.009265538105e-36
    39    4.030423178480e-19    7.222237291452e-35
    40    7.779477828788e-19   -7.222237291452e-35
    41    7.722471148440e-19   -2.888894916581e-34
    42    1.338106236388e-17   -1.155557966632e-33
    43    7.189863855914e-17   -1.232595164408e-32
    44   -2.471010943681e-16    7.395570986447e-32
    45   -2.260308912976e-15    1.972152263053e-31
    46   -1.097873916409e-14    7.888609052210e-31
    47    4.546953636650e-14   -7.888609052210e-31
    48    2.142790886145e-13    0.000000000000e+00
    49    6.763583951946e-13   -5.048709793414e-29
    50    4.067249260694e-12    2.019483917366e-28
    51    7.724025762979e-12    8.077935669463e-28
    52    7.308405523040e-11   -1.615587133893e-27
    53    5.067285478742e-10   -1.292469707114e-26
    54    2.979028829947e-09    5.169878828456e-26
    55    2.433257418005e-08    1.033975765691e-25
    56    1.465760201161e-07   -8.271806125530e-25
    57    1.240023440957e-06    1.323488980085e-23
    58    9.608919694552e-06   -6.617444900424e-23
    59    7.170432176105e-05    2.646977960170e-22
    60    5.303207456646e-04    4.235164736272e-22
    61    4.280694435526e-03   -6.776263578034e-21
    62    4.615966572377e-02    1.626303258728e-19
    63    5.056623374260e-01    1.517883041480e-18
