     0    1.199432637611e+01    6.938893903907e-18
     1    5.943080643055e-01    0.000000000000e+00
     2    5.640228730352e-02   -1.626303258728e-19
     3    5.411839417343e-03    1.355252715607e-20
     4    5.621451987089e-04   -3.388131789017e-21
     5    6.177182563960e-05    6.352747104407e-22
     6    1.472611377900e-05   -5.293955920339e-23
     7    1.763721144482e-06    1.323488980085e-23
     8    2.307027254166e-07    3.308722450212e-24
     9    4.585259995594e-08    8.271806125530e-25
    10    7.820604986072e-09    2.067951531383e-25
    11    1.017702250131e-09   -5.169878828456e-26
    12    1.421249736556e-10   -6.462348535571e-27
    13    2.075241443212e-11    0.000000000000e+00
    14    2.186089501642e-12    4.038967834732e-28
    15    9.620523620717e-13    1.262177448354e-29
    16    3.923988762621e-13    0.000000000000e+00
    17    5.696254245764e-15   -1.577721810442e-30
    18    1.635404393107e-15    0.000000000000e+00
    19   -1.763343996776e-15    9.860761315263e-32
    20   -3.338472906376e-16   -1.232595164408e-32
    21   -5.781438262751e-17    0.000000000000e+00
    22    2.355962532038e-17    2.311115933265e-33
    23    8.791085423520e-18   -3.851859888774e-34
    24    5.250411155643e-19   -2.407412430484e-35
    25    1.407065846031e-19    0.000000000000e+00
    26   -6.810768077666e-20   -3.009265538105e-36
    27   -8.038387376460e-21    0.000000000000e+00
    28   -8.821087356529e-22   -7.523163845263e-37
    29   -8.798587367770e-22    3.526483052467e-38
    30    2.868270409375e-22    0.000000000000e+00
    31    7.966493465394e-23   -5.877471754111e-39
    32    2.967363562989e-23    4.408103815584e-39
    33   -1.888702156865e-22   -1.175494350822e-38
    34   -4.440307591539e-22    5.877471754111e-38
    35    4.429746622765e-22   -1.880790961316e-37
    36    1.340896063638e-20   -1.880790961316e-37
    37    3.784479448364e-20   -7.523163845263e-36
    38    3.726343285123e-19   -6.018531076210e-36
    39    4.207855348164e-19    1.203706215242e-35
    40    3.348783443058e-18   -9.629649721936e-35
    41    1.415246630659e-17    0.000000000000e+00
    42    1.119879936873e-17    1.925929944387e-33
    43    6.486280369296e-17    0.000000000000e+00
    44    1.421450915642e-15   -2.465190328816e-32
    45    6.474081607321e-15   -1.972152263053e-31
    46    7.608489485269e-15   -7.888609052210e-31
    47    2.918299352925e-14   -6.310887241768e-30
    48   -1.049046129888e-13    0.000000000000e+00
    49   -7.940795041451e-13    0.000000000000e+00
    50   -2.377090631080e-12    4.038967834732e-28
    51    2.768658894949e-11   -4.038967834732e-28
    52    1.995240299439e-10    0.000000000000e+00
    53    1.016120450530e-09   -2.584939414228e-26
    54    6.872401219358e-09   -4.135903062765e-25
    55    3.226801504375e-08   -4.135903062765e-25
    56    2.045696994115e-07   -6.617444900424e-24
    57    1.708777883179e-06    0.000000000000e+00
    58    1.260973039330e-05    1.588186776102e-22
    59    8.174657029816e-05   -1.058791184068e-22
    60    6.693629487866e-04    2.541098841763e-21
    61    5.477582820167e-03    1.355252715607e-20
    62    5.070818988274e-02   -1.084202172486e-19
    63    5.548421433952e-01   -8.673617379884e-19
