     0    1.284145464997e+01    2.602085213965e-18
     1    5.657092933416e-01   -1.734723475977e-18
     2    5.074928903132e-02    1.084202172486e-19
     3    4.953811952734e-03   -2.710505431214e-20
     4    5.018187962772e-04    0.000000000000e+00
     5    6.803387599760e-05    8.470329472543e-22
     6    7.990733345849e-06    0.000000000000e+00
     7    1.158596624493e-06    0.000000000000e+00
     8    1.462769196642e-07    0.000000000000e+00
     9    1.783929946040e-08    0.000000000000e+00
    10    4.260400189558e-11    0.000000000000e+00
    11    6.054941752531e-10   -1.292469707114e-26
    12    1.337540529860e-10    0.000000000000e+00
    13    1.531428227389e-11    8.077935669463e-28
    14    1.207217661783e-12   -1.009741958683e-28
    15    4.371065303667e-13   -1.262177448354e-29
    16    1.809723395525e-13   -8.677469957431e-30
    17    1.163400071323e-14    1.577721810442e-30
    18   -7.339126928136e-15    3.944304526105e-31
    19   -1.992501670548e-15    0.000000000000e+00
    20   -7.277876882543e-16    2.465190328816e-32
    21   -2.633673808576e-16   -1.232595164408e-32
    22   -9.151859589350e-17    1.540743955510e-33
    23   -1.602962695614e-17    5.777789833162e-34
    24   -3.463231078090e-18    0.000000000000e+00
    25   -8.929023643735e-19    1.203706215242e-35
    26   -1.514038322153e-19   -3.009265538105e-36
    27   -4.126922827863e-20    3.761581922631e-37
    28   -1.015581480090e-20    0.000000000000e+00
    29   -3.474747323279e-21    4.701977403289e-38
    30   -2.719116642050e-22   -2.350988701645e-38
    31   -8.176895094036e-23   -1.469367938528e-39
    32   -1.550557963531e-23    2.204051907792e-39
    33    8.446920874385e-23   -5.877471754111e-39
    34    1.420774355497e-22   -2.350988701645e-38
    35    9.228185152235e-22   -9.403954806578e-38
    36    6.771652297212e-21    7.523163845263e-37
    37    6.596995946386e-20    1.053242938337e-35
    38    2.171907330761e-19   -3.611118645726e-35
    39    9.802666894612e-19    0.000000000000e+00
    40    1.481934517825e-18    0.000000000000e+00
    41    1.853879019168e-17    3.851859888774e-34
    42    7.634895948335e-17    0.000000000000e+00
    43    1.571858554191e-16   -3.081487911020e-33
    44    4.905940095165e-16    7.087422195345e-32
    45    3.946784518713e-15   -4.930380657631e-32
    46    1.727646070932e-15    3.944304526105e-31
    47   -2.500436828665e-14    0.000000000000e+00
    48   -2.219631512354e-14    4.733165431326e-30
    49   -3.834179470143e-13    7.573064690122e-29
    50   -2.794961357685e-13   -7.573064690122e-29
    51   -1.167646097120e-11   -7.068193710780e-28
    52   -2.231794726425e-11    1.615587133893e-27
    53    2.273715646866e-10    1.292469707114e-26
    54    2.068422384993e-09    5.169878828456e-26
    55    1.421128171124e-08    0.000000000000e+00
    56    1.712245034789e-07    1.654361225106e-24
    57    1.005002001185e-06   -1.323488980085e-23
    58    8.338155687096e-06    2.646977960170e-23
    59    5.835350329571e-05    1.270549420881e-21
    60    4.928090811139e-04   -6.776263578034e-21
    61    5.386419997894e-03    5.421010862428e-20
    62    5.755626169601e-02   -2.168404344971e-19
    63    5.693422577921e-01    0.000000000000e+00
