     0    1.183113168235e+01   -2.775557561563e-17
     1    5.537564631756e-01    8.673617379884e-19
     2    5.458629634377e-02    4.336808689942e-19
     3    6.009389904585e-03    2.710505431214e-20
     4    7.300864108033e-04    6.776263578034e-21
     5    7.717161191682e-05   -1.694065894509e-21
     6    8.774569303769e-06    4.235164736272e-22
     7    1.216446707158e-06   -7.940933880509e-23
     8    1.829200803259e-07   -3.308722450212e-24
     9    2.931308566234e-08    1.654361225106e-24
    10    5.010520964750e-09    2.067951531383e-25
    11    1.490008797352e-09   -1.033975765691e-25
    12    3.312880802813e-10    0.000000000000e+00
    13    1.242240518101e-10    0.000000000000e+00
    14    4.058548478817e-11    3.231174267785e-27
    15    7.322792508706e-12   -4.038967834732e-28
    16    1.681855905082e-12    1.009741958683e-28
    17    3.226551478235e-13    0.000000000000e+00
    18    1.268554656714e-13   -3.155443620884e-30
    19    2.059235208365e-14    0.000000000000e+00
    20    2.555773631241e-15    5.546678239835e-32
    21    4.887490413495e-16   -2.465190328816e-32
    22    1.247452480156e-16    0.000000000000e+00
    23    7.009333177035e-17    3.081487911020e-33
    24    1.072572370879e-17    0.000000000000e+00
    25    2.965082529320e-18    0.000000000000e+00
    26    4.830934623044e-19    0.000000000000e+00
    27    1.191239081397e-19    0.000000000000e+00
    28    1.965829458762e-20    7.523163845263e-37
    29    5.980176220031e-22    0.000000000000e+00
    30    2.236859653911e-21   -9.403954806578e-38
    31    4.927541778628e-22    0.000000000000e+00
    32   -7.166358358667e-23   -1.175494350822e-38
    33    4.070465403196e-22    3.526483052467e-38
    34   -2.512955067736e-21   -1.175494350822e-38
    35   -8.340555002129e-22    5.642372883947e-37
    36    2.631258931973e-20   -1.504632769053e-36
    37    1.310824517741e-19   -1.203706215242e-35
    38    2.409493024663e-19   -9.629649721936e-35
    39    2.374816816952e-19    3.851859888774e-34
    40   -8.869741890056e-19    0.000000000000e+00
    41    6.477759065529e-18    0.000000000000e+00
    42   -1.689375714754e-18   -6.162975822039e-33
    43   -9.074240301517e-16   -1.787262988391e-31
    44    2.119910965758e-15   -3.944304526105e-31
    45    1.230043894705e-14   -3.944304526105e-31
    46    6.532824494232e-14    3.155443620884e-30
    47   -1.513136202171e-14    1.262177448354e-29
    48    6.109699469419e-14    7.573064690122e-29
    49    9.817750127504e-13    0.000000000000e+00
    50    2.929474677345e-12   -8.077935669463e-28
    51    3.481859020952e-11    8.077935669463e-28
    52    1.160989062076e-10    8.077935669463e-28
    53    7.952135963475e-10   -2.584939414228e-26
    54    9.284749775281e-09    5.169878828456e-26
    55    4.370312309527e-08   -4.135903062765e-25
    56    4.287511885349e-07    1.323488980085e-23
    57    1.740980271246e-06    0.000000000000e+00
    58    1.069303864307e-05    1.058791184068e-22
    59    1.006028560829e-04    8.470329472543e-22
    60    5.220321554965e-04    1.694065894509e-21
    61    4.759479485267e-03    0.000000000000e+00
    62    4.352327451733e-02    1.084202172486e-19
    63    4.868008320399e-01   -4.336808689942e-19
