     0    1.204790557337e+01   -2.081668171172e-17
     1    5.440025704604e-01   -8.673617379884e-19
     2    5.215781275986e-02    2.168404344971e-19
     3    5.513408717289e-03    6.776263578034e-21
     4    5.385953594861e-04    0.000000000000e+00
     5    7.712736248060e-05   -1.852884572119e-22
     6    1.136371158575e-05    5.293955920339e-23
     7    1.833997801354e-06    2.646977960170e-23
     8    2.476945375483e-07   -4.135903062765e-24
     9    6.834642843803e-08    1.654361225106e-24
    10    9.849743155928e-09    1.550963648537e-25
    11    1.562217333093e-09   -2.584939414228e-26
    12    3.305348435170e-10    6.462348535571e-27
    13    2.615161550476e-11    8.077935669463e-28
    14   -5.417235876818e-12    4.038967834732e-28
    15   -4.941862306302e-12   -1.514612938024e-28
    16   -4.408895882833e-13    6.310887241768e-30
    17   -8.519960048909e-14    6.310887241768e-30
    18   -2.776530743048e-14    1.972152263053e-30
    19   -1.024904214984e-14    4.930380657631e-31
    20   -1.239138408155e-15   -2.773339119918e-32
    21   -1.148407796018e-16    9.244463733059e-33
    22   -2.496642861796e-17    3.081487911020e-33
    23   -8.109599293790e-18    5.777789833162e-34
    24   -2.043651546349e-18   -7.703719777549e-34
    25   -4.029941202027e-19   -6.018531076210e-35
    26    1.754252375780e-20   -1.805559322863e-35
    27    2.168642184641e-20   -7.523163845263e-37
    28    4.777499195437e-21   -3.761581922631e-37
    29    9.395389262237e-22   -2.350988701645e-37
    30    1.331541944612e-22    5.877471754111e-39
    31    3.888865702302e-23    2.938735877056e-39
    32    4.986940756764e-23    0.000000000000e+00
    33   -1.135560727110e-22    1.469367938528e-39
    34   -4.036742233862e-22    3.526483052467e-38
    35   -1.889334438552e-21   -2.350988701645e-38
    36    2.114692815418e-21   -9.403954806578e-38
    37    1.962949675579e-20   -6.206610172342e-36
    38    5.511792439551e-20   -1.203706215242e-35
    39   -1.039476286276e-18    0.000000000000e+00
    40    3.050916397830e-18    1.444447458290e-34
    41    2.737859894254e-17   -1.925929944387e-34
    42    8.723551676954e-17    0.000000000000e+00
    43    2.958491921038e-16    1.386669559959e-32
    44    8.832440623643e-16    0.000000000000e+00
    45    5.325627579679e-15    9.860761315263e-32
    46    3.389527742563e-14   -7.888609052210e-31
    47    7.961741986271e-14    1.577721810442e-30
    48    3.358381940156e-13   -1.262177448354e-29
    49    7.546520920481e-13    2.524354896707e-29
    50    5.655803375314e-12    2.019483917366e-28
    51    2.504360870727e-11   -1.211690350419e-27
    52    1.238434724072e-10    8.077935669463e-27
    53    7.501151522462e-10   -3.231174267785e-27
    54    3.140010542907e-09   -1.033975765691e-25
    55    2.057445983767e-08    0.000000000000e+00
    56    1.913602830000e-07   -9.098986738083e-24
    57    1.255774208578e-06    6.617444900424e-24
    58    8.295635884849e-06    1.323488980085e-23
    59    6.667569891748e-05   -6.352747104407e-22
    60    5.657296712081e-04   -3.388131789017e-21
    61    5.168683444133e-03   -1.355252715607e-20
    62    5.138292536281e-02    2.168404344971e-19
    63    5.231170743519e-01   -1.734723475977e-18
