     0    1.184275653363e+01    0.000000000000e+00
     1    5.467665797841e-01   -1.734723475977e-18
     2    4.865532383528e-02    0.000000000000e+00
     3    5.377232929527e-03    0.000000000000e+00
     4    6.370558059554e-04   -4.235164736272e-21
     5    7.658316230720e-05    0.000000000000e+00
     6    1.257749759070e-05    1.588186776102e-22
     7    1.387723573356e-06   -7.940933880509e-23
     8    1.710215148156e-07    5.790264287871e-24
     9    4.122805036243e-08   -8.271806125530e-25
    10    1.389820860196e-09   -2.584939414228e-26
    11   -1.915371651453e-10   -2.584939414228e-26
    12   -2.271841533045e-10    6.462348535571e-27
    13   -7.336808903027e-11    0.000000000000e+00
    14    1.151406226244e-11   -1.413638742156e-27
    15    5.801080425864e-12   -1.009741958683e-28
    16    4.742304804123e-13    1.009741958683e-28
    17    1.970032779920e-13   -1.893266172530e-29
    18    3.546948587548e-14    0.000000000000e+00
    19    7.984506467225e-15   -3.944304526105e-31
    20    1.188731520730e-15   -2.465190328816e-32
    21    1.248539300354e-16    1.540743955510e-32
    22    4.970037818015e-17    6.933347799794e-33
    23    1.441120526037e-17    1.155557966632e-33
    24   -1.146864588917e-18   -3.851859888774e-34
    25   -1.259961055435e-18    0.000000000000e+00
    26   -2.125975291454e-19   -1.203706215242e-35
    27   -4.222658510487e-20    6.018531076210e-36
    28   -1.183111112570e-21    3.009265538105e-36
    29    9.569466809168e-21    7.523163845263e-37
    30    1.634895814850e-21   -1.410593220987e-37
    31    1.726544327041e-22    0.000000000000e+00
    32   -1.330616273468e-22   -1.028557556970e-38
    33   -2.734122371150e-22   -2.350988701645e-38
    34   -8.504692895011e-22   -9.403954806578e-38
    35    3.643533400050e-21   -9.403954806578e-38
    36   -5.947517467391e-22   -1.880790961316e-37
    37   -9.573257654325e-21    1.203706215242e-35
    38    3.689029145501e-19   -3.611118645726e-35
    39    6.006157748683e-19    1.444447458290e-34
    40    3.557600428684e-18    1.444447458290e-34
    41   -4.814897743008e-19   -7.703719777549e-34
    42    3.857336015274e-17    0.000000000000e+00
    43   -1.117816703106e-16    1.540743955510e-32
    44   -8.768737596039e-16    0.000000000000e+00
    45    1.212393675786e-15    0.000000000000e+00
    46    1.008531521578e-14    7.888609052210e-31
    47    1.152809150238e-13    6.310887241768e-30
    48    8.761667399364e-14   -7.573064690122e-29
    49    3.034928088541e-13    1.009741958683e-28
    50   -2.309246396267e-12    3.029225876049e-28
    51   -3.698641900575e-11    3.231174267785e-27
    52    1.423507843892e-11    0.000000000000e+00
    53   -2.912147190761e-10    0.000000000000e+00
    54    2.753900603852e-09    2.067951531383e-25
    55    2.822174208712e-08    8.271806125530e-25
    56    6.763269062057e-08    1.075334796319e-23
    57    7.928246461158e-07    2.646977960170e-23
    58    8.860041660898e-06   -1.058791184068e-22
    59    7.135408550830e-05   -6.352747104407e-22
    60    6.129279822732e-04    3.388131789017e-21
    61    4.953289866710e-03    0.000000000000e+00
    62    4.878732698634e-02    1.084202172486e-19
    63    5.471111578914e-01    8.673617379884e-19
