     0    1.155319121094e+01    3.469446951954e-18
     1    5.142664107107e-01    4.336808689942e-19
     2    4.990647917049e-02    6.776263578034e-20
     3    6.716633088149e-03    6.776263578034e-21
     4    7.355769800747e-04    0.000000000000e+00
     5    8.543670544712e-05    7.411538288475e-22
     6    1.241604077558e-05    0.000000000000e+00
     7    1.483504557035e-06   -2.646977960170e-23
     8    1.982558721267e-07    6.617444900424e-24
     9    2.170854716881e-08    0.000000000000e+00
    10    5.798407243001e-09    0.000000000000e+00
    11    2.129604517042e-09    1.033975765691e-25
    12    1.781098154669e-10    6.462348535571e-27
    13    2.236849971684e-11    0.000000000000e+00
    14    7.675096715168e-13   -1.009741958683e-27
    15    9.198193530937e-13   -1.009741958683e-28
    16    2.737958153967e-13   -6.310887241768e-30
    17    1.458298657510e-13    0.000000000000e+00
    18    3.767999501405e-14   -3.155443620884e-30
    19    2.332883523338e-15   -2.958228394579e-31
    20   -3.387584439217e-16   -4.930380657631e-32
    21   -1.330608453785e-16    3.697785493223e-32
    22   -1.149784639322e-16   -4.622231866529e-33
    23   -4.655734678952e-18   -3.081487911020e-33
    24   -2.508221680255e-18   -1.733336949949e-33
    25   -2.023741111514e-19   -9.629649721936e-35
    26    2.007950423756e-19   -6.018531076210e-36
    27    7.155864082746e-20    0.000000000000e+00
    28    1.894559426553e-20   -1.880790961316e-37
    29    3.693563786581e-21    1.175494350822e-37
    30    4.530642972450e-22   -2.350988701645e-38
    31    6.588183861339e-23    5.877471754111e-39
    32   -1.079697136915e-22    5.877471754111e-39
    33   -8.779761178625e-23   -1.763241526233e-38
    34    2.406482252921e-22    5.877471754111e-39
    35    7.959438051491e-22    0.000000000000e+00
    36    5.892486052582e-22   -1.504632769053e-36
    37   -1.825865315804e-20    0.000000000000e+00
    38   -7.746740006927e-20   -6.018531076210e-36
    39   -3.734712985083e-19    0.000000000000e+00
    40   -7.721709204424e-19   -9.629649721936e-35
    41   -6.511311548977e-18   -1.540743955510e-33
    42   -3.443618372550e-17    0.000000000000e+00
    43   -3.487801383638e-17    3.081487911020e-33
    44   -1.892774128409e-18    0.000000000000e+00
    45    3.312926383626e-15    7.888609052210e-31
    46    5.272500584363e-14   -1.577721810442e-30
    47    5.238198813754e-13   -3.155443620884e-29
    48    1.659130176491e-12   -1.009741958683e-28
    49    9.850679504713e-13    4.038967834732e-28
    50   -2.612659523918e-11   -3.231174267785e-27
    51   -1.744947413474e-11    8.077935669463e-27
    52    2.424687786060e-10   -1.938704560671e-26
    53    7.254631381868e-10   -9.047287949799e-26
    54    6.319226515832e-09    1.033975765691e-25
    55    4.191347350415e-08   -8.271806125530e-25
    56    1.769258008517e-07   -3.308722450212e-24
    57    1.230514594684e-06   -2.646977960170e-23
    58    9.336778030019e-06   -1.058791184068e-22
    59    7.856906665340e-05   -1.694065894509e-21
    60    6.141520963914e-04    3.388131789017e-21
    61    5.654894052503e-03    4.065758146821e-20
    62    5.432988142043e-02    0.000000000000e+00
    63    5.635145431535e-01   -1.734723475977e-18
