     0    1.154380777561e+01    1.040834085586e-17
     1    5.074204380128e-01   -2.602085213965e-18
     2    4.589332106370e-02    2.168404344971e-19
     3    4.357841839769e-03    6.776263578034e-21
     4    4.658066536187e-04    2.541098841763e-21
     5    6.086208572012e-05    2.117582368136e-22
     6    8.232006685648e-06    0.000000000000e+00
     7    9.732148768896e-07   -6.617444900424e-24
     8    1.281888306670e-07   -1.240770918830e-24
     9    2.204680447448e-08    2.843433355651e-25
    10    3.951795455070e-09   -1.033975765691e-25
    11    1.004301936381e-09   -1.292469707114e-26
    12    1.990861630098e-10   -6.462348535571e-27
    13    3.096399105946e-11    8.077935669463e-28
    14    7.178338546731e-12    1.009741958683e-28
    15    1.169490045114e-12    5.048709793414e-29
    16    2.178116058166e-13    2.761013168274e-29
    17    4.553812753664e-14    2.603240987229e-29
    18    1.362665245304e-13    1.577721810442e-29
    19   -3.707036373435e-14    1.183291357832e-30
    20    4.674665488409e-15    1.479114197289e-31
    21   -2.667986418741e-15    2.157041537714e-32
    22   -6.884475681429e-16    4.005934284325e-32
    23    2.851027754787e-16   -4.044452883213e-33
    24    5.844139445464e-17    7.896312771988e-33
    25    1.082228708533e-17    1.661114577034e-33
    26   -8.436436145300e-18    1.745374012101e-34
    27    1.405951342455e-18    2.708338984295e-35
    28    2.360655442414e-19    6.770847460736e-36
    29    9.675830231983e-20   -3.056285312138e-36
    30    3.757202104348e-20    1.633937147643e-36
    31    1.286158305320e-20   -9.991701981989e-37
    32    3.395009166257e-22   -8.816207631167e-39
    33   -2.847427864528e-22    5.877471754111e-39
    34   -1.375785841981e-24    0.000000000000e+00
    35    1.704676025261e-21    0.000000000000e+00
    36   -3.071887450754e-21   -1.880790961316e-37
    37   -1.467187054379e-20    2.256949153579e-36
    38   -1.258371888520e-20    0.000000000000e+00
    39   -2.867793091756e-19   -3.611118645726e-35
    40   -3.397385759704e-18    9.629649721936e-35
    41   -9.848197731768e-18    0.000000000000e+00
    42   -2.868281668229e-17    0.000000000000e+00
    43   -1.175958321000e-16    6.162975822039e-33
    44   -3.485774254377e-16   -3.081487911020e-32
    45   -1.792657375148e-15   -9.860761315263e-32
    46   -1.061115945786e-14    3.944304526105e-31
    47    8.278729726504e-15   -3.155443620884e-30
    48    1.207054020959e-13    1.893266172530e-29
    49    8.113238616696e-14    2.019483917366e-28
    50    2.636094815080e-12    2.019483917366e-28
    51    3.186735634819e-11    0.000000000000e+00
    52    1.703828762262e-10    3.231174267785e-27
    53    9.657985080837e-10    2.584939414228e-26
    54    5.501572314918e-09    0.000000000000e+00
    55    3.375219176533e-08    1.654361225106e-24
    56    3.253568014631e-07    6.617444900424e-24
    57    1.875132936703e-06    0.000000000000e+00
    58    1.279217108568e-05    0.000000000000e+00
    59    7.567559371204e-05    0.000000000000e+00
    60    5.187015687833e-04    6.776263578034e-21
    61    4.616568087124e-03    5.421010862428e-20
    62    4.495280823603e-02    0.000000000000e+00
    63    4.873942026090e-01    0.000000000000e+00
