     0    1.161342761093e+01   -1.387778780781e-17
     1    5.328007010407e-01   -8.673617379884e-19
     2    4.936065028999e-02   -2.168404344971e-19
     3    5.427513692593e-03   -1.355252715607e-20
     4    5.181801376825e-04   -3.388131789017e-21
     5    4.904545386015e-05   -4.235164736272e-22
     6    6.175929848363e-06   -5.293955920339e-23
     7    1.012461728262e-06    1.058791184068e-22
     8    1.090658508694e-07   -3.308722450212e-24
     9    2.175009072828e-08    6.203854594148e-25
    10    3.646474384920e-09    0.000000000000e+00
    11    4.115937410767e-10    1.292469707114e-26
    12    4.949827125411e-11    8.077935669463e-27
    13    3.428321877768e-12   -1.211690350419e-27
    14    1.493898630592e-12   -5.048709793414e-28
    15    5.467785392668e-13    5.048709793414e-29
    16   -1.204800106922e-13   -9.466330862652e-30
    17   -7.277356592942e-14    1.025519176787e-29
    18   -2.767304087130e-14   -7.888609052210e-31
    19   -4.373472735594e-15   -4.930380657631e-32
    20   -8.650336726744e-16   -7.395570986447e-32
    21   -2.021231159340e-16   -7.703719777549e-33
    22   -9.225188328062e-17    4.622231866529e-33
    23    1.448014036616e-18    0.000000000000e+00
    24    1.113561899254e-18    2.407412430484e-34
    25    2.755871139250e-19   -3.009265538105e-36
    26    2.199937560149e-19   -2.407412430484e-35
    27    4.758686667837e-20   -3.009265538105e-36
    28   -1.390986019676e-20   -7.523163845263e-37
    29    5.209073429474e-22    0.000000000000e+00
    30   -1.039863184243e-21    0.000000000000e+00
    31   -7.233611568265e-22   -2.350988701645e-38
    32   -1.251509024796e-22    0.000000000000e+00
    33    1.849458339946e-22    4.701977403289e-38
    34    2.366896639411e-22    0.000000000000e+00
    35   -3.435792310142e-22    7.523163845263e-37
    36   -2.133035667966e-22    0.000000000000e+00
    37    2.225850946657e-20   -6.018531076210e-36
    38    1.764268074500e-20    0.000000000000e+00
    39   -1.213098313979e-19   -1.925929944387e-34
    40    1.064264145960e-18    0.000000000000e+00
    41    4.258359849070e-18    0.000000000000e+00
    42    2.897154781240e-17    1.232595164408e-32
    43    4.502171794923e-16    0.000000000000e+00
    44    2.599102159904e-15   -7.395570986447e-32
    45    9.088312028973e-15   -1.972152263053e-31
    46    1.294662984235e-14   -7.888609052210e-31
    47    4.524428231681e-14    9.466330862652e-30
    48    1.901267619467e-13   -2.524354896707e-29
    49   -1.096136956877e-12    4.038967834732e-28
    50    4.727957784783e-12    0.000000000000e+00
    51    4.703972952551e-11   -1.615587133893e-27
    52    3.516250221260e-10   -4.523643974899e-26
    53    2.306049034469e-09    7.754818242685e-26
    54    1.296807854364e-08   -1.421716677826e-25
    55    8.040394468352e-08    1.654361225106e-24
    56    3.632675701770e-07   -4.963083675318e-24
    57    2.743090965523e-06   -2.646977960170e-23
    58    1.720508016179e-05   -2.117582368136e-22
    59    1.324388030644e-04   -8.470329472543e-22
    60    8.877908825519e-04   -6.776263578034e-21
    61    7.051376861591e-03   -5.421010862428e-20
    62    5.603568354526e-02    0.000000000000e+00
    63    5.388337761788e-01    0.000000000000e+00
