     0    1.160319641787e+01   -1.387778780781e-17
     1    5.241361238405e-01    2.168404344971e-18
     2    4.832422157163e-02    2.710505431214e-20
     3    4.760209533205e-03   -2.710505431214e-20
     4    4.524546150239e-04   -1.270549420881e-21
     5    5.562081731623e-05    3.176373552204e-22
     6    8.124326175525e-06   -1.588186776102e-22
     7    1.368485738980e-06    6.617444900424e-23
     8    7.481740280418e-08    6.617444900424e-24
     9    8.765025266598e-09    4.135903062765e-25
    10    2.905733137809e-09   -2.067951531383e-25
    11    7.449622335749e-10    0.000000000000e+00
    12    1.154984950053e-10    1.615587133893e-27
    13    3.166228072416e-11    1.413638742156e-27
    14    6.599882998545e-12    8.077935669463e-28
    15    1.729539288048e-12    1.009741958683e-28
    16    5.506056334077e-14   -2.524354896707e-29
    17   -2.353365352501e-13    0.000000000000e+00
    18   -5.970259092194e-14   -1.262177448354e-29
    19   -5.044303797298e-15   -7.888609052210e-31
    20    3.069815512529e-15    9.860761315263e-32
    21    8.363934793756e-16    0.000000000000e+00
    22    2.444448156967e-16    1.232595164408e-32
    23    2.172238006038e-18   -3.851859888774e-33
    24    1.830598775245e-18   -3.851859888774e-34
    25    5.349753350404e-19    3.611118645726e-35
    26    6.147640040103e-19   -4.814824860968e-35
    27    2.394574947295e-19    4.814824860968e-35
    28    7.502001551875e-20   -6.018531076210e-36
    29   -3.737892863620e-21    0.000000000000e+00
    30   -1.470767681745e-21   -1.410593220987e-37
    31   -4.982850286070e-22    0.000000000000e+00
    32    1.522320366184e-22    1.763241526233e-38
    33    3.605477140290e-22    0.000000000000e+00
    34    1.309624654257e-21    5.877471754111e-39
    35    2.110529332476e-21   -2.821186441973e-37
    36    1.223040504452e-21    1.316553672921e-36
    37   -2.761242881464e-20    0.000000000000e+00
    38   -9.518574257603e-20    0.000000000000e+00
    39   -4.995789466230e-19   -6.018531076210e-35
    40   -1.366338934232e-18   -3.851859888774e-34
    41    1.279097554862e-17   -6.740754805355e-34
    42    7.952140014295e-17    0.000000000000e+00
    43    3.788779959001e-16    4.314083075427e-32
    44    1.070369626693e-15    6.162975822039e-32
    45    9.700193292880e-15    0.000000000000e+00
    46    6.503192532992e-14    1.577721810442e-30
    47    2.208229848392e-13    0.000000000000e+00
    48    3.744614495885e-13   -7.573064690122e-29
    49    2.701785367214e-13   -2.524354896707e-28
    50    5.596880638299e-12    0.000000000000e+00
    51    3.456453493803e-11   -3.231174267785e-27
    52    2.456792812834e-10    1.292469707114e-26
    53    6.965481477325e-10   -5.169878828456e-26
    54    3.875048486117e-09   -1.033975765691e-25
    55    3.640396400746e-08   -4.135903062765e-25
    56    2.181890604171e-07   -1.654361225106e-24
    57    1.446374579532e-06    0.000000000000e+00
    58    1.150541195333e-05    1.323488980085e-22
    59    7.162879658517e-05    0.000000000000e+00
    60    5.536325744365e-04    0.000000000000e+00
    61    4.620354551892e-03    1.355252715607e-20
    62    4.913655136917e-02    5.421010862428e-20
    63    5.236598840956e-01   -3.903127820948e-18
