     0    1.152394498039e+01    0.000000000000e+00
     1    5.133960406010e-01    4.336808689942e-19
     2    4.990157129721e-02    1.084202172486e-19
     3    4.677518554337e-03   -2.710505431214e-20
     4    4.763331178050e-04    0.000000000000e+00
     5    5.489917001501e-05    0.000000000000e+00
     6    8.818672655328e-06    0.000000000000e+00
     7    1.281594415059e-06    6.617444900424e-24
     8    1.723987989259e-07   -1.240770918830e-24
     9    2.508502060326e-08   -3.618915179919e-25
    10    6.721532190442e-09    5.169878828456e-26
    11    1.013266568915e-09   -3.231174267785e-26
    12    2.361355687747e-10    8.077935669463e-27
    13    1.183973888345e-12   -1.615587133893e-27
    14    2.145862462299e-12   -1.009741958683e-28
    15    2.019754513525e-13    5.048709793414e-29
    16    5.092390107957e-14    1.262177448354e-29
    17   -2.827901550610e-15    0.000000000000e+00
    18    1.297542855026e-15   -3.944304526105e-31
    19    2.777614187357e-15   -9.860761315263e-32
    20    3.969867853438e-16    4.930380657631e-32
    21    2.467668923787e-18    3.081487911020e-33
    22   -1.299319225764e-17   -1.925929944387e-33
    23   -6.669791616863e-18    1.925929944387e-34
    24   -8.903052235893e-19    2.407412430484e-35
    25   -8.308443709862e-20    1.203706215242e-35
    26    3.523630799557e-20    3.009265538105e-36
    27    5.656847571976e-22   -5.642372883947e-37
    28   -9.837578360981e-22    1.175494350822e-37
    29    6.599749419526e-22   -2.350988701645e-38
    30    2.443529842500e-23    0.000000000000e+00
    31    2.853360649687e-23   -1.469367938528e-39
    32    2.477584340200e-22    1.175494350822e-38
    33    3.617424328007e-22    5.877471754111e-39
    34   -2.382254598574e-21   -9.403954806578e-38
    35    6.080084855535e-21    0.000000000000e+00
    36    6.518360559773e-20    3.009265538105e-36
    37    2.266716703341e-19    2.407412430484e-35
    38    8.664891109971e-19   -4.814824860968e-35
    39    4.010816204076e-19    0.000000000000e+00
    40   -2.708157738071e-18    1.155557966632e-33
    41   -1.296493659483e-17    0.000000000000e+00
    42   -9.900476947629e-17    0.000000000000e+00
    43   -5.964512740217e-16   -1.232595164408e-32
    44   -1.838848207129e-15   -1.725633230171e-31
    45   -7.014240204664e-15    0.000000000000e+00
    46   -2.185512582704e-14    0.000000000000e+00
    47   -1.346890344307e-14   -4.733165431326e-30
    48    1.549243204484e-13   -5.048709793414e-29
    49   -1.543517488788e-12    1.009741958683e-28
    50    1.383963372275e-11   -8.077935669463e-28
    51    1.014412323165e-10   -4.846761401678e-27
    52    3.820282567536e-10    6.462348535571e-27
    53    1.058072501500e-09   -2.584939414228e-26
    54    4.030563164198e-09    3.618915179919e-25
    55    8.855775709336e-09    0.000000000000e+00
    56    1.188129473415e-07   -6.617444900424e-24
    57    1.367365478192e-06    0.000000000000e+00
    58    1.112053333836e-05    0.000000000000e+00
    59    7.938040475121e-05   -6.352747104407e-22
    60    6.635466633344e-04    3.388131789017e-21
    61    5.309524100510e-03    6.776263578034e-21
    62    5.034287906267e-02    0.000000000000e+00
    63    5.101586962067e-01   -8.673617379884e-19
