     0    1.111175304894e+01   -8.239936510890e-18
     1    4.990576104955e-01    2.602085213965e-18
     2    4.808957434647e-02    4.336808689942e-19
     3    4.505848012730e-03   -6.776263578034e-20
     4    4.897674323300e-04   -3.176373552204e-21
     5    5.669164044410e-05    3.176373552204e-22
     6    7.178605275951e-06    5.293955920339e-23
     7    8.992564470166e-07   -6.617444900424e-24
     8    8.903113082748e-08   -1.240770918830e-24
     9    1.601255908110e-08   -4.135903062765e-25
    10    4.285768263889e-09   -1.550963648537e-25
    11    1.002009144282e-09   -1.292469707114e-26
    12    1.957020700659e-10    6.462348535571e-27
    13    1.577875485261e-11    1.615587133893e-27
    14    2.242930249611e-12    0.000000000000e+00
    15    9.555355386668e-13    0.000000000000e+00
    16    1.318505939601e-13    1.262177448354e-29
    17   -9.105538409476e-15    0.000000000000e+00
    18    7.275171108700e-15    0.000000000000e+00
    19   -6.266702624671e-16    1.972152263053e-31
    20   -7.274164727246e-16    0.000000000000e+00
    21   -1.033198820516e-16   -6.162975822039e-33
    22   -6.764267550187e-19   -7.703719777549e-34
    23    2.005996338222e-18   -7.703719777549e-34
    24    2.268139519802e-19    0.000000000000e+00
    25    2.460463390919e-19    1.805559322863e-35
    26    4.198694715475e-21    7.523163845263e-37
    27   -4.781407524485e-21    1.410593220987e-37
    28   -2.581715742093e-21    0.000000000000e+00
    29   -4.378451621669e-22   -3.526483052467e-38
    30   -2.045024321755e-22    2.057115113939e-38
    31   -4.465290003693e-23   -1.836709923160e-40
    32   -2.668523851431e-23   -2.020380915476e-39
    33    4.826707328788e-23   -1.469367938528e-39
    34    2.626462858345e-22   -5.877471754111e-39
    35   -1.843312158448e-22    1.410593220987e-37
    36   -6.909996656294e-21    2.821186441973e-37
    37   -3.486711476364e-20    0.000000000000e+00
    38    5.405713345955e-20    0.000000000000e+00
    39    2.857487088405e-19    0.000000000000e+00
    40    5.089522529016e-19    9.629649721936e-35
    41   -2.737522728677e-18   -7.703719777549e-34
    42   -3.198526605421e-17    3.081487911020e-33
    43   -1.386887850319e-16   -1.540743955510e-33
    44   -6.737475564035e-16   -2.465190328816e-32
    45   -1.092835934540e-15    1.479114197289e-31
    46    6.284403817853e-15   -1.380506584137e-30
    47    7.759582097116e-14   -7.888609052210e-31
    48    3.909221680123e-13   -1.262177448354e-29
    49    1.790915131361e-12   -7.573064690122e-29
    50    9.732361764798e-12    4.038967834732e-28
    51    4.011925917175e-11    3.231174267785e-27
    52    3.112107748438e-10    1.938704560671e-26
    53    1.349029073409e-09    0.000000000000e+00
    54    6.619709338913e-09    2.067951531383e-25
    55    3.945634013724e-08    1.033975765691e-25
    56    2.445618629611e-07    8.271806125530e-25
    57    1.553821425953e-06    1.323488980085e-23
    58    7.777224604321e-06    1.323488980085e-23
    59    6.335975892695e-05   -2.117582368136e-22
    60    4.747161449215e-04   -2.964615315390e-21
    61    4.291500357591e-03   -7.199780051662e-21
    62    4.646695932909e-02   -5.421010862428e-20
    63    5.108454030656e-01    0.000000000000e+00
