     0    1.135989097646e+01   -1.387778780781e-17
     1    5.170449822041e-01    4.336808689942e-19
     2    4.681864689142e-02    5.421010862428e-20
     3    4.462641039136e-03   -8.470329472543e-21
     4    4.269378265275e-04    8.470329472543e-22
     5    4.491976571293e-05    1.588186776102e-22
     6    4.789805553576e-06    3.970466940255e-23
     7    6.183044376725e-07    1.323488980085e-23
     8    1.148981829317e-07   -2.481541837659e-24
     9    2.889507524324e-08    2.067951531383e-25
    10    4.626796959282e-09   -1.033975765691e-25
    11    1.203319972834e-09   -5.169878828456e-26
    12    3.871988530162e-10   -6.462348535571e-27
    13    5.471775588126e-11    0.000000000000e+00
    14    3.432015835780e-12    6.058451752097e-28
    15    2.066355643277e-13    1.514612938024e-28
    16   -1.134182395154e-14    2.524354896707e-29
    17   -5.451338717747e-14   -4.733165431326e-30
    18   -1.209326079460e-15    1.972152263053e-30
    19    1.004222511858e-16    4.930380657631e-32
    20    9.120804332556e-17    0.000000000000e+00
    21   -1.434314513378e-17   -1.540743955510e-33
    22   -1.267546735866e-17   -1.540743955510e-33
    23   -2.183069655747e-18    0.000000000000e+00
    24    1.865652543892e-18    3.851859888774e-34
    25    4.164159432696e-19    3.611118645726e-35
    26    1.111068959342e-19    3.009265538105e-36
    27    1.715172584295e-20   -3.009265538105e-36
    28    1.254602887206e-20    1.410593220987e-37
    29    1.813598356830e-21   -2.350988701645e-38
    30    4.989216501299e-23   -2.350988701645e-38
    31    1.092769310677e-22    5.877471754111e-39
    32    1.006153211530e-22    7.346839692639e-39
    33   -4.181685705170e-22    1.175494350822e-38
    34   -2.495575012649e-21    0.000000000000e+00
    35   -1.369812285343e-20    3.573502826500e-36
    36   -3.412888994936e-20   -2.256949153579e-36
    37   -4.928932041208e-20   -1.203706215242e-35
    38    3.642462187769e-19   -2.407412430484e-35
    39    2.561506032527e-18   -1.685188701339e-34
    40    2.372291012808e-18    3.851859888774e-34
    41   -2.431129596079e-17   -3.081487911020e-33
    42   -9.436410766541e-17   -1.232595164408e-32
    43    3.415719038069e-17    1.232595164408e-32
    44    1.626522261787e-16   -9.860761315263e-32
    45    7.699657204667e-15   -7.888609052210e-31
    46    1.070337533773e-13    6.310887241768e-30
    47    6.792893058702e-13    2.524354896707e-29
    48    1.292672555262e-12    5.048709793414e-29
    49    2.647363874442e-12    1.009741958683e-28
    50    1.090764612454e-11   -8.077935669463e-28
    51    4.454306802256e-11   -1.292469707114e-26
    52    1.542325015197e-10   -3.877409121342e-26
    53    1.380229776394e-09    1.033975765691e-25
    54    7.764657050215e-09    0.000000000000e+00
    55    4.172410099108e-08    1.654361225106e-24
    56    2.692550801922e-07    8.271806125530e-24
    57    1.446535948740e-06   -1.323488980085e-23
    58    9.765142508852e-06   -5.293955920339e-23
    59    6.520530512912e-05    4.235164736272e-22
    60    5.347111865072e-04   -3.388131789017e-21
    61    5.044443819831e-03    2.032879073410e-20
    62    5.228817756807e-02   -2.710505431214e-19
    63    5.275651547990e-01   -1.301042606983e-18
