     0    1.140700058357e+01   -1.040834085586e-17
     1    5.168540219693e-01    0.000000000000e+00
     2    4.695957853877e-02    0.000000000000e+00
     3    4.441562273029e-03   -1.355252715607e-20
     4    4.378207532669e-04   -8.470329472543e-22
     5    4.844087072536e-05    2.117582368136e-22
     6    6.304951141465e-06   -1.058791184068e-22
     7    9.911842798613e-07   -1.323488980085e-23
     8    1.258868391272e-07    2.067951531383e-25
     9    1.842156778767e-08   -5.686866711302e-25
    10    2.305275833052e-09    2.520315928873e-25
    11    6.285432966685e-10    1.615587133893e-27
    12    9.916737048727e-11   -1.292469707114e-26
    13    1.309504767408e-12    2.019483917366e-28
    14   -3.378856378349e-12    2.524354896707e-28
    15   -5.820041652070e-13    0.000000000000e+00
    16   -7.483156504624e-14   -1.262177448354e-29
    17   -2.062442935079e-14    2.366582715663e-30
    18    5.192235526393e-15   -1.972152263053e-31
    19   -4.645021468349e-17    1.848892746612e-32
    20   -9.821342768082e-17    4.622231866529e-32
    21   -1.603246741819e-16   -6.162975822039e-33
    22    5.425695244481e-18   -6.162975822039e-33
    23    3.766553622271e-18    1.925929944387e-34
    24   -3.192334346836e-19    4.814824860968e-35
    25   -8.179139115667e-19   -7.222237291452e-35
    26   -1.254021782466e-19    0.000000000000e+00
    27   -2.847443635003e-20    2.821186441973e-37
    28   -4.490765609182e-21    0.000000000000e+00
    29    1.073290909393e-21   -1.175494350822e-37
    30    2.162252357976e-22    0.000000000000e+00
    31   -1.935045244151e-22   -2.938735877056e-38
    32   -3.483549060077e-22    8.816207631167e-39
    33   -4.678036562271e-22    2.938735877056e-38
    34   -1.600398373152e-21    7.052966104934e-38
    35   -7.125529924638e-21    1.410593220987e-37
    36   -1.712041144163e-20    0.000000000000e+00
    37   -4.755743878990e-20    2.106485876674e-35
    38   -1.039940511219e-18    0.000000000000e+00
    39   -4.622552839397e-18    1.925929944387e-34
    40   -3.512349909767e-18    7.703719777549e-34
    41    8.158525580665e-17    3.081487911020e-33
    42    4.730539099803e-16   -2.465190328816e-32
    43    3.796417008443e-15   -3.944304526105e-31
    44    9.909894665783e-15    3.944304526105e-31
    45    1.194269563759e-14    3.944304526105e-31
    46    7.280776281539e-14   -3.155443620884e-30
    47    3.616446577911e-13    0.000000000000e+00
    48    1.521277209992e-12   -1.135959703518e-28
    49    2.891431696348e-12    3.534096855390e-28
    50    1.462853800629e-11    1.615587133893e-27
    51    9.465226404472e-11    0.000000000000e+00
    52    9.469617650553e-10    1.292469707114e-26
    53    3.241133308083e-09    2.326445472805e-25
    54    2.156659160269e-08    4.135903062765e-25
    55    5.953448128057e-08    4.549493369042e-24
    56    3.193108346742e-07    4.963083675318e-24
    57    1.532232956671e-06    0.000000000000e+00
    58    8.421410387569e-06   -1.058791184068e-22
    59    6.703039573226e-05    0.000000000000e+00
    60    5.742834540095e-04   -1.694065894509e-21
    61    5.011571984621e-03   -1.355252715607e-20
    62    4.996243129733e-02   -1.084202172486e-19
    63    5.335266340710e-01    8.673617379884e-19
