     0    1.214033778749e+01    3.469446951954e-18
     1    5.518193610166e-01   -7.589415207399e-19
     2    4.999243477861e-02    1.084202172486e-19
     3    5.313814380551e-03   -1.694065894509e-20
     4    5.886456548623e-04   -2.541098841763e-21
     5    7.459961470129e-05    1.164670302475e-21
     6    1.106505409293e-05    1.058791184068e-22
     7    1.208643593034e-06   -2.646977960170e-23
     8    5.182143330469e-08    1.654361225106e-24
     9    1.774368686591e-08    2.067951531383e-25
    10    5.982264119166e-09   -9.047287949799e-26
    11    7.811498480174e-10    2.584939414228e-26
    12    1.083996820464e-10   -6.462348535571e-27
    13    7.753633362699e-12    0.000000000000e+00
    14    2.849192158557e-13    4.038967834732e-28
    15    4.628369465008e-13    1.009741958683e-28
    16    1.076297428146e-13   -1.104405267309e-29
    17    2.820410305492e-14    0.000000000000e+00
    18    1.368861251933e-14    1.183291357832e-30
    19    2.241333402733e-15    1.972152263053e-31
    20    6.221877870096e-16    9.860761315263e-32
    21    7.833402454849e-18   -2.465190328816e-32
    22   -3.815301279411e-17    1.540743955510e-33
    23    2.681225615421e-18    3.851859888774e-34
    24   -2.574954472381e-18    1.925929944387e-34
    25   -7.948206657410e-19    0.000000000000e+00
    26   -2.080193378541e-19    1.203706215242e-35
    27   -4.791298894866e-20    1.504632769053e-36
    28   -6.520144446957e-21   -3.761581922631e-37
    29   -1.738473313135e-22   -4.701977403289e-37
    30    6.010845145072e-23    0.000000000000e+00
    31    1.979342494177e-22    0.000000000000e+00
    32    2.136640532547e-22    0.000000000000e+00
    33    3.119108744325e-22    0.000000000000e+00
    34    7.398466077897e-22   -2.350988701645e-38
    35   -2.084904250143e-21    1.880790961316e-37
    36    5.656985755595e-21    1.504632769053e-36
    37    1.028834798670e-19    1.805559322863e-35
    38    4.247328540421e-19    7.222237291452e-35
    39    1.218419411552e-18    4.814824860968e-35
    40    1.368174189443e-17   -7.703719777549e-34
    41    4.984579366388e-17    0.000000000000e+00
    42    1.228484611610e-16    0.000000000000e+00
    43    1.069632776754e-16    0.000000000000e+00
    44    7.667545325874e-18   -2.465190328816e-32
    45    5.753163262047e-15   -2.958228394579e-31
    46    5.520558326854e-15    3.944304526105e-31
    47   -3.756958275859e-14    4.733165431326e-30
    48    1.691705056101e-13   -2.524354896707e-29
    49    1.070426631419e-12   -1.514612938024e-28
    50    1.158574000599e-11   -1.615587133893e-27
    51    6.329554489625e-11    6.462348535571e-27
    52    4.129369627930e-10    0.000000000000e+00
    53    1.459102972418e-09   -5.169878828456e-26
    54    5.643937135069e-09    2.067951531383e-25
    55    5.635429382522e-08    0.000000000000e+00
    56    3.150538183570e-07   -1.240770918830e-24
    57    1.509418063054e-06   -3.308722450212e-24
    58    1.260480541481e-05   -1.058791184068e-22
    59    7.565957485558e-05    9.529120656611e-22
    60    6.493572182517e-04    3.388131789017e-21
    61    5.578722610311e-03    0.000000000000e+00
    62    5.498780779380e-02    1.084202172486e-19
    63    5.459247066168e-01    8.673617379884e-19
