     0    1.133246172395e+01   -3.903127820948e-18
     1    5.126553218076e-01    4.336808689942e-19
     2    4.541310112957e-02    1.084202172486e-19
     3    5.076852940687e-03    0.000000000000e+00
     4    6.176250491512e-04    3.388131789017e-21
     5    6.820601808171e-05    4.235164736272e-22
     6    9.203603043048e-06    1.323488980085e-23
     7    1.421182958528e-06    1.323488980085e-23
     8    1.918957579268e-07   -5.376673981595e-24
     9    3.364848461294e-08    4.135903062765e-25
    10    8.044722389092e-09    1.550963648537e-25
    11    1.338559408165e-09    1.292469707114e-26
    12    1.331003035957e-10    1.615587133893e-27
    13    2.407249426620e-11    0.000000000000e+00
    14    6.945718931238e-12    1.009741958683e-28
    15    2.883493614876e-12    5.048709793414e-29
    16    6.523743907731e-13   -1.262177448354e-29
    17    4.198204601581e-14    0.000000000000e+00
    18   -1.323290942031e-14    0.000000000000e+00
    19   -3.607478671808e-15    2.958228394579e-31
    20   -1.287641253940e-15   -9.860761315263e-32
    21   -1.790999123224e-16    0.000000000000e+00
    22   -1.689459524515e-18    0.000000000000e+00
    23    2.179207815720e-18    4.237045877652e-33
    24   -3.225978902303e-19   -8.666684749743e-34
    25   -2.790019743791e-19    1.805559322863e-34
    26   -2.199011170780e-19    9.629649721936e-35
    27   -1.845887843956e-20    6.018531076210e-36
    28    3.232516736400e-21   -1.880790961316e-37
    29    1.324227858835e-22    1.998340396398e-37
    30    2.441086366405e-22   -2.350988701645e-38
    31    6.831324719064e-23    2.938735877056e-38
    32    1.744798209049e-22   -2.938735877056e-39
    33    1.894699722413e-21   -4.701977403289e-38
    34    4.690370608343e-22   -4.701977403289e-37
    35    4.827572782308e-20    0.000000000000e+00
    36    3.239110781852e-20    1.805559322863e-35
    37   -1.643194886539e-19    0.000000000000e+00
    38    4.329533114526e-20    0.000000000000e+00
    39    4.405617555463e-19    9.629649721936e-35
    40    2.587040586014e-18    0.000000000000e+00
    41    3.442252760658e-17   -6.162975822039e-33
    42    6.387195573082e-17   -1.232595164408e-32
    43   -7.281383811440e-17   -2.465190328816e-32
    44   -1.378230533935e-15    0.000000000000e+00
    45   -4.517485171259e-15   -3.944304526105e-31
    46    1.516259815341e-14    3.944304526105e-31
    47   -9.138896569551e-15    6.310887241768e-30
    48    2.553865511204e-13    0.000000000000e+00
    49    1.036316190892e-12   -1.009741958683e-28
    50    2.848688675524e-12    0.000000000000e+00
    51    1.187285513546e-11    0.000000000000e+00
    52    1.484674981889e-10    0.000000000000e+00
    53    8.344466137178e-10    2.584939414228e-26
    54    3.774786969337e-09   -3.101927297074e-25
    55    1.715678693969e-08   -8.271806125530e-25
    56    1.817953813634e-07    1.654361225106e-24
    57    1.496367265849e-06    0.000000000000e+00
    58    1.204502213856e-05    0.000000000000e+00
    59    8.692551371745e-05   -8.470329472543e-22
    60    7.768729316837e-04    0.000000000000e+00
    61    6.614970096488e-03    5.421010862428e-20
    62    6.125910920430e-02    0.000000000000e+00
    63    5.305720293745e-01    8.673617379884e-19
