     0    1.179725513362e+01    1.387778780781e-17
     1    5.078855145820e-01    0.000000000000e+00
     2    4.464920533903e-02    0.000000000000e+00
     3    4.219828179344e-03    0.000000000000e+00
     4    5.237497491024e-04    0.000000000000e+00
     5    7.100882425497e-05    8.470329472543e-22
     6    8.590481588285e-06    5.293955920339e-23
     7    1.548944297196e-06    1.323488980085e-23
     8    2.410837991098e-07   -8.271806125530e-25
     9    4.831837475985e-08   -5.169878828456e-25
    10    1.093472462466e-08   -3.618915179919e-25
    11    2.237687228560e-09   -3.877409121342e-26
    12    3.424839959756e-10   -5.654554968624e-27
    13    3.782122626531e-11   -2.019483917366e-27
    14    7.721047260917e-12   -4.038967834732e-28
    15    5.063939026149e-13    2.524354896707e-29
    16    4.795899672818e-13   -1.262177448354e-29
    17    4.545973308782e-14    1.893266172530e-29
    18    1.662027422217e-14    1.183291357832e-30
    19    4.242074635462e-15    0.000000000000e+00
    20    4.932208846792e-17    2.465190328816e-32
    21   -5.098738894193e-17    6.162975822039e-33
    22   -1.074510149828e-17    3.081487911020e-33
    23    1.449794319669e-18   -7.703719777549e-34
    24   -9.524022635668e-19   -1.925929944387e-34
    25   -3.278180253012e-19   -2.407412430484e-35
    26   -1.269409256043e-19    0.000000000000e+00
    27   -2.065510097554e-20    0.000000000000e+00
    28   -3.020696977730e-20   -7.523163845263e-37
    29   -7.426830265101e-21    0.000000000000e+00
    30   -6.917622826104e-22    4.701977403289e-38
    31   -2.147780448557e-22    2.350988701645e-38
    32   -7.503120096394e-23    1.763241526233e-38
    33    7.222294052898e-22    5.877471754111e-39
    34    2.230159099042e-21    1.175494350822e-38
    35    2.256189735184e-21    0.000000000000e+00
    36   -5.716314440988e-20    3.009265538105e-36
    37   -1.860478796844e-20   -1.203706215242e-35
    38    1.058793657441e-18    1.203706215242e-35
    39    3.065978151204e-18   -1.925929944387e-34
    40    7.846488030833e-18   -7.703719777549e-34
    41    5.481679340259e-17   -6.162975822039e-33
    42    1.846997879251e-16    0.000000000000e+00
    43    2.678644716124e-16   -6.779273404243e-32
    44    5.123450599658e-15    1.479114197289e-31
    45    2.228812579561e-14   -1.479114197289e-30
    46    4.169233661697e-14   -7.888609052210e-30
    47    8.641083521419e-14   -6.310887241768e-30
    48    9.726752969112e-13   -1.009741958683e-28
    49   -2.308641054813e-13    0.000000000000e+00
    50    8.941930318104e-12    3.029225876049e-28
    51    3.667454405620e-11    3.231174267785e-27
    52    2.190855458836e-10   -1.615587133893e-27
    53    3.180373890580e-10    2.584939414228e-26
    54    3.510940055565e-09    1.033975765691e-25
    55    5.282032671078e-08    0.000000000000e+00
    56    4.235471574964e-07    3.308722450212e-24
    57    3.555752638375e-06   -2.646977960170e-23
    58    2.140573497868e-05   -2.117582368136e-22
    59    1.520048624924e-04    0.000000000000e+00
    60    9.522679304455e-04    0.000000000000e+00
    61    6.080930762900e-03    5.421010862428e-20
    62    5.588875396037e-02    0.000000000000e+00
    63    5.548022008775e-01   -1.301042606983e-18
