     0    1.156455400514e+01    1.734723475977e-18
     1    5.374935487538e-01   -1.734723475977e-18
     2    5.454126166906e-02    0.000000000000e+00
     3    5.454421948179e-03   -1.694065894509e-20
     4    6.410712774472e-04    2.541098841763e-21
     5    6.200822309285e-05    4.764560328305e-22
     6    5.781539448186e-06    6.617444900424e-23
     7    1.089317073523e-06   -3.308722450212e-24
     8    1.069674375258e-07   -4.963083675318e-24
     9    3.572648987408e-08    8.271806125530e-25
    10    8.408388550710e-09   -5.169878828456e-25
    11    8.736021689855e-10   -1.292469707114e-25
    12    3.116323851683e-10   -1.292469707114e-26
    13    6.476745449109e-11   -3.231174267785e-27
    14    9.290711704446e-12    9.087677628146e-28
    15    1.802276358495e-12    3.029225876049e-28
    16   -6.727397977826e-13   -1.262177448354e-29
    17    8.904323616145e-14    6.310887241768e-30
    18    1.069446304578e-13    7.888609052210e-31
    19    1.348967803834e-14   -1.133987551255e-30
    20    3.064046746180e-15    0.000000000000e+00
    21    1.736345032341e-16   -6.162975822039e-33
    22   -6.605348582914e-17    0.000000000000e+00
    23   -2.441111326800e-17   -7.703719777549e-34
    24   -3.032553352236e-18    9.629649721936e-35
    25   -4.344700792701e-19   -9.027796614315e-36
    26   -2.002106150745e-19   -4.513898307158e-36
    27   -5.689200777447e-20   -4.513898307158e-36
    28   -8.795342468088e-21    1.880790961316e-37
    29   -2.773492723402e-21    2.350988701645e-37
    30   -1.190713676829e-21    4.701977403289e-38
    31   -3.676563075603e-22    0.000000000000e+00
    32   -1.471388939475e-22   -2.644862289350e-38
    33   -3.387561690856e-23    5.877471754111e-39
    34   -4.410222876153e-22    4.701977403289e-38
    35   -2.076639509910e-21   -1.880790961316e-37
    36    1.621607717549e-21    0.000000000000e+00
    37    5.171731905924e-20   -1.504632769053e-36
    38    3.146230449794e-19    6.018531076210e-36
    39    1.628313126068e-18    0.000000000000e+00
    40    5.000114897540e-18   -1.925929944387e-34
    41    1.332729173208e-17    3.851859888774e-34
    42    5.829689541373e-17   -3.081487911020e-33
    43    1.985625094501e-16    0.000000000000e+00
    44    1.032549108943e-15    3.697785493223e-32
    45   -6.839596802405e-16    0.000000000000e+00
    46    1.443437889343e-14   -1.577721810442e-30
    47    1.046294068250e-13    0.000000000000e+00
    48    6.543452964322e-13    1.262177448354e-29
    49    2.091174501267e-12    0.000000000000e+00
    50    8.479904889653e-12    5.048709793414e-29
    51    3.575646975730e-11    0.000000000000e+00
    52    3.216017418867e-10    3.231174267785e-27
    53    1.283348663977e-09    3.877409121342e-26
    54    2.862436501476e-09    5.169878828456e-26
    55    1.503487802479e-08    1.033975765691e-25
    56    1.252414204559e-07   -3.308722450212e-24
    57    1.078726761783e-06    9.926167350636e-24
    58    6.713710772244e-06    3.970466940255e-23
    59    5.648512409431e-05    2.117582368136e-22
    60    4.597717998931e-04    2.117582368136e-22
    61    4.618283601217e-03   -1.694065894509e-21
    62    4.471341548408e-02    2.710505431214e-20
    63    5.205369609136e-01   -8.673617379884e-19
