     0    1.200006278678e+01    0.000000000000e+00
     1    5.551320373943e-01   -8.673617379884e-19
     2    5.364001239635e-02   -5.421010862428e-20
     3    5.219835856940e-03    5.421010862428e-20
     4    5.871380497036e-04    1.694065894509e-21
     5    7.102503164109e-05    0.000000000000e+00
     6    7.235612374468e-06   -5.293955920339e-23
     7    1.177424933091e-06   -1.323488980085e-23
     8    2.178438392905e-07    6.617444900424e-24
     9    6.341988457335e-08   -4.135903062765e-25
    10    1.262082510824e-08    2.067951531383e-25
    11    2.347723552124e-09    0.000000000000e+00
    12    3.866522267236e-10   -6.462348535571e-27
    13    8.291603156900e-11    8.077935669463e-27
    14    1.412592492667e-11    2.019483917366e-28
    15    3.367136612849e-12    0.000000000000e+00
    16    3.785709459385e-13    0.000000000000e+00
    17    7.568336800406e-14   -1.577721810442e-30
    18    1.598549192448e-14    3.944304526105e-31
    19    1.914407271357e-16   -1.972152263053e-31
    20   -5.231591771256e-16    0.000000000000e+00
    21   -1.210382778363e-16    0.000000000000e+00
    22   -3.272508785755e-17    0.000000000000e+00
    23   -1.114294326147e-17   -5.777789833162e-34
    24   -4.599154131728e-18    3.009265538105e-34
    25   -3.015384453918e-19   -2.407412430484e-35
    26    7.823433535255e-20    2.407412430484e-35
    27   -1.771981589468e-20    1.203706215242e-35
    28    4.565848184772e-21   -1.504632769053e-36
    29    3.558400886678e-22   -1.880790961316e-37
    30    1.574863750560e-22   -9.403954806578e-38
    31    6.836761181804e-23   -1.175494350822e-38
    32   -2.870460278404e-23   -5.877471754111e-39
    33    3.323509492931e-23   -1.469367938528e-39
    34   -1.706355119391e-22    3.526483052467e-38
    35   -3.933424467309e-21   -9.403954806578e-38
    36   -8.533197115645e-21   -1.034435028724e-36
    37    2.804859211817e-21   -1.504632769053e-36
    38   -7.546110400848e-20    4.513898307158e-36
    39   -1.995612415708e-19    1.805559322863e-35
    40   -1.614719949950e-18    0.000000000000e+00
    41   -1.319396958223e-17    0.000000000000e+00
    42   -2.270709244949e-17   -3.851859888774e-34
    43    4.681064789238e-17    5.392603844284e-33
    44    2.254147721957e-16    3.081487911020e-33
    45    5.755437482823e-16    2.465190328816e-32
    46    6.631547699493e-15   -4.930380657631e-31
    47    5.530562982609e-14    1.972152263053e-31
    48    2.950887434566e-13    0.000000000000e+00
    49    6.083410514949e-13    7.573064690122e-29
    50    4.274013475376e-12    8.835242138475e-29
    51    1.923913396100e-11    0.000000000000e+00
    52    8.800737035702e-11    1.615587133893e-27
    53    4.400083354078e-10    0.000000000000e+00
    54    3.505323172982e-09   -9.693522803356e-27
    55    2.537649885712e-08   -6.203854594148e-25
    56    1.619237126280e-07    0.000000000000e+00
    57    1.168204257674e-06    6.617444900424e-24
    58    9.594790725323e-06   -6.617444900424e-23
    59    8.160822449046e-05   -3.176373552204e-22
    60    6.480879721968e-04    0.000000000000e+00
    61    5.650899547267e-03   -6.776263578034e-21
    62    5.191782868497e-02    4.065758146821e-20
    63    5.407772429492e-01    1.843143693225e-18
