     0    1.154078733042e+01   -5.204170427930e-18
     1    4.912101391657e-01   -4.336808689942e-19
     2    4.637765224442e-02    0.000000000000e+00
     3    4.291414207270e-03   -1.355252715607e-20
     4    4.540718784223e-04   -1.694065894509e-21
     5    5.295728292838e-05    4.235164736272e-22
     6    9.058194739521e-06    2.117582368136e-22
     7    1.203325340641e-06    1.323488980085e-23
     8    1.596252973472e-07   -1.654361225106e-24
     9    2.797171596561e-09   -4.135903062765e-25
    10    2.730902060290e-10   -1.421716677826e-25
    11   -3.023974851469e-10   -1.874081075315e-25
    12   -1.525835190407e-11    4.846761401678e-27
    13    2.399075984013e-11    3.231174267785e-27
    14   -6.005007317843e-12   -1.615587133893e-27
    15   -2.574057371791e-12    0.000000000000e+00
    16   -8.624973224283e-13    3.155443620884e-29
    17   -2.526680839747e-13   -2.524354896707e-29
    18   -7.252796472839e-15   -7.888609052210e-31
    19   -8.388041704160e-15    3.944304526105e-31
    20   -2.141379813705e-15    0.000000000000e+00
    21   -8.786401575821e-16   -2.465190328816e-32
    22   -2.844699799447e-16    2.465190328816e-32
    23   -7.566081142832e-17    0.000000000000e+00
    24   -2.012468244331e-17   -9.629649721936e-35
    25   -4.199979127647e-18   -7.222237291452e-35
    26   -5.428491716735e-19    0.000000000000e+00
    27   -1.084107908257e-19   -1.504632769053e-36
    28   -5.303098540412e-21   -9.027796614315e-36
    29    5.879809393040e-21   -1.504632769053e-36
    30   -9.335137956528e-22    7.523163845263e-37
    31    1.661293565410e-22    7.052966104934e-38
    32    2.047470878187e-22    2.938735877056e-38
    33    3.137569512640e-22    0.000000000000e+00
    34    7.774209750877e-22    2.791799083203e-38
    35    1.802358008258e-21   -2.204051907792e-38
    36    1.628464230749e-21    2.350988701645e-38
    37    2.592213311728e-20    6.582768364605e-37
    38    4.034605409268e-20    7.523163845263e-37
    39    4.138050379915e-19    0.000000000000e+00
    40    1.725216904888e-18    1.203706215242e-35
    41    7.083072453968e-18    9.629649721936e-35
    42   -1.902913487096e-17    0.000000000000e+00
    43   -4.310675033067e-16    1.386669559959e-32
    44    4.819559785650e-16   -1.232595164408e-32
    45    3.872403796622e-15    2.465190328816e-31
    46    3.101162573501e-14    1.528418003866e-30
    47    1.176533171563e-13    0.000000000000e+00
    48    3.236243296019e-13   -1.577721810442e-29
    49    8.119361659327e-13   -7.573064690122e-29
    50   -2.799499887419e-12   -2.019483917366e-28
    51   -1.535249137108e-11   -1.211690350419e-27
    52    5.132233957236e-11   -3.231174267785e-27
    53    2.917665844927e-10    1.292469707114e-26
    54    2.895139150177e-09    1.550963648537e-25
    55    1.204809128968e-08   -5.169878828456e-26
    56    6.836578104579e-08    1.654361225106e-24
    57    5.727237166460e-07    3.308722450212e-24
    58    6.628824197767e-06   -6.617444900424e-23
    59    5.874954731519e-05   -3.705769144238e-22
    60    4.710269048812e-04    0.000000000000e+00
    61    4.458245606920e-03    1.355252715607e-20
    62    4.727889736673e-02    1.626303258728e-19
    63    5.230008213446e-01    8.673617379884e-19
