     0    1.161898232945e+01    3.469446951954e-18
     1    5.551835621681e-01   -8.673617379884e-19
     2    5.188195845732e-02   -1.084202172486e-19
     3    5.054250178495e-03    1.355252715607e-20
     4    5.535505413069e-04   -1.694065894509e-21
     5    6.720470372329e-05   -5.293955920339e-22
     6    9.654664092757e-06   -7.940933880509e-23
     7    1.175205950574e-06   -2.977850205191e-23
     8    1.395122894423e-07    0.000000000000e+00
     9    3.494831364912e-08   -4.135903062765e-25
    10    6.617706904096e-09    1.033975765691e-25
    11    1.114534151495e-09    0.000000000000e+00
    12    1.145187759396e-10    4.038967834732e-28
    13    1.000041231356e-11    8.077935669463e-28
    14    2.087195990647e-13    2.019483917366e-28
    15   -6.191632671162e-14   -1.262177448354e-29
    16   -1.164959802877e-14   -6.310887241768e-30
    17    2.206245128973e-14    3.944304526105e-31
    18    5.053381250070e-15    0.000000000000e+00
    19    8.099616435538e-16   -8.628166150855e-32
    20   -3.746115167005e-18    1.848892746612e-32
    21    2.050008595433e-17   -7.703719777549e-34
    22    3.968930990767e-18   -9.629649721936e-35
    23   -9.319454076752e-19    4.814824860968e-35
    24   -8.017875270321e-19    3.611118645726e-35
    25   -5.035947469034e-20   -1.053242938337e-35
    26    3.875452549255e-21    1.880790961316e-36
    27    4.491360038110e-21   -9.403954806578e-38
    28    1.538773043118e-21    8.228460455756e-38
    29    2.509344608263e-22    0.000000000000e+00
    30    6.441753777927e-23   -5.877471754111e-39
    31    7.492867317709e-24    1.469367938528e-39
    32   -7.542711163091e-24    1.469367938528e-39
    33   -3.499254689081e-23   -4.408103815584e-39
    34    1.159486804247e-22    2.938735877056e-38
    35    1.289090319300e-21   -5.877471754111e-39
    36   -4.509231953277e-22   -1.880790961316e-37
    37   -2.497785729336e-21    0.000000000000e+00
    38   -5.020651517059e-20   -6.018531076210e-36
    39   -4.306103379832e-19   -1.203706215242e-35
    40   -7.548394875290e-19   -7.222237291452e-35
    41    3.788559747038e-18    7.703719777549e-34
    42    5.011544129989e-18   -2.311115933265e-33
    43    4.128384580133e-17   -4.930380657631e-32
    44   -2.950718989647e-16    0.000000000000e+00
    45   -9.929559172362e-16   -3.944304526105e-31
    46   -7.094863488487e-15    7.888609052210e-31
    47   -1.351786161726e-14    0.000000000000e+00
    48    5.473514123709e-13   -4.259848888193e-29
    49    1.537798095030e-12    5.048709793414e-29
    50    3.566939672959e-12   -2.019483917366e-28
    51    3.069701894693e-11    0.000000000000e+00
    52    3.147015776689e-10    6.462348535571e-27
    53    1.708312369508e-09   -5.169878828456e-26
    54    9.598479094221e-09    4.135903062765e-25
    55    3.908888507271e-08    0.000000000000e+00
    56    2.296571425585e-07   -6.617444900424e-24
    57    1.683079493869e-06    0.000000000000e+00
    58    1.188565543864e-05    5.293955920339e-23
    59    8.268307377501e-05   -7.940933880509e-23
    60    7.959350598363e-04   -2.541098841763e-21
    61    5.905550275610e-03   -4.065758146821e-20
    62    5.060224645542e-02    6.776263578034e-21
    63    5.420114513033e-01    1.355252715607e-19
