     0    1.184486738192e+01   -1.301042606983e-18
     1    5.531557803026e-01    0.000000000000e+00
     2    5.404921288569e-02    1.626303258728e-19
     3    5.985194449078e-03   -1.355252715607e-20
     4    7.395689453961e-04   -3.388131789017e-21
     5    1.066395463298e-04    4.235164736272e-22
     6    1.444483524975e-05    0.000000000000e+00
     7    1.978762364323e-06   -1.985233470127e-23
     8    2.310184794625e-07    5.790264287871e-24
     9    4.285402840739e-08    0.000000000000e+00
    10    6.272650075962e-09    5.169878828456e-26
    11    5.432222186216e-10   -5.169878828456e-26
    12    9.862779805799e-11    2.908056841007e-26
    13    5.347778507358e-11    8.077935669463e-28
    14    5.397089075796e-12    1.767048427695e-28
    15    1.553521604391e-12    5.048709793414e-29
    16    3.391154426519e-13    1.262177448354e-29
    17    8.579171207917e-14    0.000000000000e+00
    18    1.736909552839e-14   -1.577721810442e-30
    19   -9.669135288903e-16   -1.972152263053e-31
    20   -2.600613156049e-16   -9.860761315263e-32
    21   -7.366128510034e-19   -4.930380657631e-32
    22    2.211297713169e-17   -9.244463733059e-33
    23    4.696377661740e-18    0.000000000000e+00
    24   -6.319249040104e-19    0.000000000000e+00
    25    6.222953981591e-21    0.000000000000e+00
    26   -1.249671028771e-19   -1.203706215242e-35
    27   -2.249394259363e-20   -1.504632769053e-36
    28   -6.547205669504e-21    3.761581922631e-37
    29   -9.543572871977e-22    9.403954806578e-38
    30   -1.278553032028e-23    5.877471754111e-39
    31    5.598962390473e-24    5.877471754111e-39
    32   -1.825842597987e-23   -1.469367938528e-39
    33   -3.837530467271e-23    0.000000000000e+00
    34   -2.331371895232e-22    0.000000000000e+00
    35   -1.103477621325e-21    0.000000000000e+00
    36   -5.201669763218e-21    3.761581922631e-37
    37    1.771093167499e-20    0.000000000000e+00
    38    9.813414534031e-20   -3.009265538105e-36
    39    5.847104766307e-19    4.814824860968e-35
    40    3.426438421425e-18    0.000000000000e+00
    41    1.540557333945e-17    0.000000000000e+00
    42   -5.052371743404e-18    0.000000000000e+00
    43    1.823241399759e-16   -1.232595164408e-32
    44    1.979197749813e-15    4.930380657631e-32
    45    8.765192189125e-15    0.000000000000e+00
    46    2.491650018342e-16    7.888609052210e-31
    47    8.515983510039e-14   -2.524354896707e-29
    48    2.274675852835e-13    0.000000000000e+00
    49   -5.094112316122e-13    0.000000000000e+00
    50    5.362274780681e-12    0.000000000000e+00
    51   -2.843623384142e-11    3.231174267785e-27
    52    8.207895697705e-12   -1.615587133893e-27
    53    3.892179151400e-10    1.292469707114e-26
    54    1.196492548892e-09    0.000000000000e+00
    55    2.781990990202e-08   -4.135903062765e-25
    56    2.757856284829e-07    8.271806125530e-25
    57    1.949670544413e-06    6.617444900424e-24
    58    1.266434188930e-05    0.000000000000e+00
    59    8.630829513512e-05    4.235164736272e-22
    60    6.172248087762e-04    3.388131789017e-21
    61    5.865557904327e-03    0.000000000000e+00
    62    4.917885145766e-02    1.084202172486e-19
    63    5.279583097043e-01    1.192622389734e-18
