     0    1.115944858612e+01    3.469446951954e-18
     1    5.080002221665e-01   -1.734723475977e-18
     2    4.810189775938e-02   -1.084202172486e-19
     3    5.094361028811e-03   -2.710505431214e-20
     4    6.171079490352e-04    3.388131789017e-21
     5    7.560601119517e-05   -4.235164736272e-22
     6    1.012723391275e-05    0.000000000000e+00
     7    1.458931558842e-06    1.323488980085e-23
     8    2.123524691985e-07   -3.308722450212e-24
     9    2.911211549176e-08   -8.271806125530e-25
    10    7.880994461955e-09    0.000000000000e+00
    11    2.445936297285e-09    1.292469707114e-26
    12    3.709820162688e-10   -9.693522803356e-27
    13    5.526528752832e-11   -4.038967834732e-28
    14    1.444961082271e-11   -7.573064690122e-28
    15    1.873441826863e-12   -5.048709793414e-29
    16    2.685762761501e-13   -2.524354896707e-29
    17   -3.299050789155e-14    6.310887241768e-30
    18   -9.419956443678e-15   -1.577721810442e-30
    19   -3.524154989057e-15    0.000000000000e+00
    20   -7.330855589150e-16    1.232595164408e-31
    21   -9.616430278024e-17   -3.081487911020e-33
    22   -5.029104861680e-17    4.237045877652e-33
    23   -9.830053053424e-18    5.777789833162e-34
    24    3.316772852911e-18    7.222237291452e-35
    25    1.256152244503e-18    0.000000000000e+00
    26    1.823032135324e-19   -1.805559322863e-35
    27   -9.533351187265e-20    6.018531076210e-36
    28   -2.602474674954e-20    0.000000000000e+00
    29   -4.382275390649e-21    3.526483052467e-37
    30   -2.686298166912e-22    2.350988701645e-38
    31    8.772131088680e-23   -5.877471754111e-39
    32    2.770838267994e-23   -1.469367938528e-39
    33    4.499055921443e-23    1.028557556970e-38
    34   -1.504688944579e-22    0.000000000000e+00
    35    1.038015515466e-22    4.701977403289e-38
    36    2.196029377526e-21   -1.880790961316e-37
    37   -1.378945008360e-20   -3.009265538105e-36
    38   -3.387055786158e-19   -2.407412430484e-35
    39   -4.774199380747e-19    9.629649721936e-35
    40    2.115317961101e-18    0.000000000000e+00
    41    2.191248811975e-17   -3.851859888774e-34
    42   -6.933134298196e-18   -6.162975822039e-33
    43   -6.057976424522e-17    0.000000000000e+00
    44   -2.216984022922e-15   -1.972152263053e-31
    45   -2.182484702080e-15    0.000000000000e+00
    46   -5.399639793792e-14    0.000000000000e+00
    47   -4.361089535587e-13    1.893266172530e-29
    48   -2.815037565901e-12   -5.048709793414e-29
    49   -6.183352726825e-12    2.019483917366e-28
    50   -1.594052807356e-11    8.077935669463e-28
    51   -1.514824627702e-11    3.231174267785e-27
    52   -3.434604800915e-11    6.462348535571e-27
    53    5.300121996048e-10    2.584939414228e-26
    54    5.032949682995e-09    0.000000000000e+00
    55    3.545671374456e-08   -8.271806125530e-25
    56    2.449237759889e-07    1.654361225106e-24
    57    1.570540893533e-06   -6.617444900424e-24
    58    9.897071466809e-06    0.000000000000e+00
    59    6.015682589840e-05    0.000000000000e+00
    60    4.855783283624e-04    0.000000000000e+00
    61    4.444707313503e-03   -1.355252715607e-20
    62    4.369804300165e-02    2.710505431214e-20
    63    4.859775435889e-01    0.000000000000e+00
