     0    1.186441599150e+01   -3.469446951954e-18
     1    5.346043091623e-01    2.818925648462e-18
     2    4.843497987460e-02    0.000000000000e+00
     3    4.517047938847e-03   -2.032879073410e-20
     4    5.174856837253e-04    1.058791184068e-21
     5    5.176922955106e-05    0.000000000000e+00
     6    6.381338429423e-06    1.323488980085e-23
     7    8.865432975081e-07   -9.926167350636e-24
     8    1.379264073922e-07    3.929107909627e-24
     9    1.772892509621e-08   -4.135903062765e-25
    10    1.300860142597e-09   -2.584939414228e-26
    11    1.488512098835e-10    1.292469707114e-26
    12    7.720553854901e-12    6.462348535571e-27
    13    8.008953603816e-12   -8.077935669463e-28
    14    2.420999270094e-12   -1.514612938024e-28
    15    2.116353814065e-13   -5.048709793414e-29
    16    8.489187707099e-14    0.000000000000e+00
    17   -4.838216642637e-15   -1.577721810442e-30
    18    3.098257299763e-15    0.000000000000e+00
    19    6.203712502731e-16   -2.465190328816e-32
    20    3.327529598602e-17    2.773339119918e-32
    21    4.986821733038e-17    0.000000000000e+00
    22    1.753180055714e-17    2.311115933265e-33
    23    4.669737324038e-18   -9.629649721936e-35
    24    3.637665434789e-18   -1.925929944387e-34
    25    6.599013747184e-19    0.000000000000e+00
    26    6.539736719494e-20    3.761581922631e-36
    27    5.259826046818e-21   -1.880790961316e-37
    28   -3.266839983786e-21    5.877471754111e-38
    29   -6.036205906525e-22   -4.701977403289e-38
    30   -7.462914625681e-23    5.877471754111e-39
    31    2.361042078854e-23    0.000000000000e+00
    32   -4.326762681851e-23    0.000000000000e+00
    33   -5.125306183839e-22    5.877471754111e-38
    34   -1.001973169205e-23    0.000000000000e+00
    35   -2.064088481909e-21   -7.523163845263e-37
    36    2.936989543130e-20    3.009265538105e-36
    37   -9.795609368973e-20    2.256949153579e-36
    38   -1.202720629177e-18    1.925929944387e-34
    39   -2.972238398739e-18    9.629649721936e-35
    40   -1.062808126330e-17    7.703719777549e-34
    41    2.123176858011e-17    0.000000000000e+00
    42    1.793201758524e-16    0.000000000000e+00
    43    6.611444681709e-16   -9.860761315263e-32
    44    3.280702731962e-15    0.000000000000e+00
    45   -6.500125432228e-15   -7.888609052210e-31
    46   -4.044518081579e-14   -3.155443620884e-30
    47   -1.793035897387e-13    1.262177448354e-29
    48   -1.037568526997e-12    1.009741958683e-28
    49   -3.559141888793e-12    0.000000000000e+00
    50   -6.169764818182e-12   -8.077935669463e-28
    51   -1.534442433932e-11    4.038967834732e-28
    52    8.590665018881e-11   -6.462348535571e-27
    53    3.687061711072e-10    0.000000000000e+00
    54    7.958459761202e-10    2.067951531383e-25
    55    3.260411353747e-08    0.000000000000e+00
    56    2.883820526865e-07    2.067951531383e-24
    57    1.499785439496e-06    1.323488980085e-23
    58    8.697813688728e-06   -1.058791184068e-22
    59    5.378492449232e-05   -4.235164736272e-22
    60    5.103163369673e-04   -3.388131789017e-21
    61    5.258379048938e-03    0.000000000000e+00
    62    5.310582635577e-02    0.000000000000e+00
    63    5.116542302374e-01    1.301042606983e-18
