     0    1.176352626258e+01    6.938893903907e-18
     1    5.115235430195e-01    1.301042606983e-18
     2    4.833598708490e-02    1.084202172486e-19
     3    4.908080429433e-03   -2.032879073410e-20
     4    5.426194917576e-04   -5.929230630780e-21
     5    5.192345876670e-05    0.000000000000e+00
     6    4.685161950006e-06   -1.323488980085e-23
     7    8.490062490032e-07   -1.985233470127e-23
     8    1.621107381841e-07   -4.135903062765e-25
     9    3.444672845977e-08   -4.135903062765e-25
    10    4.085650094369e-09    0.000000000000e+00
    11    5.287139267728e-10    0.000000000000e+00
    12    8.290879474396e-11    0.000000000000e+00
    13    1.000820889828e-11    8.077935669463e-28
    14   -6.329754561302e-12    0.000000000000e+00
    15   -5.039516507374e-13   -5.048709793414e-29
    16   -2.167631482316e-14   -9.466330862652e-30
    17   -2.421319647765e-14    0.000000000000e+00
    18   -6.097300761831e-15    1.972152263053e-31
    19   -9.885412482092e-16    4.930380657631e-32
    20   -8.544818661108e-17   -2.465190328816e-32
    21    3.936325859903e-17    4.622231866529e-33
    22    1.579621229453e-17    1.348150961071e-33
    23    1.291159352735e-17    0.000000000000e+00
    24    2.272374236843e-18   -2.407412430484e-35
    25    1.221211254608e-18    1.564818079815e-34
    26    2.207034136897e-19    1.805559322863e-35
    27    4.995946488379e-20    4.513898307158e-36
    28    1.476078774957e-20   -1.504632769053e-36
    29    2.729155174906e-21    9.403954806578e-38
    30    2.524126296450e-22    2.350988701645e-38
    31    1.405749987982e-23   -4.040761830952e-39
    32    1.990340985001e-23    7.346839692639e-40
    33    8.953377480778e-23    2.938735877056e-39
    34    7.272048329857e-23   -8.816207631167e-39
    35   -1.262052056973e-21    1.057944915740e-37
    36   -1.062003937294e-20    0.000000000000e+00
    37   -9.604291682460e-20    0.000000000000e+00
    38   -2.373721217069e-19    0.000000000000e+00
    39   -1.782353400683e-18   -4.814824860968e-35
    40   -7.554169189336e-18   -1.925929944387e-34
    41   -7.825817713327e-18    0.000000000000e+00
    42   -6.312061357352e-17    6.162975822039e-33
    43   -6.937434517477e-17    4.622231866529e-33
    44   -6.073104392944e-16    4.930380657631e-32
    45   -9.072954424023e-16   -1.972152263053e-31
    46   -6.460006112313e-15    1.972152263053e-31
    47   -1.759505599342e-14    2.761013168274e-30
    48   -5.908932495746e-14   -5.522026336547e-30
    49    7.242243686155e-13    4.417621069238e-29
    50    1.370279795317e-11   -2.019483917366e-28
    51    7.105754210311e-11    8.077935669463e-28
    52    2.757815400202e-10    1.615587133893e-27
    53    1.392240843259e-09   -3.877409121342e-26
    54    4.284603241269e-09   -5.169878828456e-26
    55    2.655948415215e-08    8.271806125530e-25
    56    1.573928434912e-07   -3.308722450212e-24
    57    1.055814929323e-06   -1.323488980085e-23
    58    8.787098192001e-06   -2.249931266144e-22
    59    7.153787915062e-05    1.058791184068e-22
    60    6.435864117063e-04   -1.270549420881e-21
    61    5.669989958154e-03   -2.710505431214e-20
    62    4.949023094978e-02   -1.084202172486e-19
    63    5.420244748585e-01    0.000000000000e+00
