     0    1.150394258892e+01    1.387778780781e-17
     1    4.982302591888e-01   -8.673617379884e-19
     2    4.323264464884e-02    1.626303258728e-19
     3    4.491292678539e-03    6.776263578034e-21
     4    5.802962820440e-04    6.352747104407e-21
     5    7.653550789146e-05   -2.117582368136e-22
     6    1.050717396663e-05    3.209460776706e-22
     7    1.619074324680e-06   -1.985233470127e-23
     8    3.278024198415e-07    0.000000000000e+00
     9    5.069570057214e-08   -5.169878828456e-25
    10    5.128557531123e-09    0.000000000000e+00
    11    7.305699308140e-10    1.292469707114e-26
    12    7.378885645387e-11    0.000000000000e+00
    13    1.163572740089e-11    0.000000000000e+00
    14    3.687858014252e-12    0.000000000000e+00
    15    1.035255106787e-12    1.009741958683e-28
    16    1.156783491918e-13    6.310887241768e-30
    17    1.783377768352e-14   -3.155443620884e-30
    18    1.315060971205e-14    0.000000000000e+00
    19    8.445477719287e-16   -7.395570986447e-32
    20    1.439557074063e-16    7.395570986447e-32
    21    4.226784273725e-17    1.232595164408e-32
    22    1.276356826264e-19   -3.851859888774e-34
    23   -9.451014471540e-20    0.000000000000e+00
    24    9.103155603114e-19    1.444447458290e-34
    25    3.278580896622e-19    6.018531076210e-35
    26    4.564834830329e-20   -3.009265538105e-36
    27    1.267657476081e-20    4.513898307158e-36
    28    7.315614076763e-21   -3.761581922631e-37
    29    5.981624193345e-23    9.403954806578e-38
    30   -3.340282953996e-22   -3.526483052467e-38
    31    1.450095475764e-23    1.763241526233e-38
    32   -1.969100930803e-22    3.526483052467e-38
    33   -5.259637880693e-22    4.701977403289e-38
    34    1.851818400916e-21   -1.880790961316e-37
    35    1.382591970740e-20   -7.523163845263e-37
    36    3.091424412977e-20   -1.504632769053e-36
    37   -1.875784871768e-20   -7.523163845263e-37
    38    2.898941961413e-19    0.000000000000e+00
    39    7.003912026648e-19    9.629649721936e-35
    40   -9.099638565801e-19   -3.851859888774e-34
    41    2.203314534857e-17    7.703719777549e-34
    42    5.049873080847e-16   -7.395570986447e-32
    43    2.085061235556e-15    1.972152263053e-31
    44    4.909309187126e-15   -7.888609052210e-31
    45    1.364612696409e-14    2.366582715663e-30
    46    3.569005852439e-14   -1.577721810442e-30
    47    2.556184249186e-13    0.000000000000e+00
    48    5.091310422143e-13    0.000000000000e+00
    49    8.998911886723e-13    5.048709793414e-29
    50    6.805341228758e-12   -4.038967834732e-28
    51    1.477187642896e-11    8.077935669463e-28
    52    3.234018643720e-11    0.000000000000e+00
    53    4.269252326509e-10   -5.169878828456e-26
    54    4.126843475246e-09    0.000000000000e+00
    55    2.546614192347e-08    6.203854594148e-25
    56    1.431048100324e-07    2.481541837659e-24
    57    9.518002608421e-07    0.000000000000e+00
    58    5.458994235655e-06    2.646977960170e-23
    59    4.601109590985e-05    6.352747104407e-22
    60    5.279848494274e-04   -6.776263578034e-21
    61    5.813900909766e-03    2.710505431214e-20
    62    5.124004714474e-02   -2.168404344971e-19
    63    5.136409901416e-01    0.000000000000e+00
