     0    1.130817957104e+01    0.000000000000e+00
     1    4.766016711078e-01    2.602085213965e-18
     2    4.341801814146e-02    0.000000000000e+00
     3    4.277043883147e-03    2.032879073410e-20
     4    4.895804610674e-04   -3.388131789017e-21
     5    6.970067700419e-05    0.000000000000e+00
     6    1.123556639906e-05   -1.058791184068e-22
     7    1.519098760826e-06   -2.646977960170e-23
     8    1.505004245854e-07   -6.617444900424e-24
     9    1.929935732820e-08    1.654361225106e-24
    10    3.690762040523e-09    0.000000000000e+00
    11    2.842025561010e-10    2.584939414228e-26
    12    1.291479438764e-10    6.462348535571e-27
    13    3.580882095429e-11    8.077935669463e-28
    14    6.992713743864e-12   -2.019483917366e-28
    15    1.324206119557e-12    0.000000000000e+00
    16    2.519723259862e-13    3.470987982972e-29
    17    9.710018603302e-14    0.000000000000e+00
    18    1.271290123841e-14    3.944304526105e-31
    19   -1.371442787409e-16   -4.930380657631e-32
    20   -1.118177746395e-16    2.465190328816e-32
    21   -3.051097114547e-18    3.081487911020e-33
    22    6.372363456805e-18    0.000000000000e+00
    23   -7.811006741435e-19   -1.324076836766e-34
    24    2.520467610624e-19    4.814824860968e-35
    25    1.809859795888e-19   -1.203706215242e-35
    26    9.578106820264e-20   -6.018531076210e-36
    27    2.037231521056e-20   -1.504632769053e-36
    28    7.856205339615e-21   -7.523163845263e-37
    29    1.208551822879e-21    9.403954806578e-38
    30    9.675287345831e-23    0.000000000000e+00
    31    8.088151778519e-23   -5.877471754111e-39
    32   -1.180237579730e-23    0.000000000000e+00
    33   -1.716054836824e-22    5.877471754111e-39
    34   -2.594198805025e-22    1.175494350822e-38
    35   -6.398014641662e-21    1.880790961316e-37
    36    1.168935288779e-20   -1.880790961316e-36
    37    9.783345535028e-20   -7.523163845263e-36
    38    1.882398640805e-19    1.203706215242e-35
    39    2.567838502577e-19   -9.629649721936e-35
    40   -4.964518092200e-19    9.629649721936e-35
    41   -1.688935369539e-17    0.000000000000e+00
    42   -1.205969803571e-16    1.848892746612e-32
    43   -5.592892763413e-16   -1.848892746612e-32
    44   -2.677824755396e-15    0.000000000000e+00
    45   -6.894855643544e-15   -1.972152263053e-31
    46    2.266302027344e-15   -7.888609052210e-31
    47    1.321010057288e-14    9.466330862652e-30
    48    5.377729233165e-13   -1.009741958683e-28
    49   -1.341405954918e-12    1.009741958683e-28
    50   -2.139609434270e-12   -4.038967834732e-28
    51   -3.673809121550e-11   -2.221432309102e-27
    52   -2.160369498089e-10    6.462348535571e-27
    53   -6.692928987430e-10   -7.754818242685e-26
    54   -6.795782611721e-10    0.000000000000e+00
    55    2.948034790865e-08    0.000000000000e+00
    56    1.814368863744e-07    9.926167350636e-24
    57    9.302747661009e-07    8.271806125530e-24
    58    6.328402977578e-06   -7.940933880509e-23
    59    5.872935283031e-05   -2.117582368136e-22
    60    5.918338543606e-04   -1.694065894509e-21
    61    5.160929669747e-03    0.000000000000e+00
    62    5.121281693915e-02   -7.047314121156e-19
    63    5.081724310487e-01   -1.734723475977e-18
