     0    1.227196979642e+01   -6.938893903907e-18
     1    5.615280484395e-01   -8.673617379884e-19
     2    5.411685941231e-02   -1.355252715607e-19
     3    5.319064623694e-03   -1.355252715607e-20
     4    5.579627129399e-04   -8.470329472543e-22
     5    6.435859344522e-05    1.323488980085e-22
     6    8.363593060764e-06   -7.940933880509e-23
     7    1.331130082942e-06   -5.955700410382e-23
     8    2.904771015629e-07    1.158052857574e-23
     9    3.412824712932e-08   -1.033975765691e-25
    10    3.662864121558e-09   -3.877409121342e-26
    11    1.419904412925e-09    2.584939414228e-26
    12    3.750366138917e-10    1.615587133893e-27
    13    8.444758363264e-11    6.462348535571e-27
    14    3.721513132127e-13    4.038967834732e-28
    15   -1.148870408655e-13   -2.524354896707e-29
    16   -3.512503322711e-13   -3.470987982972e-29
    17   -3.334255506764e-14    6.310887241768e-30
    18   -8.298403411211e-15    0.000000000000e+00
    19    4.661946023826e-15    1.972152263053e-31
    20    3.570713731499e-15   -1.972152263053e-31
    21    1.272124727243e-15   -1.232595164408e-32
    22    2.819306361008e-16    4.622231866529e-33
    23    1.107122689103e-17   -1.540743955510e-33
    24   -2.983261105198e-19    7.222237291452e-35
    25   -1.819565331627e-19    3.611118645726e-35
    26    1.129358460547e-18   -2.256949153579e-35
    27    1.865390799134e-19    7.523163845263e-37
    28    3.791524341175e-20    3.761581922631e-37
    29    5.418389749184e-21   -9.403954806578e-38
    30    1.532612766587e-21   -4.701977403289e-38
    31    6.033712344256e-22   -1.910178320086e-38
    32    1.640118107969e-22    0.000000000000e+00
    33   -4.492164419696e-22    0.000000000000e+00
    34   -2.184509965807e-22    5.877471754111e-38
    35    9.035325351807e-22    9.403954806578e-38
    36    1.599200249995e-20    7.523163845263e-37
    37    6.383152324652e-20    0.000000000000e+00
    38    1.758989893435e-19    2.407412430484e-35
    39    6.182165950971e-19    1.925929944387e-34
    40   -2.043106265331e-18    0.000000000000e+00
    41    8.047609227467e-18    1.540743955510e-33
    42    3.798555939173e-17    3.081487911020e-33
    43   -9.903364106469e-18    0.000000000000e+00
    44   -2.967508895883e-16    1.479114197289e-31
    45   -6.158321882811e-16   -1.972152263053e-31
    46    8.360264384182e-15    7.888609052210e-31
    47    5.684170113534e-14    0.000000000000e+00
    48    3.561954450083e-14   -6.310887241768e-30
    49    5.354515334583e-13   -2.019483917366e-28
    50    4.611416320728e-12   -7.068193710780e-28
    51    3.305386128499e-11    0.000000000000e+00
    52    1.986880391689e-11    6.462348535571e-27
    53    6.314321918104e-10   -3.231174267785e-26
    54    4.663218672953e-09   -1.550963648537e-25
    55    3.538306293095e-08    3.101927297074e-25
    56    1.594862089636e-07    0.000000000000e+00
    57    1.087227533831e-06    0.000000000000e+00
    58    1.103122342972e-05    0.000000000000e+00
    59    8.249816265697e-05    4.235164736272e-22
    60    5.897706277403e-04    1.694065894509e-21
    61    4.876012920568e-03   -6.776263578034e-21
    62    5.188374764117e-02    1.084202172486e-19
    63    5.490961177154e-01    0.000000000000e+00
