     0    1.147349889417e+01   -3.469446951954e-18
     1    4.855004032183e-01    1.734723475977e-18
     2    4.491339708585e-02   -2.032879073410e-20
     3    4.620678737473e-03   -1.185846126156e-20
     4    5.763525655399e-04    0.000000000000e+00
     5    7.439117918920e-05    3.176373552204e-22
     6    7.151674446582e-06    0.000000000000e+00
     7    1.174502706087e-06    6.617444900424e-24
     8    2.243439707052e-07    1.654361225106e-24
     9    3.449898535715e-08    1.033975765691e-24
    10    5.033365977135e-09   -1.938704560671e-25
    11    8.369325532536e-10   -1.292469707114e-26
    12    1.156880627877e-10   -3.231174267785e-27
    13    1.608058460549e-11    8.077935669463e-28
    14    5.772953064362e-12    2.019483917366e-28
    15    7.234671199998e-13    0.000000000000e+00
    16   -4.533173574277e-14    0.000000000000e+00
    17   -4.086848423674e-14    0.000000000000e+00
    18   -7.563727397835e-15   -3.944304526105e-31
    19   -1.431330771042e-15    0.000000000000e+00
    20   -9.698652680545e-17   -2.465190328816e-32
    21   -1.433489252261e-16    0.000000000000e+00
    22   -8.234893798644e-18   -1.540743955510e-33
    23   -7.150449826233e-18   -8.666684749743e-34
    24   -2.365751082878e-18   -4.814824860968e-35
    25   -6.123376936589e-19   -1.203706215242e-35
    26   -5.092082359455e-20    0.000000000000e+00
    27   -2.283867594527e-21    1.880790961316e-36
    28    2.931294989115e-21   -9.403954806578e-38
    29   -4.014362441891e-22   -4.701977403289e-38
    30   -5.996554005489e-22    1.175494350822e-38
    31    2.225532032906e-23   -2.938735877056e-39
    32    7.865425382671e-24    0.000000000000e+00
    33   -2.206922920308e-23    0.000000000000e+00
    34   -1.902029252554e-22    0.000000000000e+00
    35    1.973218080955e-21   -9.403954806578e-38
    36    1.606091392496e-20    0.000000000000e+00
    37    7.444016122054e-20    7.523163845263e-37
    38    3.877881757778e-19   -9.027796614315e-36
    39    1.864426672677e-18    0.000000000000e+00
    40    7.751447323015e-18   -9.629649721936e-35
    41    2.121381330982e-17   -5.777789833162e-34
    42    4.326323247012e-17   -7.703719777549e-34
    43    7.026680957816e-17    0.000000000000e+00
    44    1.964945694275e-16    0.000000000000e+00
    45   -2.256997230540e-15   -3.944304526105e-31
    46   -8.218539593283e-15   -3.155443620884e-30
    47    4.348076778741e-14    1.577721810442e-30
    48    4.215232682682e-13   -6.310887241768e-30
    49    2.653444941387e-12    0.000000000000e+00
    50    1.092464113376e-11    0.000000000000e+00
    51    5.117759335019e-11    0.000000000000e+00
    52    2.199015027293e-10    3.231174267785e-27
    53    5.511218146206e-10    0.000000000000e+00
    54    6.808138921878e-09    0.000000000000e+00
    55    3.866165741061e-08   -8.271806125530e-25
    56    2.031031972056e-07    0.000000000000e+00
    57    1.492729235290e-06   -1.323488980085e-23
    58    9.816056469415e-06   -5.293955920339e-23
    59    8.516557231040e-05    4.235164736272e-22
    60    7.405599991268e-04   -3.388131789017e-21
    61    5.733826720630e-03    0.000000000000e+00
    62    4.782296592471e-02   -5.421010862428e-20
    63    5.097480282544e-01    0.000000000000e+00
