     0    1.151003528489e+01   -6.938893903907e-18
     1    5.175653457683e-01    8.673617379884e-19
     2    5.032569755995e-02    1.084202172486e-19
     3    5.420704568721e-03   -1.355252715607e-20
     4    6.666316463240e-04    1.694065894509e-21
     5    8.840506170081e-05   -1.058791184068e-21
     6    1.177928458405e-05    0.000000000000e+00
     7    2.112158866935e-06    1.323488980085e-23
     8    4.026662209389e-07    0.000000000000e+00
     9    5.350273150069e-08    8.271806125530e-25
    10    8.612490094331e-09    6.203854594148e-25
    11    2.248496227479e-09   -5.169878828456e-26
    12    2.612258114464e-10    0.000000000000e+00
    13    5.598383996456e-11   -4.846761401678e-27
    14    1.111301744946e-11    0.000000000000e+00
    15    2.542676956659e-12    0.000000000000e+00
    16    4.425706134366e-13   -1.262177448354e-29
    17    2.889948148883e-14    0.000000000000e+00
    18    1.104405064317e-14   -1.183291357832e-30
    19    2.840172958555e-15   -3.451266460342e-31
    20    1.582724373071e-15    1.479114197289e-31
    21    5.475463428567e-16   -3.081487911020e-32
    22    5.143059037014e-17    1.540743955510e-33
    23    1.070405185275e-17   -1.540743955510e-33
    24    2.225804326661e-18   -7.703719777549e-34
    25   -8.806530567139e-21    0.000000000000e+00
    26    3.283839206402e-20    0.000000000000e+00
    27   -7.669075964646e-20    3.009265538105e-36
    28   -2.956003557828e-20    3.009265538105e-36
    29    8.729276760788e-22    4.701977403289e-37
    30   -1.324920922934e-22    4.701977403289e-38
    31   -9.918014327113e-23    0.000000000000e+00
    32   -1.234646722404e-23    0.000000000000e+00
    33   -8.235785997077e-23    4.408103815584e-39
    34   -4.788632134471e-22   -1.175494350822e-38
    35   -2.781855708143e-21    1.175494350822e-38
    36   -8.134549519233e-21   -1.880790961316e-37
    37   -3.980898615208e-20    0.000000000000e+00
    38   -1.400675278145e-19    6.018531076210e-36
    39   -2.444737596324e-19   -2.407412430484e-35
    40   -2.073209108187e-19    4.814824860968e-35
    41   -1.214449475005e-18   -1.925929944387e-34
    42   -1.040933821335e-17   -1.925929944387e-34
    43    1.480223881884e-18    1.540743955510e-33
    44    2.234664672613e-16    0.000000000000e+00
    45   -9.926036087459e-17    2.465190328816e-32
    46    3.160909220766e-16   -3.944304526105e-31
    47   -2.063636197213e-15   -1.577721810442e-30
    48    1.554261704991e-14    0.000000000000e+00
    49    2.608074378463e-13   -5.048709793414e-29
    50    1.652878646942e-12   -1.009741958683e-28
    51   -6.737080407373e-12    0.000000000000e+00
    52   -4.965920991309e-11    1.292469707114e-26
    53   -2.666608823580e-14    1.292469707114e-26
    54    1.672551380463e-09   -1.033975765691e-25
    55    1.393751959056e-08    0.000000000000e+00
    56    9.702310490684e-08    0.000000000000e+00
    57    7.892577383323e-07    1.323488980085e-23
    58    4.709999209694e-06    5.293955920339e-23
    59    3.802928093709e-05    1.058791184068e-22
    60    3.590047000128e-04    0.000000000000e+00
    61    4.027867873665e-03   -2.710505431214e-20
    62    4.475163648950e-02   -2.168404344971e-19
    63    5.256116309068e-01   -8.673617379884e-19
