     0    1.196080422035e+01   -4.336808689942e-19
     1    5.291267835828e-01   -1.734723475977e-18
     2    5.279892020480e-02    0.000000000000e+00
     3    5.919996865182e-03    6.776263578034e-20
     4    6.299465311338e-04    0.000000000000e+00
     5    6.157624177994e-05    0.000000000000e+00
     6    1.173969405548e-05   -6.617444900424e-23
     7    2.063258960024e-06    1.323488980085e-23
     8    3.953730143451e-07   -8.271806125530e-24
     9    9.241491000532e-08    0.000000000000e+00
    10    2.093546640404e-08    4.135903062765e-25
    11    2.011926539843e-09    0.000000000000e+00
    12    4.885838963156e-10    0.000000000000e+00
    13    8.543918388868e-11    0.000000000000e+00
    14    5.397044018578e-12    0.000000000000e+00
    15    6.407907918120e-13   -1.009741958683e-28
    16    2.590126777217e-13    6.310887241768e-30
    17    5.175502143975e-14    1.577721810442e-30
    18    3.184597382772e-14    7.888609052210e-31
    19    7.172135185033e-15    0.000000000000e+00
    20    9.556874511355e-16   -9.860761315263e-32
    21    1.213161594784e-16    6.162975822039e-32
    22    2.019085996374e-17    0.000000000000e+00
    23    1.062906904180e-17    6.162975822039e-33
    24    4.142928498801e-19    3.851859888774e-34
    25    1.772841485508e-19   -9.629649721936e-35
    26   -1.724314569968e-19   -1.203706215242e-35
    27   -6.027103600917e-20    6.018531076210e-36
    28   -3.652217650773e-20    0.000000000000e+00
    29   -9.003711691626e-21   -7.523163845263e-37
    30   -2.891338029113e-21    1.880790961316e-37
    31   -5.889903236181e-22    0.000000000000e+00
    32   -7.987766163696e-22    2.350988701645e-38
    33   -8.713992323607e-22   -4.701977403289e-38
    34   -2.252191260128e-21   -9.403954806578e-38
    35    8.652472634430e-23    0.000000000000e+00
    36   -8.640725805226e-20   -1.504632769053e-36
    37   -9.378712762358e-20    3.009265538105e-36
    38   -3.977288194660e-20    6.018531076210e-36
    39   -1.181696434352e-18    0.000000000000e+00
    40    5.268335822649e-18   -4.814824860968e-35
    41    1.480136084224e-17   -3.081487911020e-33
    42   -9.875112865340e-19    1.540743955510e-32
    43    3.755679871991e-16   -4.314083075427e-32
    44    6.133904234809e-16   -2.465190328816e-32
    45   -2.117582361507e-15    1.972152263053e-31
    46   -2.998402124102e-15    0.000000000000e+00
    47    4.879678688182e-14   -1.262177448354e-29
    48    8.928187964228e-14    2.019483917366e-28
    49    2.328186387109e-12    0.000000000000e+00
    50    6.409884385149e-12   -1.009741958683e-28
    51    4.395755446215e-11   -8.077935669463e-28
    52    4.434569580449e-10    6.462348535571e-27
    53    7.956172265656e-10    1.033975765691e-25
    54   -1.002901468420e-09   -6.203854594148e-25
    55    3.272118327190e-09   -1.757758801675e-24
    56    1.411562327025e-07   -2.481541837659e-24
    57    1.723293253446e-06    6.617444900424e-24
    58    1.284816096975e-05    1.852884572119e-22
    59    8.304545047900e-05   -6.352747104407e-22
    60    6.782623175060e-04    0.000000000000e+00
    61    5.795231768081e-03    1.355252715607e-20
    62    4.966826764797e-02    8.131516293641e-20
    63    5.235324046137e-01   -4.336808689942e-19
