     0    1.137280568836e+01   -8.673617379884e-19
     1    4.808160892846e-01   -1.301042606983e-18
     2    4.530814968716e-02    0.000000000000e+00
     3    4.402752395248e-03   -3.388131789017e-21
     4    5.082047495581e-04   -4.235164736272e-22
     5    8.568361508030e-05    1.058791184068e-22
     6    1.240161548909e-05    9.264422860594e-23
     7    1.386356019710e-06    1.654361225106e-24
     8    2.078406850809e-07    8.271806125530e-25
     9    4.720105436640e-08    0.000000000000e+00
    10    4.022942293932e-09    5.169878828456e-26
    11    6.928809484901e-10    0.000000000000e+00
    12    2.336578195280e-10    0.000000000000e+00
    13    3.522463709628e-11    8.077935669463e-28
    14    7.196397983874e-12   -1.009741958683e-28
    15    1.435079076916e-12   -1.262177448354e-29
    16    2.306065341632e-13    9.466330862652e-30
    17    1.204792250122e-13   -7.888609052210e-31
    18    4.774041534234e-14   -1.972152263053e-31
    19    1.289660904787e-14    6.902532920684e-31
    20    1.345353280030e-15    2.465190328816e-32
    21    1.620731432990e-16    3.081487911020e-33
    22    7.166458143474e-17    4.622231866529e-33
    23   -4.068689008693e-19    1.540743955510e-33
    24    1.797261732770e-18    5.777789833162e-34
    25   -2.907572811790e-19    0.000000000000e+00
    26   -3.234907600063e-20    0.000000000000e+00
    27    2.052796925690e-20    2.256949153579e-36
    28    2.010207350365e-20   -3.761581922631e-37
    29    2.579468974753e-21    1.410593220987e-37
    30    3.988121710314e-22    4.701977403289e-38
    31   -2.626156531785e-23    2.938735877056e-39
    32   -6.166136131746e-23    0.000000000000e+00
    33   -1.474811844211e-22   -5.877471754111e-39
    34   -1.753779034026e-22   -2.350988701645e-38
    35    3.342878791325e-21   -7.523163845263e-37
    36    1.860424069398e-20    0.000000000000e+00
    37   -8.148770612136e-20    0.000000000000e+00
    38   -6.331457152005e-19    3.009265538105e-36
    39   -1.202260651187e-18   -2.888894916581e-34
    40   -7.575112226840e-18    7.703719777549e-34
    41   -1.982840671414e-17    3.851859888774e-33
    42   -1.247124286545e-16    3.081487911020e-33
    43    4.252901706835e-16    4.930380657631e-32
    44    3.597765393528e-15   -9.860761315263e-32
    45    1.519870406727e-14   -2.761013168274e-30
    46    7.251903876066e-14   -6.310887241768e-30
    47    1.812043186975e-13   -1.893266172530e-29
    48   -4.050058953736e-13    0.000000000000e+00
    49   -2.179732157338e-12   -2.524354896707e-28
    50   -5.869586273882e-12    2.019483917366e-28
    51   -1.148381130151e-11    2.019483917366e-27
    52    5.646107480725e-11    6.462348535571e-27
    53    4.576364908838e-10    6.462348535571e-27
    54    1.209879397322e-09   -5.169878828456e-26
    55    1.327722051091e-08    4.135903062765e-25
    56    1.019115783376e-07    4.135903062765e-25
    57    5.676259805788e-07   -1.654361225106e-23
    58    3.538565688767e-06    3.308722450212e-24
    59    5.094057379557e-05    3.176373552204e-22
    60    5.686362119449e-04    1.694065894509e-21
    61    5.470558971625e-03   -2.710505431214e-20
    62    4.993877469047e-02    1.084202172486e-19
    63    5.016607605937e-01    9.757819552370e-19
