     0    1.156158625188e+01    0.000000000000e+00
     1    4.980928829561e-01    0.000000000000e+00
     2    4.834953509731e-02   -1.084202172486e-19
     3    4.937422011632e-03   -1.355252715607e-20
     4    5.030016747410e-04   -1.694065894509e-21
     5    5.560465831002e-05    0.000000000000e+00
     6    5.794993955141e-06   -2.646977960170e-23
     7    6.979566327041e-07    3.308722450212e-24
     8    6.482953825233e-08   -1.654361225106e-24
     9    7.980347337479e-09    0.000000000000e+00
    10    1.067483964793e-09    3.231174267785e-26
    11   -1.494351577476e-10   -1.292469707114e-26
    12   -1.016746301247e-10   -4.846761401678e-27
    13   -2.581021613938e-11    1.615587133893e-27
    14    1.687111783694e-12    0.000000000000e+00
    15   -2.919380398335e-13    5.048709793414e-29
    16    9.253680957559e-14    0.000000000000e+00
    17    3.114994266988e-14    0.000000000000e+00
    18    1.968246564655e-14    0.000000000000e+00
    19    1.131095016605e-15    0.000000000000e+00
    20    4.770609015919e-16    0.000000000000e+00
    21    4.329012168385e-16    2.465190328816e-32
    22    9.055709370519e-17    0.000000000000e+00
    23    2.562491332261e-17    0.000000000000e+00
    24    4.940321397291e-18    7.703719777549e-34
    25    6.429926783593e-19   -1.925929944387e-34
    26    1.696428607822e-19    1.203706215242e-35
    27   -1.253156086318e-20    3.009265538105e-36
    28   -1.075928836852e-21    7.523163845263e-37
    29   -3.376548721300e-22    0.000000000000e+00
    30    4.301276861167e-23   -1.880790961316e-37
    31    9.025310907055e-24    2.350988701645e-38
    32   -4.218511243425e-23    0.000000000000e+00
    33   -1.174236953910e-22    0.000000000000e+00
    34    2.037752805737e-22   -4.701977403289e-38
    35    2.850299157582e-21   -2.821186441973e-37
    36    4.682946755207e-21    3.761581922631e-37
    37   -2.129621331290e-21   -5.266214691684e-36
    38    3.928834735354e-20    0.000000000000e+00
    39   -1.481543863666e-19   -4.814824860968e-35
    40   -2.001248318889e-18    2.888894916581e-34
    41   -5.942174803110e-19    0.000000000000e+00
    42   -9.763126457099e-17    3.081487911020e-33
    43   -6.511178025483e-16    6.856310602019e-32
    44   -1.044296042682e-15    0.000000000000e+00
    45   -3.168735462109e-15   -1.972152263053e-31
    46   -1.090283628075e-14   -1.577721810442e-30
    47   -5.332941285241e-14   -6.310887241768e-30
    48    2.478742331280e-13    1.262177448354e-29
    49    1.772703550850e-12    0.000000000000e+00
    50    3.624568994278e-12    2.019483917366e-28
    51   -2.907373759269e-12   -8.077935669463e-28
    52   -3.937692022990e-12   -4.846761401678e-27
    53   -3.679944975166e-10    7.754818242685e-26
    54   -6.288349266942e-10    4.135903062765e-25
    55    3.695524645252e-09   -8.271806125530e-25
    56    1.172750171486e-07    1.240770918830e-24
    57    5.505129387552e-07   -3.308722450212e-24
    58    5.739978709881e-06   -2.646977960170e-23
    59    5.846740793373e-05   -4.235164736272e-22
    60    5.206985993288e-04    6.776263578034e-21
    61    5.141277928627e-03   -2.710505431214e-20
    62    4.894911294222e-02   -1.084202172486e-19
    63    5.237788244520e-01    8.673617379884e-19
