     0    1.260760225642e+01    6.938893903907e-18
     1    5.856443705692e-01    4.336808689942e-19
     2    5.531318813848e-02   -8.131516293641e-20
     3    5.266343575560e-03   -1.355252715607e-20
     4    7.889536171474e-04    3.388131789017e-21
     5    1.120568066627e-04   -1.694065894509e-21
     6    1.867157134377e-05   -2.646977960170e-22
     7    2.255618953621e-06   -2.646977960170e-23
     8    4.087327286678e-07   -6.617444900424e-24
     9    2.428107853528e-08    8.271806125530e-25
    10    8.443760674450e-10   -6.203854594148e-25
    11    3.562073102334e-09    1.033975765691e-25
    12    4.848143294758e-10   -2.584939414228e-26
    13    1.063752579186e-10    1.292469707114e-26
    14    1.774155431298e-11    8.077935669463e-28
    15    7.297103108669e-13    1.009741958683e-28
    16   -1.726843990660e-13   -1.009741958683e-28
    17   -2.375755381595e-13    5.048709793414e-29
    18    6.584280204667e-14    7.888609052210e-30
    19    1.566747662225e-14    1.183291357832e-30
    20    7.129482846068e-16    0.000000000000e+00
    21   -9.903002037238e-17    0.000000000000e+00
    22    7.626018638257e-17   -3.081487911020e-33
    23    1.779436523909e-17   -9.244463733059e-33
    24   -4.580876766301e-20    3.851859888774e-34
    25    2.878167547270e-19    4.814824860968e-35
    26    1.265068193049e-19    0.000000000000e+00
    27   -2.800164001919e-21    0.000000000000e+00
    28    1.361999550285e-20    6.018531076210e-36
    29    3.202189295204e-22   -3.761581922631e-37
    30   -3.308855687551e-21   -1.880790961316e-37
    31   -6.922274066234e-22    2.350988701645e-38
    32    7.050114605832e-23    0.000000000000e+00
    33    1.658239017825e-22   -1.028557556970e-38
    34    3.190248206875e-22    0.000000000000e+00
    35   -5.119155816488e-22    9.403954806578e-38
    36   -7.392559186694e-22    1.880790961316e-37
    37   -2.206596425963e-21    1.504632769053e-36
    38   -9.151512637565e-21    2.407412430484e-35
    39    4.875646706058e-20    0.000000000000e+00
    40    2.824549727072e-18   -2.407412430484e-34
    41    4.327225457849e-18    1.925929944387e-34
    42    8.415506908111e-17    1.540743955510e-33
    43   -7.384559268602e-17    6.162975822039e-32
    44    4.147665112041e-17    0.000000000000e+00
    45    3.650256482021e-16    1.972152263053e-31
    46    1.175958247668e-14   -1.577721810442e-30
    47    8.311382880897e-14    3.155443620884e-30
    48    2.210505163971e-13    0.000000000000e+00
    49    4.975863436097e-12    6.310887241768e-29
    50    1.313105639135e-11    2.019483917366e-28
    51   -1.948410687366e-11   -2.423380700839e-27
    52    8.082926711285e-11    2.584939414228e-26
    53    8.945980374144e-10    3.877409121342e-26
    54    1.640383154970e-09    5.169878828456e-25
    55    3.406333500747e-08    0.000000000000e+00
    56    2.926791087449e-07    6.617444900424e-24
    57    1.962070094131e-06   -2.646977960170e-23
    58    1.306317262223e-05   -2.117582368136e-22
    59    7.892515654308e-05   -4.235164736272e-22
    60    6.133975752249e-04   -1.694065894509e-21
    61    5.680141864548e-03   -4.065758146821e-20
    62    5.771066813645e-02    1.084202172486e-19
    63    5.694545217651e-01   -3.469446951954e-18
