     0    1.166396143231e+01    8.673617379884e-19
     1    5.169191917963e-01   -2.168404344971e-18
     2    5.332106421821e-02   -3.252606517457e-19
     3    4.965189723706e-03    0.000000000000e+00
     4    5.015211020884e-04    0.000000000000e+00
     5    5.570205302948e-05   -7.146840492458e-22
     6    5.882177294781e-06    0.000000000000e+00
     7    7.748542942499e-07    0.000000000000e+00
     8    1.194395263691e-07    0.000000000000e+00
     9    1.988756963342e-08    0.000000000000e+00
    10    5.144532618408e-09   -1.033975765691e-25
    11    1.203436708366e-09    5.169878828456e-26
    12    3.116207228325e-10    1.292469707114e-26
    13    1.570591909376e-10   -9.693522803356e-27
    14    5.308236126483e-11    3.231174267785e-27
    15    1.106770144480e-11    6.058451752097e-28
    16    2.189850307907e-12    0.000000000000e+00
    17    3.014513405012e-13   -2.524354896707e-29
    18    4.941882215053e-14    0.000000000000e+00
    19    7.069826179206e-15    3.944304526105e-31
    20    1.343613114501e-15    0.000000000000e+00
    21    1.309933435326e-16   -1.232595164408e-32
    22   -1.082696423350e-16   -3.851859888774e-33
    23   -3.955345916101e-17   -3.851859888774e-34
    24   -7.916158753154e-18    8.666684749743e-34
    25   -3.541998320899e-19   -1.203706215242e-35
    26   -1.060390915100e-19   -6.469920906926e-35
    27   -1.767535651833e-21   -3.009265538105e-36
    28   -1.396837605648e-20    1.316553672921e-36
    29   -5.403960902667e-21    9.403954806578e-38
    30    1.703709991956e-22    0.000000000000e+00
    31   -5.209900899635e-22    2.350988701645e-38
    32   -2.683729442090e-21    0.000000000000e+00
    33   -1.135606003394e-20    0.000000000000e+00
    34   -2.074888018871e-21   -7.523163845263e-37
    35   -2.276878257868e-20   -7.523163845263e-37
    36    4.223863253534e-21   -6.018531076210e-36
    37    6.393400823293e-20   -1.203706215242e-35
    38   -7.638291024183e-19    0.000000000000e+00
    39   -4.680889490050e-18   -3.851859888774e-34
    40   -7.041871620392e-18    0.000000000000e+00
    41    5.112433811087e-17   -6.162975822039e-33
    42    2.084969631053e-16   -1.848892746612e-32
    43   -8.132888596489e-19    4.930380657631e-32
    44    6.697740963126e-15    1.577721810442e-30
    45    2.638200204512e-14   -2.366582715663e-30
    46    1.715666552392e-15    3.155443620884e-30
    47   -1.861070505257e-13    1.262177448354e-29
    48    2.624030886845e-13    5.048709793414e-29
    49    3.540762326377e-13    0.000000000000e+00
    50   -1.083009620928e-11    0.000000000000e+00
    51   -7.160042155588e-11   -6.462348535571e-27
    52   -3.861568574935e-10    0.000000000000e+00
    53    4.156508227362e-10    0.000000000000e+00
    54    4.531395798006e-09   -3.101927297074e-25
    55    3.151846505511e-08    8.271806125530e-25
    56    1.213359117423e-07   -3.308722450212e-24
    57    4.995004236939e-07   -6.617444900424e-24
    58    4.230252451140e-06   -2.646977960170e-23
    59    4.727102801758e-05    1.588186776102e-22
    60    5.368293770998e-04   -1.694065894509e-21
    61    5.769912125989e-03    0.000000000000e+00
    62    5.384019294954e-02   -1.084202172486e-19
    63    5.474897164487e-01   -1.301042606983e-18
