     0    1.124055020332e+01   -1.387778780781e-17
     1    5.030919304855e-01    1.301042606983e-18
     2    4.792204070311e-02    2.168404344971e-19
     3    5.098838884014e-03   -1.355252715607e-20
     4    5.609287455010e-04    0.000000000000e+00
     5    7.542479688686e-05    0.000000000000e+00
     6    1.171236449581e-05    1.058791184068e-22
     7    1.703625905415e-06    0.000000000000e+00
     8    2.547449399811e-07   -3.308722450212e-24
     9    4.662769436448e-08    8.271806125530e-25
    10    6.105497459310e-09    0.000000000000e+00
    11    1.371373587261e-09    0.000000000000e+00
    12    2.364947926681e-10   -6.462348535571e-27
    13    1.870269616480e-11   -8.077935669463e-28
    14   -1.736674264678e-13   -1.009741958683e-28
    15    4.058973120687e-13    5.048709793414e-29
    16    1.257901309497e-13   -1.893266172530e-29
    17    2.249056683863e-16    6.310887241768e-30
    18   -2.478429027630e-16    0.000000000000e+00
    19    8.895591285738e-17    0.000000000000e+00
    20   -1.501343862232e-16    1.972152263053e-31
    21   -5.882512589772e-17   -4.930380657631e-32
    22    2.582436062497e-17    0.000000000000e+00
    23    1.278477219687e-17   -6.162975822039e-33
    24    7.973308263040e-19    0.000000000000e+00
    25    8.703369146882e-19    0.000000000000e+00
    26    3.139751916684e-19    9.629649721936e-35
    27   -3.652022047595e-21    0.000000000000e+00
    28   -3.229719073712e-21   -7.523163845263e-37
    29    1.535159544013e-21    0.000000000000e+00
    30    2.148524595281e-22    0.000000000000e+00
    31    3.934663972991e-23   -4.701977403289e-38
    32   -8.417908762767e-22    0.000000000000e+00
    33   -2.067958321738e-22    0.000000000000e+00
    34    4.098615149869e-22    0.000000000000e+00
    35    2.826782665451e-21   -1.880790961316e-37
    36    1.236249801468e-20   -7.523163845263e-37
    37    4.452616454074e-20    6.018531076210e-36
    38    1.605571343631e-19   -3.009265538105e-36
    39    6.742282791359e-19    2.407412430484e-35
    40    1.667977770284e-18    4.814824860968e-35
    41    1.208999095587e-17    1.925929944387e-34
    42    7.672070245730e-17    2.311115933265e-33
    43    5.431703995934e-16    1.232595164408e-32
    44    1.308735635570e-15    3.697785493223e-32
    45    8.196831307853e-15    5.916456789158e-31
    46    1.134522745146e-14    3.944304526105e-31
    47   -3.375002912515e-14    3.155443620884e-30
    48   -2.783404062452e-13    1.262177448354e-29
    49   -7.299233700532e-13   -3.786532345061e-29
    50    1.763660025915e-12    2.019483917366e-28
    51    3.384723233224e-11    0.000000000000e+00
    52    2.865576834905e-10   -6.462348535571e-27
    53    1.235780936118e-09   -7.754818242685e-26
    54    4.133731772463e-09    0.000000000000e+00
    55    1.262747082037e-08    1.033975765691e-25
    56    1.035150307075e-07    0.000000000000e+00
    57    9.811084530674e-07    1.323488980085e-23
    58    8.078416526750e-06   -1.588186776102e-22
    59    5.711122535822e-05    0.000000000000e+00
    60    5.898334838981e-04    1.270549420881e-21
    61    5.134052240298e-03    1.185846126156e-20
    62    5.162876652484e-02    5.421010862428e-20
    63    5.198720050061e-01    0.000000000000e+00
