     0    1.197523482059e+01    6.938893903907e-18
     1    5.337554567443e-01    1.084202172486e-18
     2    4.949788853952e-02    0.000000000000e+00
     3    4.693391521973e-03   -1.355252715607e-20
     4    5.393458444330e-04    0.000000000000e+00
     5    6.474038344012e-05    4.235164736272e-22
     6    7.127709702367e-06    1.058791184068e-22
     7    8.323885041224e-07    0.000000000000e+00
     8    1.404592590912e-07    1.654361225106e-24
     9    2.030252826080e-08   -1.033975765691e-24
    10    5.581078523006e-09   -5.169878828456e-26
    11    1.027535759735e-09    0.000000000000e+00
    12    2.309145588454e-10   -8.077935669463e-28
    13    3.903005262337e-11    3.231174267785e-27
    14    5.600352605240e-12   -2.019483917366e-28
    15    3.043634528710e-12    0.000000000000e+00
    16    3.440988342734e-13    1.009741958683e-28
    17    4.687450126429e-14    0.000000000000e+00
    18    1.732788927207e-14   -7.888609052210e-31
    19    7.025578640631e-15    3.944304526105e-31
    20    6.742317291057e-16   -8.628166150855e-32
    21   -1.576342773337e-17    0.000000000000e+00
    22    2.718957984168e-17    0.000000000000e+00
    23    5.362072175902e-18   -1.155557966632e-33
    24    1.981686077831e-18    9.629649721936e-35
    25    1.154746701873e-19   -2.407412430484e-35
    26   -1.555474887180e-20    0.000000000000e+00
    27   -1.901951866828e-20    1.504632769053e-36
    28   -6.113647978764e-21    0.000000000000e+00
    29   -1.583616165702e-21    0.000000000000e+00
    30   -7.363480118794e-22   -4.701977403289e-38
    31   -9.522289161876e-23    2.350988701645e-38
    32   -1.467756809316e-22    0.000000000000e+00
    33   -5.586705717730e-22    2.938735877056e-39
    34   -3.180566223468e-21   -1.410593220987e-37
    35   -7.569031142452e-21   -9.403954806578e-38
    36   -5.625775576031e-21    7.523163845263e-37
    37    8.741880173308e-20    0.000000000000e+00
    38    1.854040369306e-19    1.203706215242e-35
    39   -3.237438706778e-19    4.212971753347e-35
    40   -2.150963875576e-20   -1.685188701339e-34
    41   -2.066084357752e-18    7.703719777549e-34
    42   -1.419521414216e-17    0.000000000000e+00
    43    7.658689745687e-17    0.000000000000e+00
    44    4.499908672821e-16   -3.697785493223e-32
    45   -3.562472660269e-16   -1.972152263053e-31
    46   -1.173173956802e-15   -5.916456789158e-31
    47    2.338107034453e-14    1.577721810442e-30
    48    3.959315392160e-13   -3.155443620884e-30
    49    2.447020105546e-12    5.048709793414e-29
    50    1.190125932644e-11   -1.009741958683e-28
    51    7.526949555897e-11    0.000000000000e+00
    52    1.344022249684e-10   -3.231174267785e-27
    53    5.053988976553e-10    6.462348535571e-27
    54    4.869910106123e-09    5.169878828456e-26
    55    2.823142022636e-08    8.271806125530e-25
    56    1.646594989088e-07   -8.271806125530e-25
    57    9.834651520417e-07   -3.308722450212e-24
    58    8.254509735369e-06   -2.646977960170e-23
    59    6.158623398647e-05    2.117582368136e-22
    60    5.091572633306e-04   -4.235164736272e-21
    61    4.481955929355e-03    0.000000000000e+00
    62    5.459821237390e-02    2.710505431214e-20
    63    5.681836813384e-01    0.000000000000e+00
