     0    1.194994984984e+01   -6.938893903907e-18
     1    5.896021504993e-01   -2.602085213965e-18
     2    6.488986778302e-02    3.252606517457e-19
     3    6.893778412263e-03    1.355252715607e-20
     4    9.319340351091e-04    1.694065894509e-21
     5    1.358610848529e-04    0.000000000000e+00
     6    1.447563918807e-05    0.000000000000e+00
     7    2.341759434961e-06   -2.646977960170e-23
     8    3.423679266271e-07    0.000000000000e+00
     9    1.833281418527e-08    2.067951531383e-25
    10    2.022920548130e-09    0.000000000000e+00
    11    1.013638829712e-09   -2.584939414228e-26
    12    2.236842185789e-10    6.462348535571e-27
    13    1.214747394697e-11   -1.615587133893e-27
    14    6.576018800775e-12    1.009741958683e-28
    15    3.165749519197e-13    1.009741958683e-28
    16   -3.168256284034e-13    0.000000000000e+00
    17    9.769075797201e-15    6.310887241768e-30
    18   -1.029850246318e-14    0.000000000000e+00
    19   -4.616784732323e-15   -4.930380657631e-32
    20   -5.070672187618e-16    4.930380657631e-32
    21   -6.638427071057e-17   -3.081487911020e-33
    22   -1.347786976856e-17    0.000000000000e+00
    23   -5.500659362117e-18    5.777789833162e-34
    24   -2.292936891827e-18    8.425943506694e-35
    25    6.528943531000e-20    0.000000000000e+00
    26    1.243350716327e-19    0.000000000000e+00
    27    4.943801934056e-20    0.000000000000e+00
    28    1.479787772151e-20   -2.256949153579e-36
    29   -1.864023385352e-21   -9.403954806578e-38
    30   -1.899124801100e-21   -7.052966104934e-38
    31   -1.865145129948e-22   -2.350988701645e-38
    32    2.786688880649e-23    8.816207631167e-39
    33    2.534374701815e-22    0.000000000000e+00
    34    3.753744519859e-22    3.526483052467e-38
    35   -3.144336527858e-21   -1.175494350822e-37
    36   -9.411662531608e-21   -2.821186441973e-37
    37    4.316069946244e-20    1.504632769053e-36
    38    5.808591305969e-19    3.611118645726e-35
    39    4.085771335207e-18    9.629649721936e-35
    40    2.006616733718e-17    9.629649721936e-34
    41    7.632088120524e-17   -2.311115933265e-33
    42    1.602850296005e-16   -6.162975822039e-33
    43    1.022998359870e-15   -3.081487911020e-32
    44    5.370303211214e-15    1.972152263053e-31
    45    1.922542897656e-14    0.000000000000e+00
    46    1.145686511710e-13    2.366582715663e-30
    47    4.074000030282e-13    0.000000000000e+00
    48    1.382460232669e-12    0.000000000000e+00
    49    1.244026221931e-11    3.029225876049e-28
    50    3.550296210510e-11   -1.009741958683e-27
    51    1.017401523875e-10   -4.846761401678e-27
    52   -7.093217001521e-10    5.169878828456e-26
    53   -8.028714444554e-09   -3.101927297074e-25
    54   -1.325299551935e-08    4.135903062765e-25
    55    6.701595593991e-08    0.000000000000e+00
    56    4.214653791112e-07    3.308722450212e-24
    57    2.511360925073e-06   -6.617444900424e-24
    58    1.732219629429e-05    0.000000000000e+00
    59    1.202341964555e-04    1.270549420881e-21
    60    7.241627522115e-04   -7.623296525289e-21
    61    6.304342727801e-03   -3.049318610115e-20
    62    5.000939335512e-02   -1.626303258728e-19
    63    5.259791542287e-01    0.000000000000e+00
