     0    1.128672139653e+01    1.040834085586e-17
     1    5.273854818409e-01    0.000000000000e+00
     2    5.143238351410e-02   -2.439454888092e-19
     3    5.278824441002e-03   -2.032879073410e-20
     4    6.197565973357e-04    4.235164736272e-22
     5    7.250644571767e-05    0.000000000000e+00
     6    1.019565333782e-05   -6.617444900424e-23
     7    1.864881445027e-06    0.000000000000e+00
     8    2.135018491288e-07    3.308722450212e-24
     9    4.243225095869e-08   -4.135903062765e-25
    10    1.049757928643e-08    5.169878828456e-25
    11    1.253169499742e-09    2.584939414228e-26
    12    8.782667538815e-10    5.169878828456e-26
    13    4.435798275666e-10   -8.481832452936e-26
    14    3.442534960262e-11   -5.856503360361e-27
    15    3.028956993130e-12    1.767048427695e-28
    16    8.834384117580e-13    7.888609052210e-30
    17    2.858143975606e-13    5.837570698635e-29
    18    1.534072405871e-14   -2.366582715663e-30
    19    1.218247383964e-15   -2.613101748545e-30
    20   -9.925310219472e-16    3.574525976783e-31
    21    1.372636335800e-16    6.162975822039e-33
    22   -3.629801208623e-16    2.311115933265e-32
    23   -3.133775944144e-17    1.348150961071e-33
    24    1.802795485170e-18    9.629649721936e-35
    25   -7.480913223811e-19    6.018531076210e-35
    26   -7.725845573132e-20    1.504632769053e-36
    27    9.724525638641e-20   -4.513898307158e-36
    28    1.970598497062e-20   -4.137740114894e-36
    29    9.245687580746e-22    9.403954806578e-38
    30    8.833164460307e-22    1.939565678857e-37
    31    3.006048251372e-22    0.000000000000e+00
    32    2.590085407978e-22   -2.057115113939e-38
    33    1.983570215397e-22   -1.175494350822e-38
    34   -1.270750555328e-22    0.000000000000e+00
    35   -9.352750586218e-22    1.880790961316e-37
    36    3.780546922801e-22    7.523163845263e-37
    37   -4.665352315071e-21    0.000000000000e+00
    38    9.752919084676e-20    9.027796614315e-36
    39   -2.666746732432e-19   -2.407412430484e-35
    40   -1.442302307746e-18    4.814824860968e-35
    41   -3.239092456094e-18   -7.703719777549e-34
    42    3.263845614939e-18   -5.007417855407e-33
    43    1.240487091026e-16    1.232595164408e-32
    44    2.769898191935e-16    1.232595164408e-32
    45    3.804119547637e-15    0.000000000000e+00
    46    2.665441686844e-14   -4.437342591868e-31
    47    3.913666146902e-14    0.000000000000e+00
    48    1.558800525421e-13    2.208810534619e-29
    49    7.958760930550e-13    5.048709793414e-29
    50    3.086709713261e-12   -2.019483917366e-28
    51    9.496493451710e-13    3.029225876049e-28
    52    6.375385175300e-11   -3.231174267785e-27
    53    1.091448151048e-09   -5.169878828456e-26
    54    1.006908197711e-08    0.000000000000e+00
    55    4.630986746705e-08    8.271806125530e-25
    56    1.915646124288e-07   -3.308722450212e-24
    57    1.337869322340e-06    1.323488980085e-23
    58    8.570875200276e-06    1.058791184068e-22
    59    7.570839304677e-05   -8.205631676526e-22
    60    6.128532218132e-04    2.117582368136e-21
    61    5.032784036398e-03   -1.016439536705e-20
    62    5.309887300886e-02   -5.421010862428e-20
    63    5.170901937964e-01    8.673617379884e-19
