     0    1.108782585069e+01    6.938893903907e-18
     1    4.780716410224e-01   -2.168404344971e-19
     2    4.878528809525e-02   -8.131516293641e-20
     3    4.617489177564e-03   -2.710505431214e-20
     4    4.882690135346e-04    1.694065894509e-21
     5    5.338245825771e-05    4.235164736272e-22
     6    7.575255777590e-06    0.000000000000e+00
     7    9.527291531022e-07    0.000000000000e+00
     8    1.768144424975e-07   -4.135903062765e-24
     9    1.967309549497e-08   -2.067951531383e-25
    10    5.420023882431e-09   -2.067951531383e-25
    11    1.415057904324e-09    2.584939414228e-26
    12    2.915870528331e-10    2.241627148276e-26
    13    3.336285946358e-11   -3.231174267785e-27
    14   -4.320035518053e-12    8.077935669463e-28
    15   -5.603789366269e-13    0.000000000000e+00
    16   -1.159339168693e-13    1.009741958683e-28
    17    3.188253818628e-14    1.262177448354e-29
    18    8.938475411662e-16   -3.944304526105e-31
    19    1.919446123215e-15    0.000000000000e+00
    20   -2.183464065877e-16    0.000000000000e+00
    21   -1.091674526704e-16    6.162975822039e-33
    22   -1.636683447280e-17   -4.814824860968e-35
    23   -3.874665276147e-18   -2.407412430484e-35
    24    7.983090957951e-19   -7.222237291452e-35
    25    8.216819953693e-19   -4.814824860968e-35
    26    1.461506842582e-19   -3.761581922631e-37
    27    1.805159778109e-20   -3.291384182302e-37
    28    1.955669157813e-21    2.115889831480e-37
    29    1.398444587015e-22    5.877471754111e-39
    30    1.126605709402e-23   -4.408103815584e-39
    31    8.157098864038e-25    0.000000000000e+00
    32   -3.094366349778e-23    4.408103815584e-39
    33   -1.130580227634e-24    7.346839692639e-40
    34    7.084993962328e-23    0.000000000000e+00
    35    4.068237796131e-22    4.701977403289e-38
    36    2.809961253212e-21   -9.403954806578e-38
    37    1.290553901761e-20   -7.523163845263e-37
    38    2.427989618135e-20    1.786751413250e-36
    39   -2.286246614486e-20    6.018531076210e-36
    40   -2.787790425560e-19   -9.629649721936e-35
    41    1.419549325450e-18    1.925929944387e-34
    42    1.431751740660e-17    0.000000000000e+00
    43    6.838924306449e-17   -3.081487911020e-33
    44    3.227241918057e-16   -4.930380657631e-32
    45    7.886758929753e-16    7.395570986447e-32
    46    3.753973339572e-15    1.183291357832e-30
    47    2.345232110653e-14   -3.944304526105e-31
    48    8.101040429840e-14    3.155443620884e-30
    49    4.642673777709e-13   -1.262177448354e-29
    50    5.028505580527e-12   -7.573064690122e-29
    51    2.685364368774e-11   -2.019483917366e-28
    52    1.503957338789e-10    3.231174267785e-27
    53    5.737911450586e-10    4.038967834732e-28
    54    2.795558781440e-09    5.169878828456e-26
    55    1.581843079127e-08    5.169878828456e-25
    56    1.147336885591e-07    4.135903062765e-25
    57    6.494727913553e-07   -1.323488980085e-23
    58    6.339284176504e-06    0.000000000000e+00
    59    6.056838421115e-05    0.000000000000e+00
    60    5.277267051075e-04    6.776263578034e-21
    61    5.033853919708e-03   -2.710505431214e-20
    62    5.443574074456e-02    1.084202172486e-19
    63    5.077007212111e-01   -1.951563910474e-18
