     0    1.174148292957e+01    1.387778780781e-17
     1    5.345327346980e-01    0.000000000000e+00
     2    4.904878861182e-02   -1.084202172486e-19
     3    5.050478617494e-03   -5.421010862428e-20
     4    5.128520599444e-04   -1.694065894509e-21
     5    6.209546818717e-05    5.293955920339e-23
     6    8.580350068256e-06    7.940933880509e-23
     7    1.263194777377e-06    1.323488980085e-23
     8    2.061769786308e-07    0.000000000000e+00
     9    3.308616878317e-08    0.000000000000e+00
    10    5.276953724275e-09   -5.169878828456e-26
    11    1.286081452980e-09    7.754818242685e-26
    12    4.151387708411e-10    1.292469707114e-26
    13    3.512532096918e-11    0.000000000000e+00
    14    3.487206172552e-12    4.038967834732e-28
    15    1.024030903136e-12    1.388395193189e-28
    16   -1.928483565520e-13    2.524354896707e-29
    17    5.568020272372e-14   -6.310887241768e-30
    18    2.358714930721e-14    7.888609052210e-31
    19    3.931354857812e-15    3.944304526105e-31
    20    5.339174335629e-16    0.000000000000e+00
    21   -2.407346251835e-17    9.244463733059e-33
    22   -1.836704448688e-17   -1.540743955510e-33
    23   -9.071748436482e-18   -1.540743955510e-33
    24   -1.048704663662e-18   -9.629649721936e-35
    25   -6.119090746075e-20   -2.407412430484e-35
    26   -1.125017772751e-19   -2.407412430484e-35
    27   -1.629534332617e-20    3.009265538105e-36
    28    2.114996156956e-21    7.523163845263e-37
    29    2.422427845204e-21    1.880790961316e-37
    30    6.630258859594e-22   -9.403954806578e-38
    31    1.628934387957e-22    4.701977403289e-38
    32    6.209583838263e-23    2.938735877056e-39
    33    2.329015617398e-23   -2.938735877056e-39
    34    5.277171317609e-23   -1.175494350822e-38
    35   -4.307125583938e-22    5.877471754111e-39
    36   -3.094295779346e-21   -2.350988701645e-37
    37   -6.842191814036e-21   -1.128474576789e-36
    38   -3.329092444758e-20    3.009265538105e-36
    39   -2.283610513797e-19   -1.805559322863e-35
    40   -1.596059564607e-18    1.444447458290e-34
    41   -1.151870761168e-17   -3.851859888774e-34
    42   -4.799145725273e-17   -1.540743955510e-33
    43   -2.225950958535e-16    1.232595164408e-32
    44   -7.316364699365e-16    2.465190328816e-32
    45   -2.154800208172e-15    1.972152263053e-31
    46   -1.003777084899e-14    9.860761315263e-31
    47   -4.652503676697e-14    6.310887241768e-30
    48   -1.876535913604e-13    0.000000000000e+00
    49   -8.260532030858e-13    1.009741958683e-28
    50   -9.438292245668e-13    0.000000000000e+00
    51   -3.971345482411e-12    8.077935669463e-28
    52    4.379193495305e-11    0.000000000000e+00
    53    5.953305314671e-10    1.292469707114e-26
    54    4.669064404858e-09    5.169878828456e-26
    55    1.771964804177e-08    4.135903062765e-25
    56    1.030126973937e-07   -8.271806125530e-25
    57    1.008873185566e-06    9.926167350636e-24
    58    6.782019340423e-06    0.000000000000e+00
    59    7.472933802087e-05    4.235164736272e-22
    60    6.249964206606e-04    8.470329472543e-21
    61    5.338366911503e-03   -4.065758146821e-20
    62    5.346674153640e-02   -1.355252715607e-19
    63    5.272224463375e-01   -1.301042606983e-18
