     0    1.147322931244e+01    1.387778780781e-17
     1    5.180348329080e-01    8.673617379884e-19
     2    4.716132450935e-02    5.421010862428e-20
     3    4.590154666938e-03    2.710505431214e-20
     4    4.338646641860e-04    8.470329472543e-22
     5    6.679201522301e-05   -4.235164736272e-22
     6    7.521251575294e-06   -5.293955920339e-23
     7    8.396036274558e-07   -3.308722450212e-23
     8    1.293594126146e-07    0.000000000000e+00
     9    1.574134795922e-08    2.067951531383e-25
    10    2.921719115182e-09   -2.067951531383e-25
    11    2.418686123041e-10    2.584939414228e-26
    12    2.533738430286e-11   -6.462348535571e-27
    13    5.790420581333e-12    0.000000000000e+00
    14   -4.545529221908e-12    4.038967834732e-28
    15   -8.761361728986e-13    0.000000000000e+00
    16   -2.337561006780e-13    2.524354896707e-29
    17   -1.918009589256e-14    0.000000000000e+00
    18   -1.089975638047e-14    7.888609052210e-31
    19    2.262779492167e-15    9.860761315263e-32
    20    7.163700590401e-16    0.000000000000e+00
    21    4.535343994112e-16   -1.232595164408e-32
    22   -2.760967345588e-17    1.540743955510e-33
    23   -1.108988481863e-17    0.000000000000e+00
    24    1.633866032915e-18    1.925929944387e-34
    25    1.451994867060e-18    7.222237291452e-35
    26    6.104543623797e-19   -6.018531076210e-36
    27    4.370494853378e-20   -1.504632769053e-36
    28    5.037680275159e-21    7.523163845263e-37
    29    1.859358123271e-21    0.000000000000e+00
    30   -1.815338557770e-21   -4.701977403289e-38
    31   -3.915415814902e-22   -5.877471754111e-39
    32   -9.143188800218e-23    4.224432823268e-39
    33   -2.313979205358e-22    0.000000000000e+00
    34   -1.042184803532e-21    7.052966104934e-38
    35   -4.572560892302e-21    0.000000000000e+00
    36    5.411745565577e-21    1.880790961316e-37
    37    1.209367326150e-19    6.018531076210e-36
    38   -2.204717793389e-19    3.009265538105e-36
    39   -2.112442983883e-18    1.324076836766e-34
    40   -7.486292609120e-18   -2.888894916581e-34
    41   -5.960055788923e-18    7.703719777549e-34
    42   -3.028661940873e-17    0.000000000000e+00
    43   -3.752702064109e-17   -9.244463733059e-33
    44    3.631402260475e-16   -6.162975822039e-33
    45    3.300471880153e-15   -4.930380657631e-32
    46    1.898361997394e-14    0.000000000000e+00
    47    6.332014618395e-14    7.888609052210e-31
    48    8.536134982547e-14    3.155443620884e-30
    49    5.002592227570e-13    3.786532345061e-29
    50    3.995625960234e-12    7.573064690122e-29
    51    1.048710029845e-11    3.029225876049e-28
    52    6.621526636587e-11    8.077935669463e-28
    53    6.987872527717e-10    0.000000000000e+00
    54    7.331707724713e-09    5.169878828456e-26
    55    3.439093022901e-08   -1.292469707114e-24
    56    2.144382267260e-07   -4.135903062765e-25
    57    1.196588297600e-06   -3.308722450212e-24
    58    8.389650607897e-06   -1.124965633072e-22
    59    5.799581768285e-05    0.000000000000e+00
    60    4.217185479843e-04    1.694065894509e-21
    61    4.474567717235e-03    1.694065894509e-20
    62    4.725429827623e-02   -1.084202172486e-19
    63    5.290819879106e-01    4.336808689942e-19
