     0    1.156127295912e+01   -4.336808689942e-18
     1    5.290413184653e-01    0.000000000000e+00
     2    5.094025634219e-02   -2.168404344971e-19
     3    4.615528838207e-03   -2.710505431214e-20
     4    4.889254523986e-04    0.000000000000e+00
     5    4.115061770073e-05    2.117582368136e-22
     6    3.558643017354e-06    0.000000000000e+00
     7    3.267495885982e-07    0.000000000000e+00
     8    5.914729870256e-08    3.308722450212e-24
     9    1.102597100873e-08    0.000000000000e+00
    10    3.535447018355e-09    5.169878828456e-26
    11    3.314985979754e-10    6.462348535571e-27
    12    8.719925250737e-11    0.000000000000e+00
    13    1.914152812630e-11    2.423380700839e-27
    14    2.387830743398e-12   -3.029225876049e-28
    15   -5.216097309181e-13   -5.048709793414e-29
    16   -5.921159702560e-14    1.262177448354e-29
    17   -1.130724446341e-15   -3.155443620884e-30
    18    9.675930451172e-16    7.888609052210e-31
    19    1.508346368405e-15    1.972152263053e-31
    20    6.052976796124e-16   -2.465190328816e-32
    21    1.727796349048e-16    6.162975822039e-33
    22    6.458777650528e-17   -6.162975822039e-33
    23   -1.660446743653e-17    7.703719777549e-34
    24    4.733375550439e-19    0.000000000000e+00
    25   -8.747442923834e-20    0.000000000000e+00
    26   -1.665416838834e-20   -1.203706215242e-35
    27   -6.563787784833e-21    3.009265538105e-36
    28   -1.177141239439e-20    7.523163845263e-37
    29   -7.745672243456e-22    2.350988701645e-38
    30   -4.019951357096e-22   -1.175494350822e-38
    31   -4.140239195756e-23    0.000000000000e+00
    32    2.783048556310e-23    2.938735877056e-39
    33    2.939532827030e-22    0.000000000000e+00
    34    2.785879358764e-21   -4.701977403289e-38
    35    1.148903546178e-21    0.000000000000e+00
    36   -1.465626820925e-21    0.000000000000e+00
    37   -3.143956974157e-20    4.513898307158e-36
    38    1.354678586702e-20   -3.009265538105e-36
    39    3.388923891357e-20    0.000000000000e+00
    40   -2.071852900092e-18   -4.814824860968e-34
    41    2.424610693811e-18   -7.703719777549e-34
    42    7.902741820530e-17   -3.081487911020e-33
    43    4.907178902948e-16    6.162975822039e-33
    44    1.591001390589e-15    4.930380657631e-32
    45    3.802699975636e-15   -5.916456789158e-31
    46    1.154215516466e-14    0.000000000000e+00
    47    1.038055099473e-13    3.155443620884e-30
    48    1.265843725791e-12   -3.944304526105e-29
    49    4.982329794379e-12   -7.573064690122e-29
    50    1.504949567930e-11   -2.019483917366e-28
    51    2.678052309093e-11    2.827277484312e-27
    52    6.738459797050e-11   -1.615587133893e-27
    53    1.486481886467e-09    0.000000000000e+00
    54    1.826321273015e-08    0.000000000000e+00
    55    5.400108883812e-08    0.000000000000e+00
    56    1.433105404925e-07    0.000000000000e+00
    57    1.350557892300e-06    3.970466940255e-23
    58    9.394103305047e-06    0.000000000000e+00
    59    1.045022025558e-04   -8.470329472543e-22
    60    6.047074960660e-04   -3.388131789017e-21
    61    5.405276704480e-03   -4.065758146821e-20
    62    5.109735056309e-02   -8.131516293641e-20
    63    5.207096065586e-01    0.000000000000e+00
