     0    1.117168377000e+01    3.469446951954e-18
     1    5.021496268739e-01    4.336808689942e-19
     2    5.839695523394e-02    4.065758146821e-20
     3    5.084098647949e-03   -3.388131789017e-21
     4    4.986670740379e-04    0.000000000000e+00
     5    6.112792906078e-05   -4.235164736272e-22
     6    5.895193328181e-06   -3.639594695233e-23
     7    8.891382929735e-07    1.654361225106e-23
     8    1.179539527877e-07    3.308722450212e-24
     9    1.929585637693e-08    0.000000000000e+00
    10    3.185124352477e-09    1.550963648537e-25
    11    2.776693780239e-10   -2.584939414228e-26
    12    2.583870741398e-11    2.584939414228e-26
    13   -5.390744344479e-11    8.077935669463e-27
    14   -2.431017384648e-11   -8.077935669463e-28
    15   -6.170030177547e-13    0.000000000000e+00
    16   -2.243281173917e-13    2.524354896707e-29
    17   -7.499832353336e-14   -6.310887241768e-30
    18   -1.556621406326e-14    7.888609052210e-31
    19   -7.344165288751e-15    0.000000000000e+00
    20   -1.154352566118e-15   -9.860761315263e-32
    21    7.722511730529e-17   -1.232595164408e-32
    22   -2.467062462331e-17   -6.162975822039e-33
    23   -1.850775525772e-17    1.540743955510e-33
    24    2.086391618778e-20    0.000000000000e+00
    25   -1.540923722387e-19    0.000000000000e+00
    26   -2.746616332020e-19   -9.027796614315e-36
    27   -1.162047600111e-19   -6.018531076210e-36
    28   -3.888774329400e-20   -6.018531076210e-36
    29    5.432661307766e-22    1.880790961316e-37
    30   -8.631150941080e-22   -2.350988701645e-38
    31   -3.668066614658e-22    2.350988701645e-38
    32    2.005086669135e-24   -2.350988701645e-38
    33    6.026823895749e-22   -8.816207631167e-39
    34    1.366328587822e-21    5.877471754111e-38
    35    2.792704212409e-21    5.642372883947e-37
    36    1.194689524679e-20    0.000000000000e+00
    37    9.386886493735e-20    0.000000000000e+00
    38    1.461441038219e-19    6.018531076210e-36
    39    1.574381600793e-18    1.203706215242e-34
    40    9.241429056188e-18    1.251854463852e-33
    41    7.228777030865e-17   -2.311115933265e-33
    42    2.860466251860e-16    3.081487911020e-33
    43    1.268804827945e-15    0.000000000000e+00
    44    3.897451791542e-15    1.232595164408e-31
    45    1.628766977618e-14   -5.916456789158e-31
    46    4.046540047192e-14    3.944304526105e-30
    47    1.982684857550e-13   -6.310887241768e-30
    48    5.656770718156e-13    0.000000000000e+00
    49    3.245899249008e-12    5.048709793414e-29
    50    1.895570975258e-11   -2.019483917366e-28
    51    5.509588772731e-11    1.615587133893e-27
    52    4.057315590882e-10   -6.462348535571e-27
    53    2.623441116733e-09    1.938704560671e-26
    54    9.415255030898e-09   -5.169878828456e-26
    55    4.197834587048e-08    0.000000000000e+00
    56    2.560001523999e-07    1.654361225106e-24
    57    1.448643585790e-06   -3.308722450212e-24
    58    1.148330275476e-05    0.000000000000e+00
    59    9.252619034062e-05    5.293955920339e-22
    60    6.726355051660e-04   -3.388131789017e-21
    61    5.586710258842e-03   -2.032879073410e-20
    62    5.092556584584e-02    3.252606517457e-19
    63    5.189263733192e-01    0.000000000000e+00
