     0    1.145008430090e+01   -6.938893903907e-18
     1    5.176482799226e-01   -1.734723475977e-18
     2    4.732585167792e-02    1.084202172486e-19
     3    5.235478268710e-03    1.355252715607e-20
     4    5.443743158720e-04   -1.694065894509e-21
     5    6.569135203239e-05    0.000000000000e+00
     6    1.105790243857e-05    0.000000000000e+00
     7    1.761530216267e-06   -9.926167350636e-24
     8    3.071459335873e-07   -3.308722450212e-24
     9    3.041303585014e-08    0.000000000000e+00
    10    4.778781050937e-09    5.169878828456e-26
    11    9.488765228260e-10    2.584939414228e-26
    12    1.227613578714e-10   -6.462348535571e-27
    13    1.156724167796e-11    0.000000000000e+00
    14    8.700350448816e-13   -2.019483917366e-28
    15   -7.769836717319e-13   -2.019483917366e-28
    16   -1.247392755335e-13   -2.524354896707e-29
    17    4.688554837611e-14    0.000000000000e+00
    18    1.549192936023e-14   -1.972152263053e-31
    19    1.227711725228e-15    1.479114197289e-31
    20    1.993705218231e-16    0.000000000000e+00
    21    1.117277899797e-16   -1.232595164408e-32
    22    3.190629581294e-17   -3.081487911020e-33
    23    4.602164429837e-18   -3.851859888774e-34
    24   -3.804446750062e-19   -1.083335593718e-34
    25    3.226081366552e-19    1.805559322863e-35
    26    4.190296280272e-20    1.504632769053e-36
    27    3.733660664328e-20   -7.523163845263e-37
    28    8.664790229507e-22    0.000000000000e+00
    29    1.976702977208e-21    0.000000000000e+00
    30    1.431315113064e-22    2.350988701645e-38
    31    1.473011361068e-22   -1.175494350822e-38
    32    1.897104091904e-23    2.938735877056e-39
    33   -5.355921864307e-23   -2.938735877056e-39
    34    6.280263594395e-23    2.350988701645e-38
    35    3.694516573344e-22   -4.701977403289e-38
    36    7.706673307601e-21    1.504632769053e-36
    37    9.249105466739e-20    1.203706215242e-35
    38    4.735852915257e-19    0.000000000000e+00
    39    4.849886327729e-19   -9.629649721936e-35
    40    1.232608603682e-18   -7.703719777549e-34
    41    9.890434089327e-19   -3.851859888774e-34
    42   -1.904928411910e-17   -1.540743955510e-33
    43   -7.909420321489e-17    6.162975822039e-33
    44    3.370228681076e-16   -3.697785493223e-32
    45    2.763782587503e-15    0.000000000000e+00
    46    1.938167315263e-14    7.888609052210e-31
    47    1.052948812230e-13    0.000000000000e+00
    48    5.067921851610e-13    0.000000000000e+00
    49    3.239469868104e-12   -1.009741958683e-28
    50    2.096548938358e-11   -2.019483917366e-28
    51    1.055961970794e-10    1.817535525629e-27
    52    3.507224973637e-10   -6.462348535571e-27
    53    1.031622750653e-09   -1.033975765691e-25
    54    5.513397570054e-09   -2.067951531383e-25
    55    2.953071572404e-08    5.169878828456e-25
    56    1.196804982518e-07   -4.135903062765e-24
    57    8.046242231825e-07    4.963083675318e-23
    58    7.768309508051e-06    1.058791184068e-22
    59    7.559427306016e-05    2.117582368136e-22
    60    8.275107401928e-04   -1.355252715607e-20
    61    7.018680255690e-03    1.355252715607e-20
    62    5.225310038605e-02   -5.421010862428e-20
    63    5.299792985499e-01    1.409462824231e-18
