     0    1.188193550531e+01    4.770489558936e-18
     1    5.159274949364e-01    7.589415207399e-19
     2    5.394683373674e-02   -5.421010862428e-20
     3    5.208907544542e-03   -5.082197683526e-21
     4    4.813010671391e-04    1.482307657695e-21
     5    5.268321443577e-05    7.411538288475e-22
     6    7.376957881146e-06    1.323488980085e-22
     7    6.708760781784e-07    1.323488980085e-23
     8    8.468050536660e-08   -1.654361225106e-24
     9    1.705250121965e-08    2.067951531383e-25
    10    7.053198879353e-09   -1.033975765691e-25
    11    1.778111920107e-09    1.033975765691e-25
    12    3.157500280879e-10    1.938704560671e-26
    13    2.360315375396e-11    1.615587133893e-27
    14    3.321924515359e-12   -8.077935669463e-28
    15    2.204381520726e-12    0.000000000000e+00
    16    9.786548880778e-13    5.048709793414e-29
    17    2.680088731788e-13   -6.310887241768e-30
    18    4.481157056627e-14   -1.972152263053e-30
    19    4.459340850958e-15    9.860761315263e-32
    20    1.357086980243e-15    2.465190328816e-32
    21    2.051804975632e-16   -1.232595164408e-32
    22    2.383982699143e-17    0.000000000000e+00
    23    1.022497134362e-17    0.000000000000e+00
    24    1.652044886925e-18   -9.629649721936e-35
    25    8.435407840820e-19   -2.407412430484e-35
    26    3.030151740801e-19    2.407412430484e-35
    27    7.450239613238e-20    1.504632769053e-36
    28    7.879996413163e-21    1.128474576789e-36
    29   -1.524364874525e-22   -1.880790961316e-37
    30    1.618310752574e-22    0.000000000000e+00
    31   -5.594979656605e-23   -5.877471754111e-39
    32   -1.185174295863e-23    5.877471754111e-39
    33    2.621163527765e-24    2.938735877056e-39
    34   -5.074573192316e-23   -3.526483052467e-38
    35    9.251651523854e-23    2.350988701645e-37
    36    5.288259145554e-21   -9.403954806578e-38
    37   -5.484186013164e-21    7.523163845263e-37
    38    4.342143098351e-20    9.027796614315e-36
    39    7.361449696605e-19    7.222237291452e-35
    40    2.785400935628e-19    5.416677968589e-35
    41   -6.159255244084e-18   -7.703719777549e-34
    42   -4.192829747365e-17    0.000000000000e+00
    43   -4.444881486526e-16    1.232595164408e-32
    44   -1.579343358461e-16    3.944304526105e-31
    45   -2.781902669166e-15   -3.944304526105e-31
    46    3.680548837182e-14    9.860761315263e-30
    47    1.059737228882e-13    0.000000000000e+00
    48    2.317839838317e-13    0.000000000000e+00
    49    4.888812655283e-13    6.310887241768e-30
    50    3.416847638197e-12    0.000000000000e+00
    51    2.646686306379e-11    7.068193710780e-28
    52    1.121109017628e-10   -2.019483917366e-28
    53    4.109011183982e-10   -3.554291694564e-26
    54    3.409505421678e-09   -1.292469707114e-26
    55    1.891875527163e-08    0.000000000000e+00
    56    1.623227099235e-07   -2.481541837659e-24
    57    1.094435201631e-06   -1.323488980085e-23
    58    7.944002714770e-06   -2.646977960170e-23
    59    6.383542916047e-05   -2.117582368136e-22
    60    5.551468362756e-04   -3.388131789017e-21
    61    5.372547524517e-03   -3.388131789017e-21
    62    5.004651452637e-02    1.965116437630e-19
    63    5.213774369878e-01   -2.168404344971e-18
