     0    1.196914474552e+01    0.000000000000e+00
     1    5.121454428508e-01    0.000000000000e+00
     2    4.906906602261e-02    2.710505431214e-19
     3    4.933377938546e-03   -2.710505431214e-20
     4    5.891335276779e-04    0.000000000000e+00
     5    7.399420283206e-05   -1.694065894509e-21
     6    1.045055013581e-05    4.235164736272e-22
     7    1.347877607230e-06    0.000000000000e+00
     8    1.596434878652e-07    0.000000000000e+00
     9    1.660520402784e-08    4.135903062765e-25
    10    5.547139984862e-09    2.067951531383e-25
    11    5.330793815702e-10   -3.877409121342e-26
    12    2.389448528387e-10   -1.292469707114e-26
    13    4.036076497217e-11    0.000000000000e+00
    14    2.027486916865e-12    0.000000000000e+00
    15    1.428787220034e-12   -1.009741958683e-28
    16    4.025593578358e-13    3.786532345061e-29
    17    2.442115979760e-15    0.000000000000e+00
    18    4.253698149966e-14    7.888609052210e-31
    19    7.163076831725e-15    9.860761315263e-32
    20    3.691141172584e-15    1.972152263053e-31
    21    5.505384397919e-16   -2.465190328816e-32
    22    2.086478220105e-16    6.162975822039e-33
    23    5.895019285275e-18   -3.851859888774e-34
    24    3.927019594909e-18    0.000000000000e+00
    25    1.683862460527e-18    1.203706215242e-35
    26    4.978880041833e-19    1.203706215242e-35
    27   -1.269635305039e-20    7.523163845263e-37
    28    2.101512662133e-20    1.128474576789e-36
    29    1.015705467889e-21    9.403954806578e-38
    30   -9.174947495085e-22   -1.645692091151e-37
    31    9.794528381478e-22    2.350988701645e-38
    32    1.529015866344e-22   -2.938735877056e-39
    33    1.243511376391e-22    0.000000000000e+00
    34    6.171784462160e-22    2.350988701645e-38
    35    1.962471801996e-21    0.000000000000e+00
    36    9.048350195710e-21    1.880790961316e-37
    37    2.425756063885e-20   -3.761581922631e-37
    38    1.581693377614e-19   -2.256949153579e-36
    39    3.022990240610e-19   -1.203706215242e-35
    40    2.721239914247e-18    2.888894916581e-34
    41    2.223517904393e-18   -9.629649721936e-35
    42    3.438585341958e-17   -1.540743955510e-33
    43   -8.590031290198e-17    1.232595164408e-32
    44   -2.456706663833e-16    1.232595164408e-32
    45    2.817983389631e-15    1.479114197289e-31
    46   -6.643260373033e-15   -5.916456789158e-31
    47   -2.823248690594e-14    1.262177448354e-29
    48   -4.258229401619e-13   -3.155443620884e-29
    49   -1.489821735244e-12    0.000000000000e+00
    50   -8.052277357914e-12   -2.524354896707e-29
    51   -5.318603304337e-12   -1.009741958683e-27
    52    4.628506198826e-12   -3.231174267785e-27
    53    7.470445637248e-10   -4.038967834732e-27
    54    6.859678938136e-09    0.000000000000e+00
    55    5.019514040617e-08   -5.686866711302e-25
    56    2.486327674729e-07   -3.308722450212e-24
    57    1.702116773819e-06   -3.474158572723e-23
    58    1.301284347782e-05    0.000000000000e+00
    59    7.809429215167e-05   -1.588186776102e-22
    60    5.772168120992e-04    8.470329472543e-22
    61    4.644038543120e-03    1.016439536705e-20
    62    4.648943917083e-02   -1.084202172486e-19
    63    5.042486303126e-01    8.673617379884e-19
