     0    1.162100568255e+01   -3.469446951954e-18
     1    4.916655085025e-01   -9.757819552370e-19
     2    4.325113314964e-02    0.000000000000e+00
     3    4.384338834671e-03    1.185846126156e-20
     4    5.386182844673e-04   -2.541098841763e-21
     5    7.874936701954e-05    4.235164736272e-22
     6    9.010594651460e-06    1.323488980085e-23
     7    1.300908325505e-06   -1.323488980085e-23
     8    1.384340250923e-07    0.000000000000e+00
     9    2.265557155153e-08    0.000000000000e+00
    10    5.665662973397e-09    0.000000000000e+00
    11    8.913908573594e-10   -3.231174267785e-26
    12    1.206283994142e-10   -3.231174267785e-27
    13   -4.733827989484e-13    1.615587133893e-27
    14   -3.483513604783e-12    2.019483917366e-28
    15   -9.298820659156e-14   -2.524354896707e-29
    16   -9.949091864305e-14    2.524354896707e-29
    17    5.640878308171e-15    0.000000000000e+00
    18   -6.778410964423e-16   -3.944304526105e-31
    19    1.639205998090e-15    0.000000000000e+00
    20    2.231051019761e-16   -4.930380657631e-32
    21    2.455532084371e-17    6.162975822039e-33
    22    1.498751921413e-17   -1.540743955510e-33
    23    5.075562863721e-18   -7.703719777549e-34
    24    1.785417254471e-18   -4.814824860968e-35
    25    5.558125353504e-19   -2.407412430484e-35
    26    6.528957832339e-21   -9.027796614315e-36
    27    9.691517252322e-21   -2.256949153579e-36
    28   -4.683961175002e-21   -1.880790961316e-37
    29    6.534327345299e-23    0.000000000000e+00
    30    9.983653438079e-23   -1.175494350822e-38
    31   -4.771339773499e-24    2.938735877056e-39
    32   -2.391358104174e-23   -7.346839692639e-40
    33    1.440112741178e-22    1.322431144675e-38
    34    1.459374420274e-21   -2.938735877056e-39
    35    7.169528915747e-21    4.701977403289e-38
    36    2.881329171833e-20    3.761581922631e-37
    37    8.691818336820e-20    4.513898307158e-36
    38   -2.230814096529e-19    3.159728815010e-35
    39   -1.251743634140e-18    1.805559322863e-35
    40    1.109669013471e-18   -1.444447458290e-34
    41    1.802347563505e-17    4.814824860968e-35
    42    9.453929491134e-17    7.703719777549e-34
    43    4.118410406216e-16    1.232595164408e-32
    44    2.116408557526e-15    0.000000000000e+00
    45    1.759107357090e-15    0.000000000000e+00
    46    6.469644792039e-14    1.577721810442e-30
    47    1.490186883412e-13    0.000000000000e+00
    48    7.838290733927e-13    1.262177448354e-29
    49    8.637309515769e-13   -2.524354896707e-29
    50    4.513060924181e-12    1.009741958683e-28
    51    3.478434646574e-11   -8.077935669463e-28
    52    2.491757465534e-10    3.231174267785e-27
    53    1.254833152923e-09    2.584939414228e-26
    54    1.040301966743e-08   -1.938704560671e-25
    55    6.153058964667e-08   -4.135903062765e-25
    56    3.654940286694e-07   -1.654361225106e-24
    57    2.764327053381e-06   -2.646977960170e-23
    58    1.334204336746e-05    0.000000000000e+00
    59    8.876335524391e-05    8.470329472543e-22
    60    6.355083714448e-04    0.000000000000e+00
    61    5.198923659123e-03   -2.710505431214e-20
    62    4.781971401926e-02   -2.710505431214e-19
    63    5.056902802275e-01   -8.673617379884e-19
