     0    1.119917278248e+01    0.000000000000e+00
     1    4.949735010267e-01   -8.673617379884e-19
     2    4.683276491998e-02    0.000000000000e+00
     3    4.704860509395e-03    3.218725199566e-20
     4    4.699791319682e-04    1.694065894509e-21
     5    5.775232884248e-05   -8.999725064577e-22
     6    8.258824382133e-06    0.000000000000e+00
     7    1.005151575262e-06    3.308722450212e-24
     8    1.719433921654e-07   -2.481541837659e-24
     9    2.058034617085e-08    1.033975765691e-25
    10    3.735162784693e-09   -3.877409121342e-26
    11    2.739630630356e-10   -1.292469707114e-26
    12    1.105904702825e-11    1.615587133893e-27
    13   -7.921013431524e-12   -8.077935669463e-28
    14   -5.561636151040e-14    0.000000000000e+00
    15    1.703763799671e-13    5.048709793414e-29
    16    5.956458453946e-14    0.000000000000e+00
    17    6.869989127086e-14    3.155443620884e-30
    18    8.692070872725e-15    3.944304526105e-31
    19    4.375657550083e-15    9.860761315263e-32
    20    6.864573324081e-16   -8.628166150855e-32
    21    8.833239691013e-17   -4.237045877652e-33
    22    2.563600415788e-18   -7.703719777549e-34
    23   -1.242691105167e-18   -4.814824860968e-35
    24   -5.140542273254e-19   -6.018531076210e-35
    25    3.118442626625e-20   -2.106485876674e-35
    26    1.221794344044e-20   -3.761581922631e-36
    27    4.017912145280e-21   -1.022680085215e-36
    28   -1.187717768589e-21   -1.410593220987e-37
    29   -6.886901753764e-22    0.000000000000e+00
    30   -1.724423446408e-22   -2.204051907792e-39
    31   -4.729448811685e-23   -7.346839692639e-40
    32   -2.022453219304e-23   -2.020380915476e-39
    33    6.429670716640e-23    1.836709923160e-39
    34    3.885397256377e-22   -8.816207631167e-39
    35    1.115871155457e-21   -1.175494350822e-38
    36    3.480324943306e-21    5.877471754111e-38
    37    1.468083713938e-21    0.000000000000e+00
    38    1.668741676231e-20    0.000000000000e+00
    39    2.091741270789e-20    1.504632769053e-36
    40   -1.448211717250e-19   -1.203706215242e-35
    41   -3.652317574669e-19   -1.925929944387e-34
    42   -7.117812691370e-18   -1.155557966632e-33
    43   -1.683259486657e-17    6.162975822039e-33
    44   -7.508358960715e-18    1.232595164408e-32
    45    6.483937843348e-17   -9.860761315263e-32
    46    4.632596377287e-15   -3.944304526105e-31
    47    1.764749562873e-14   -3.944304526105e-31
    48    3.683132064888e-14    5.916456789158e-31
    49    1.943975655152e-14    3.786532345061e-29
    50    1.591159260729e-13   -2.524354896707e-29
    51    5.260019200703e-12   -4.038967834732e-28
    52    5.679681273175e-11    0.000000000000e+00
    53    3.280679860444e-10    0.000000000000e+00
    54    2.433550355708e-09    7.754818242685e-26
    55    1.698132051708e-08    0.000000000000e+00
    56    1.310546589153e-07    4.135903062765e-25
    57    8.581898955403e-07    0.000000000000e+00
    58    6.647503517140e-06    2.646977960170e-23
    59    4.799706328502e-05    2.117582368136e-22
    60    4.143852845239e-04    0.000000000000e+00
    61    4.013413673148e-03   -3.388131789017e-21
    62    4.392673492949e-02    2.710505431214e-20
    63    5.107580370749e-01    4.336808689942e-19
