     0    1.212282923665e+01    0.000000000000e+00
     1    5.564897914405e-01    1.734723475977e-18
     2    5.110642138696e-02   -2.168404344971e-19
     3    5.243858822809e-03   -3.388131789017e-21
     4    5.623430046852e-04    4.235164736272e-22
     5    5.483504076047e-05    4.235164736272e-22
     6    7.583069708398e-06   -1.191140082076e-22
     7    1.461139325758e-06    3.143286327702e-23
     8    1.215388712267e-07   -8.271806125530e-25
     9    9.261190696177e-09    3.101927297074e-25
    10    5.976317128487e-09    7.754818242685e-26
    11    1.882780127052e-09   -2.584939414228e-26
    12    2.438037481973e-10    1.615587133893e-27
    13    2.267713668038e-11   -4.038967834732e-28
    14    4.778190812546e-13    2.019483917366e-28
    15    1.372410912468e-12    5.048709793414e-29
    16    2.489631195094e-13    9.466330862652e-30
    17    9.215410470005e-14    1.577721810442e-30
    18    1.637133418475e-14    7.888609052210e-31
    19    7.357301920437e-15    0.000000000000e+00
    20    8.332435658407e-16    3.697785493223e-32
    21   -5.699094593502e-17    6.162975822039e-33
    22    1.017913669430e-17    0.000000000000e+00
    23   -2.212463217328e-18    0.000000000000e+00
    24   -3.256809505245e-19   -9.629649721936e-35
    25    3.045954525094e-19    0.000000000000e+00
    26    6.205993667807e-22   -1.203706215242e-35
    27    2.995189204904e-20    3.761581922631e-36
    28    6.201209990597e-21   -1.880790961316e-37
    29   -6.955337759515e-22    1.410593220987e-37
    30   -1.026145702003e-23    0.000000000000e+00
    31    9.284292854486e-24   -7.346839692639e-40
    32    8.885134358391e-24   -5.142787784848e-39
    33   -3.062753898921e-22   -1.763241526233e-38
    34   -9.740471772188e-22   -9.403954806578e-38
    35    9.412202926132e-21   -4.701977403289e-38
    36    1.743284705537e-19    4.513898307158e-36
    37    3.582234135437e-19    9.027796614315e-36
    38    2.658507809159e-19    4.814824860968e-35
    39    5.406225423431e-19    1.444447458290e-34
    40    7.581395496172e-18   -9.629649721936e-34
    41    3.231281916591e-17   -3.851859888774e-34
    42    1.147750942343e-16   -1.540743955510e-33
    43    2.149324773835e-16    0.000000000000e+00
    44    4.190591455144e-16   -6.162975822039e-32
    45    2.058241202898e-15    0.000000000000e+00
    46    1.384001278011e-14   -3.944304526105e-31
    47   -3.780312648125e-14    1.577721810442e-30
    48   -1.111868136032e-13   -9.466330862652e-30
    49    6.986568589694e-13   -5.048709793414e-29
    50    9.069879799580e-12   -6.058451752097e-28
    51    2.953590212449e-11   -8.077935669463e-28
    52    2.004324624115e-10    0.000000000000e+00
    53    6.371644796334e-10   -1.292469707114e-26
    54    1.742003663545e-09    1.938704560671e-25
    55    2.119480661244e-08   -4.135903062765e-25
    56    1.023368740759e-07    0.000000000000e+00
    57    9.412556587672e-07    1.323488980085e-23
    58    1.246623328189e-05    3.176373552204e-22
    59    1.475974224818e-04    1.694065894509e-21
    60    9.533620108991e-04   -6.776263578034e-21
    61    6.338358944996e-03    0.000000000000e+00
    62    5.075265598477e-02   -2.168404344971e-19
    63    5.357264948819e-01    1.734723475977e-18
