     0    1.113980877466e+01    0.000000000000e+00
     1    5.275948265229e-01   -1.734723475977e-18
     2    5.364112293011e-02   -1.016439536705e-19
     3    5.760737476148e-03   -1.185846126156e-20
     4    6.896443742597e-04   -5.082197683526e-21
     5    7.764824235203e-05   -6.352747104407e-22
     6    1.044929809382e-05    5.293955920339e-23
     7    1.151590122721e-06    0.000000000000e+00
     8    1.644497651655e-07   -3.308722450212e-24
     9    1.154778464998e-08    8.271806125530e-25
    10    8.036860803605e-10    5.169878828456e-26
    11    2.881271900479e-10   -8.077935669463e-28
    12    1.272954216108e-10   -3.231174267785e-27
    13    2.433709916864e-11   -1.615587133893e-27
    14    5.956989258062e-12   -2.019483917366e-28
    15    1.552489822532e-12   -2.524354896707e-29
    16    4.290760975880e-13   -3.155443620884e-29
    17    5.971907971155e-14   -1.104405267309e-29
    18    1.425231737150e-15   -3.155443620884e-30
    19    2.762618168560e-15   -8.381647117973e-31
    20    1.141212420903e-15   -4.314083075427e-32
    21    1.886614623166e-16   -2.002967142163e-32
    22    2.785221869840e-17    2.311115933265e-33
    23    2.179140669909e-18    1.540743955510e-33
    24    1.452263771613e-18   -1.444447458290e-34
    25    3.139625460891e-19   -9.629649721936e-35
    26   -5.804152403973e-20    1.203706215242e-35
    27   -2.123808057412e-20    1.504632769053e-36
    28   -2.534338807634e-21   -2.821186441973e-37
    29   -6.273187517543e-22    1.880790961316e-37
    30   -1.047054571903e-23    0.000000000000e+00
    31   -7.726058339473e-23    0.000000000000e+00
    32   -2.187242415300e-22    1.469367938528e-38
    33   -5.674631348549e-22    4.114230227878e-38
    34   -4.154405699985e-21    0.000000000000e+00
    35   -5.254476065620e-22   -3.761581922631e-37
    36    7.958914627855e-21   -1.504632769053e-36
    37   -5.225107457153e-20   -1.504632769053e-36
    38    3.972745704356e-20   -1.956022599768e-35
    39   -6.705245808576e-19    4.814824860968e-35
    40    6.327446426663e-18    2.311115933265e-33
    41    9.655658545871e-17   -2.157041537714e-32
    42    5.686506805713e-17    3.081487911020e-33
    43   -1.041636926197e-16    4.930380657631e-32
    44   -8.361952133532e-16    0.000000000000e+00
    45    1.583146962167e-15   -1.972152263053e-31
    46   -5.671272184022e-15   -4.733165431326e-30
    47   -9.400573755391e-14   -9.466330862652e-30
    48   -2.666387345410e-13    0.000000000000e+00
    49   -1.066127924615e-12    5.048709793414e-29
    50   -3.190129930359e-12    2.019483917366e-28
    51    2.740174584149e-11    2.423380700839e-27
    52    1.545554626586e-10   -1.292469707114e-26
    53    3.921324715635e-10   -9.047287949799e-26
    54    2.400211378689e-09    2.584939414228e-26
    55    2.727964800686e-08    1.240770918830e-24
    56    1.589539919799e-07    6.617444900424e-24
    57    1.521761016146e-06   -1.323488980085e-23
    58    1.414404094585e-05    5.293955920339e-23
    59    9.842118788444e-05    0.000000000000e+00
    60    7.907506609374e-04   -2.032879073410e-20
    61    6.446065562915e-03    0.000000000000e+00
    62    5.234927984583e-02    0.000000000000e+00
    63    5.175799991390e-01   -6.938893903907e-18
