     0    1.159773598136e+01   -1.734723475977e-18
     1    5.164017897884e-01    0.000000000000e+00
     2    4.733380988195e-02   -5.421010862428e-20
     3    4.820912585582e-03   -6.776263578034e-21
     4    5.620486761520e-04    8.470329472543e-22
     5    6.956515909161e-05   -4.235164736272e-22
     6    7.823115832765e-06    2.646977960170e-23
     7    9.550145902317e-07    0.000000000000e+00
     8    1.286445650878e-07    2.481541837659e-24
     9    1.241718814140e-08    2.067951531383e-25
    10    3.137492780325e-09    5.169878828456e-26
    11    3.430700726059e-10    1.292469707114e-26
    12   -1.446977858248e-11   -2.423380700839e-27
    13   -1.084385354438e-11    4.038967834732e-28
    14   -3.380656623828e-13    1.893266172530e-28
    15   -8.464859861965e-13   -5.048709793414e-29
    16    1.269075578415e-13   -1.262177448354e-29
    17    8.254140598302e-14   -1.419949629398e-29
    18    4.842144354384e-14    1.577721810442e-30
    19    8.531786048386e-15   -1.972152263053e-31
    20    1.802388417904e-15   -1.232595164408e-32
    21    4.910398575638e-16   -1.232595164408e-32
    22    7.308910226622e-17   -1.232595164408e-32
    23    2.203759059713e-18    3.081487911020e-33
    24   -7.321036378863e-18    3.370377402678e-34
    25   -6.436531317298e-19    0.000000000000e+00
    26    4.679923032446e-20   -1.203706215242e-35
    27    5.118870345392e-20    6.018531076210e-36
    28    2.536337063310e-21    1.504632769053e-36
    29    5.661863938355e-21   -7.523163845263e-37
    30    6.734094909074e-22    0.000000000000e+00
    31   -6.930766415293e-23   -1.175494350822e-38
    32   -7.274422226743e-23   -4.408103815584e-39
    33    3.013336473009e-22   -1.175494350822e-38
    34    1.554970407306e-21   -9.403954806578e-38
    35    3.832798004811e-21    0.000000000000e+00
    36    1.425881718890e-20   -1.880790961316e-37
    37    6.566023543792e-20    3.009265538105e-36
    38   -1.951102042878e-19    1.203706215242e-35
    39    8.742705399882e-20   -9.629649721936e-35
    40   -5.629436935395e-19   -3.851859888774e-34
    41    4.751537761654e-17    1.540743955510e-33
    42    2.738606701513e-16    0.000000000000e+00
    43    4.625073871615e-16    0.000000000000e+00
    44   -3.904428939407e-16    0.000000000000e+00
    45    2.374519724108e-15    7.888609052210e-31
    46    2.392287692192e-14    1.577721810442e-30
    47    7.096813347355e-14   -3.155443620884e-30
    48    4.682998867321e-13    0.000000000000e+00
    49    9.173929436778e-13   -2.524354896707e-29
    50    2.034011245659e-12    4.543838814073e-28
    51    3.166929022613e-11   -1.211690350419e-27
    52    1.541231833005e-10    1.615587133893e-27
    53    4.284566997989e-10    0.000000000000e+00
    54    1.368888389890e-09   -1.033975765691e-25
    55    9.506614310134e-09    1.033975765691e-24
    56    1.453450577861e-07    1.654361225106e-24
    57    8.238897807371e-07    6.617444900424e-24
    58    6.359377513979e-06    5.293955920339e-23
    59    4.185550118210e-05    4.235164736272e-22
    60    3.546580683054e-04    0.000000000000e+00
    61    4.118420553229e-03    0.000000000000e+00
    62    4.504552609724e-02    5.421010862428e-20
    63    4.983733937545e-01    1.192622389734e-18
