     0    1.211354084346e+01   -3.469446951954e-18
     1    5.614653096553e-01   -6.505213034913e-19
     2    5.771851233786e-02    8.131516293641e-20
     3    5.355776606761e-03    3.388131789017e-20
     4    5.419553529925e-04    0.000000000000e+00
     5    7.883427191875e-05   -4.235164736272e-22
     6    1.233198285734e-05   -1.985233470127e-22
     7    1.597445385952e-06   -4.632211430297e-23
     8    8.038958827479e-07    3.308722450212e-24
     9    1.195918169562e-07    0.000000000000e+00
    10    1.689083580124e-08   -4.135903062765e-25
    11   -3.337496382865e-10    1.292469707114e-26
    12   -2.896131591467e-11    0.000000000000e+00
    13    2.687870598049e-11    0.000000000000e+00
    14    1.274453815827e-11    5.048709793414e-28
    15    2.460848961144e-12    0.000000000000e+00
    16    1.754135655526e-13    2.524354896707e-29
    17    3.399140664948e-14   -3.944304526105e-30
    18   -4.643823602310e-15   -1.183291357832e-30
    19   -5.902779696943e-15    0.000000000000e+00
    20   -1.134593118581e-15    0.000000000000e+00
    21   -1.704214105641e-15   -3.697785493223e-32
    22   -2.195281181234e-16    3.081487911020e-33
    23   -6.605978011331e-17    3.851859888774e-34
    24   -1.478350228265e-17    1.925929944387e-34
    25   -7.444721175527e-19   -1.203706215242e-35
    26   -6.895175475405e-20    0.000000000000e+00
    27    4.371475264466e-20   -3.761581922631e-36
    28    2.900780664891e-22    1.316553672921e-36
    29    1.447437472548e-21   -1.880790961316e-37
    30    1.253783502798e-21   -2.350988701645e-38
    31    3.605030967688e-22   -1.469367938528e-39
    32    3.883414666430e-23   -7.346839692639e-40
    33   -1.484756783470e-23    2.938735877056e-39
    34   -2.424712750706e-22    1.175494350822e-38
    35   -1.836759121820e-21   -1.410593220987e-37
    36    2.075186174210e-21    7.052966104934e-38
    37   -2.562618773902e-22    1.316553672921e-36
    38    4.489380818322e-20    1.504632769053e-36
    39    2.395431672041e-19    0.000000000000e+00
    40    1.539999679518e-18    0.000000000000e+00
    41    1.448042604532e-18   -9.629649721936e-35
    42   -1.324106671628e-18    0.000000000000e+00
    43   -1.102670526599e-16   -3.081487911020e-33
    44   -5.045388589873e-16   -3.081487911020e-32
    45   -1.085269954459e-15   -4.930380657631e-32
    46    6.763144315842e-16   -3.944304526105e-31
    47   -9.209689888838e-15    7.888609052210e-31
    48    1.292669131708e-13   -6.310887241768e-30
    49    9.580378516395e-13   -1.262177448354e-29
    50    6.264484661442e-12   -2.019483917366e-28
    51    1.769742637306e-11    3.029225876049e-28
    52    2.691474495574e-11   -1.615587133893e-27
    53   -1.621033031452e-10    9.693522803356e-27
    54    1.593369302650e-09    7.754818242685e-26
    55    1.949112055546e-08    0.000000000000e+00
    56    7.994189899916e-08    0.000000000000e+00
    57    5.249375174084e-07   -2.646977960170e-23
    58    4.178382541156e-06   -1.323488980085e-22
    59    3.772600323997e-05    8.470329472543e-22
    60    3.908221828436e-04   -1.270549420881e-21
    61    4.501368288857e-03   -2.032879073410e-20
    62    4.771230365759e-02   -2.168404344971e-19
    63    5.309647404042e-01   -2.818925648462e-18
