     0    1.143829007899e+01    1.734723475977e-17
     1    5.227075961357e-01    0.000000000000e+00
     2    4.427017108121e-02   -6.776263578034e-20
     3    4.212348602260e-03   -1.355252715607e-20
     4    4.257893614987e-04    1.270549420881e-21
     5    6.707764409086e-05    0.000000000000e+00
     6    8.257719498538e-06    1.058791184068e-22
     7    9.478745925115e-07    6.617444900424e-24
     8    1.919322073459e-07    6.617444900424e-24
     9    3.001103317097e-08    3.101927297074e-25
    10    5.874828934334e-09   -9.047287949799e-26
    11    1.302411129544e-09   -3.231174267785e-27
    12    1.896796822417e-10   -1.211690350419e-27
    13    2.987365627792e-11    1.615587133893e-27
    14    4.577720319808e-12    2.524354896707e-29
    15    3.103329423697e-13   -1.893266172530e-29
    16    7.303907688653e-14    3.155443620884e-29
    17    3.233698963994e-14    6.310887241768e-30
    18    7.417869559422e-15    9.860761315263e-31
    19   -2.235510318270e-15   -2.465190328816e-32
    20   -5.018498270880e-16   -2.465190328816e-32
    21   -2.760905471664e-17    4.622231866529e-33
    22    2.527791620784e-17    3.081487911020e-33
    23    9.252696186523e-19    5.777789833162e-34
    24    1.891418927249e-18   -3.129636159629e-34
    25    1.204445747488e-18    1.203706215242e-35
    26    3.085193204759e-19    0.000000000000e+00
    27    2.981765325403e-20    0.000000000000e+00
    28   -1.029574888072e-20   -2.821186441973e-36
    29   -2.717236248052e-21   -3.996680792796e-37
    30   -5.121647540958e-22   -6.465218929523e-38
    31   -2.682123671071e-22    2.938735877056e-38
    32   -1.662233561800e-23    1.469367938528e-39
    33   -2.075268132193e-22   -1.175494350822e-38
    34   -1.210400334949e-21    4.701977403289e-38
    35   -8.939531602082e-21    9.403954806578e-37
    36   -4.189483540317e-21    6.018531076210e-36
    37   -5.883204046774e-20    3.009265538105e-36
    38   -4.719273721254e-19    1.324076836766e-34
    39   -3.891163035619e-18    6.018531076210e-36
    40   -1.522006519250e-17    1.492595706900e-33
    41   -1.613209865732e-16    3.081487911020e-33
    42   -3.702034061327e-16   -6.162975822039e-33
    43   -2.648639932983e-15    0.000000000000e+00
    44   -1.303632307694e-14   -2.366582715663e-30
    45   -1.325146172995e-14    1.700981326883e-30
    46   -4.705708136561e-14   -2.366582715663e-30
    47   -2.341786378456e-13   -1.262177448354e-29
    48   -2.515567011897e-12   -8.330371159134e-28
    49   -3.299258682429e-12   -5.048709793414e-29
    50   -8.706203352406e-12    8.077935669463e-28
    51    8.595845503067e-11    0.000000000000e+00
    52    1.706103566413e-10    6.462348535571e-27
    53    1.896916808455e-10    5.169878828456e-26
    54    3.912929958171e-09   -8.788794008376e-25
    55    2.896317006112e-08    0.000000000000e+00
    56    1.684830222806e-07    8.271806125530e-25
    57    8.480796258526e-07    2.646977960170e-23
    58    8.027788587354e-06    2.646977960170e-23
    59    6.622348169408e-05    6.352747104407e-22
    60    5.467136513672e-04   -5.929230630780e-21
    61    5.051975774301e-03    6.776263578034e-21
    62    5.162602765980e-02    1.084202172486e-19
    63    5.424463384189e-01   -3.035766082959e-18
