     0    1.187162396733e+01    6.938893903907e-18
     1    5.620133361132e-01   -8.673617379884e-19
     2    5.422503880384e-02    2.168404344971e-19
     3    6.011817670445e-03    2.710505431214e-20
     4    7.567238940194e-04    6.776263578034e-21
     5    1.126776036582e-04    8.470329472543e-22
     6    1.378036120284e-05    0.000000000000e+00
     7    2.386529380096e-06   -2.646977960170e-23
     8    3.126563262111e-07    3.308722450212e-24
     9    3.587283125744e-08   -4.135903062765e-25
    10    4.800574301196e-09    2.584939414228e-26
    11    9.487853537119e-10    0.000000000000e+00
    12    2.775448531153e-10    0.000000000000e+00
    13    9.281695837300e-11   -1.615587133893e-27
    14    1.840509506127e-11    0.000000000000e+00
    15    3.427621424409e-12   -4.038967834732e-28
    16    5.093133808756e-13   -6.310887241768e-30
    17    1.307545369316e-13    1.577721810442e-30
    18    1.684831833321e-14   -1.183291357832e-30
    19    6.329463267869e-15   -8.381647117973e-31
    20    2.097430359942e-15    1.479114197289e-31
    21    7.538422527426e-16   -6.162975822039e-33
    22    1.078961009743e-16   -3.081487911020e-33
    23    2.428914200017e-17    0.000000000000e+00
    24    8.434728509103e-18    2.888894916581e-34
    25    1.243332654550e-18    9.629649721936e-35
    26   -1.142008394252e-19    4.814824860968e-35
    27    8.043228776405e-20    1.203706215242e-35
    28   -1.034381046669e-20    0.000000000000e+00
    29    2.749280961766e-21    3.761581922631e-37
    30    1.179704426584e-21    7.640713280345e-38
    31    2.534589083141e-22    0.000000000000e+00
    32    3.079425726969e-23   -5.877471754111e-39
    33   -1.366247383484e-23   -5.877471754111e-39
    34    2.125806217527e-22    1.175494350822e-38
    35   -4.664028805010e-24    9.403954806578e-38
    36   -4.997062015207e-21    0.000000000000e+00
    37    2.685261696893e-21    0.000000000000e+00
    38    1.592202861763e-21   -3.009265538105e-36
    39   -1.923596148411e-19    2.407412430484e-35
    40    2.028565069238e-19   -9.629649721936e-35
    41   -7.223137317973e-18    4.814824860968e-34
    42   -4.703969547216e-18    0.000000000000e+00
    43    8.469596965487e-17    0.000000000000e+00
    44    6.640757773558e-16    0.000000000000e+00
    45    3.641520133420e-15    0.000000000000e+00
    46    2.835348413108e-14    7.888609052210e-31
    47    1.121773575762e-13    0.000000000000e+00
    48    7.726710649304e-13   -5.048709793414e-29
    49    1.757333209177e-12    0.000000000000e+00
    50    6.988837731559e-12   -4.038967834732e-28
    51    3.029009746748e-11   -1.615587133893e-27
    52    8.346390682900e-11    0.000000000000e+00
    53    1.109378472205e-10   -1.938704560671e-26
    54    4.535824421691e-09   -1.033975765691e-25
    55    2.273323172945e-08   -8.271806125530e-25
    56    1.000000080670e-07    1.654361225106e-24
    57    1.292285714507e-06   -1.158052857574e-23
    58    9.308053254852e-06   -4.235164736272e-22
    59    7.456464806254e-05    0.000000000000e+00
    60    6.377299426091e-04    6.776263578034e-21
    61    5.832298591654e-03   -1.355252715607e-20
    62    5.047764163551e-02    5.421010862428e-20
    63    5.246686450853e-01   -8.673617379884e-19
