     0    1.144344553147e+01   -1.387778780781e-17
     1    5.318349456825e-01    2.602085213965e-18
     2    5.271576100959e-02    0.000000000000e+00
     3    6.725108732764e-03    2.710505431214e-20
     4    6.732549185639e-04   -1.694065894509e-21
     5    8.859097596377e-05    0.000000000000e+00
     6    9.279084812144e-06   -1.058791184068e-22
     7    1.298780537101e-06   -5.293955920339e-23
     8    2.109382652701e-07   -6.617444900424e-24
     9    3.003257846100e-08    3.515517603350e-24
    10    4.573485782234e-09   -2.067951531383e-25
    11    7.664881770258e-10   -1.938704560671e-26
    12    1.491760862844e-10    1.211690350419e-26
    13    3.523565455102e-11    1.615587133893e-27
    14    8.536601298596e-12    3.534096855390e-28
    15    1.834985690779e-12    0.000000000000e+00
    16    4.421056678233e-13    0.000000000000e+00
    17    7.450174342300e-14   -6.310887241768e-30
    18    1.064902013919e-14    7.888609052210e-31
    19    1.522447466425e-15    0.000000000000e+00
    20   -4.722381343808e-17    3.697785493223e-32
    21   -1.047883454263e-16    4.622231866529e-33
    22   -1.071645697244e-17   -7.703719777549e-34
    23   -2.119551524612e-18    0.000000000000e+00
    24   -5.716590237682e-19    9.629649721936e-35
    25   -3.357987554502e-19    0.000000000000e+00
    26    3.222532037710e-21    2.407412430484e-35
    27    2.261884049112e-20    7.523163845263e-37
    28    1.047763820898e-20    0.000000000000e+00
    29    2.295605077098e-21    0.000000000000e+00
    30    8.705868843626e-23    5.877471754111e-39
    31    1.128227947632e-22    1.763241526233e-38
    32    3.194997799006e-23    1.028557556970e-38
    33   -3.044958333657e-22    3.526483052467e-38
    34   -2.052238329226e-21    9.403954806578e-38
    35   -3.111876547808e-21   -1.880790961316e-37
    36   -7.033974671444e-21    9.403954806578e-38
    37   -7.873686925756e-20   -6.018531076210e-36
    38   -1.433071119237e-19   -6.018531076210e-36
    39    3.669714525133e-19    0.000000000000e+00
    40    1.572529064248e-18    1.925929944387e-34
    41   -1.988849845107e-18   -5.777789833162e-34
    42   -1.238566169085e-17    0.000000000000e+00
    43    1.279258454635e-17    1.232595164408e-32
    44   -3.787605111809e-16    4.930380657631e-32
    45   -1.836505192886e-15   -9.860761315263e-32
    46   -5.134963035497e-15   -1.972152263053e-31
    47    3.222815088831e-14   -6.310887241768e-30
    48    2.333198611221e-13   -1.262177448354e-29
    49    4.036874913183e-13    0.000000000000e+00
    50    2.394421382980e-12    2.019483917366e-28
    51    1.560468663331e-11   -2.019483917366e-28
    52    9.621347136774e-11    2.019483917366e-28
    53    1.003334453565e-09   -6.462348535571e-27
    54    6.798100185431e-09    1.033975765691e-25
    55    4.380608209407e-08   -8.271806125530e-25
    56    3.653911627737e-07    0.000000000000e+00
    57    1.893411458205e-06   -3.970466940255e-23
    58    1.081101149205e-05    0.000000000000e+00
    59    6.762597795318e-05    8.470329472543e-22
    60    5.585495046793e-04    0.000000000000e+00
    61    5.696038951545e-03    2.710505431214e-20
    62    5.233057811985e-02    2.168404344971e-19
    63    5.471733198216e-01    1.734723475977e-18
