     0    1.170007959682e+01   -1.387778780781e-17
     1    5.242248491595e-01    3.469446951954e-18
     2    5.460091295968e-02    0.000000000000e+00
     3    5.672477145160e-03   -2.710505431214e-20
     4    7.028802231920e-04   -6.776263578034e-21
     5    8.113894728374e-05   -8.470329472543e-22
     6    9.545756594685e-06    1.058791184068e-22
     7    1.850654816686e-06   -1.323488980085e-23
     8    2.912799733371e-07   -1.323488980085e-23
     9    3.533875179188e-08    0.000000000000e+00
    10    4.635693994642e-09   -1.033975765691e-25
    11    3.469961941332e-10    5.169878828456e-26
    12    1.733318805522e-10    0.000000000000e+00
    13    1.664357462905e-11    4.846761401678e-27
    14    1.100628997554e-12    8.077935669463e-28
    15   -1.535673358559e-13    4.038967834732e-28
    16   -4.009200456241e-13   -6.310887241768e-29
    17   -1.252283291489e-13    5.048709793414e-29
    18    1.901375187443e-15    0.000000000000e+00
    19    1.770203604444e-15    3.944304526105e-31
    20   -3.475537783602e-16    0.000000000000e+00
    21   -1.142288143506e-16   -4.930380657631e-32
    22    1.834855701149e-17    0.000000000000e+00
    23    2.432998075301e-19    0.000000000000e+00
    24   -1.357941145538e-18    1.925929944387e-34
    25   -1.469919080657e-18    0.000000000000e+00
    26   -2.523107969969e-19    0.000000000000e+00
    27   -6.990281900932e-20    2.407412430484e-35
    28    8.418554212144e-21   -3.009265538105e-36
    29    5.438040591790e-21   -3.761581922631e-37
    30    9.886952488478e-22   -5.877471754111e-39
    31    5.577220801124e-22    4.701977403289e-38
    32   -1.663177215265e-22    0.000000000000e+00
    33   -5.184317625433e-22    1.175494350822e-38
    34   -5.136195081077e-22    1.175494350822e-38
    35   -8.954790708629e-22    9.403954806578e-38
    36   -3.109647024319e-22    3.761581922631e-37
    37    1.112608124657e-20   -9.027796614315e-36
    38    6.580941765235e-20   -6.018531076210e-36
    39    4.899667868129e-19    2.407412430484e-35
    40    6.945155978354e-19    0.000000000000e+00
    41   -5.318634927191e-18    2.311115933265e-33
    42   -2.313543004317e-17    0.000000000000e+00
    43   -2.040297962149e-16    0.000000000000e+00
    44   -1.217506682698e-15    1.972152263053e-31
    45   -6.665365102195e-15    1.183291357832e-30
    46   -1.462344803013e-14   -1.774937036747e-30
    47   -4.666498514518e-14    0.000000000000e+00
    48   -1.820061828233e-13   -1.577721810442e-29
    49    9.951389942588e-13    0.000000000000e+00
    50    9.637176666296e-12   -4.038967834732e-28
    51    2.469023197242e-11   -1.615587133893e-27
    52    1.499461064062e-10    0.000000000000e+00
    53    5.680700338738e-10   -1.033975765691e-25
    54    1.464482627823e-09   -2.067951531383e-25
    55    1.814963997528e-08    3.308722450212e-24
    56    1.699129263874e-07   -3.308722450212e-23
    57    1.748942397596e-06    1.058791184068e-22
    58    1.662414211271e-05    0.000000000000e+00
    59    9.572754523003e-05    8.470329472543e-22
    60    6.272478615726e-04   -3.388131789017e-21
    61    4.890080781174e-03    0.000000000000e+00
    62    5.026711006455e-02    5.421010862428e-20
    63    4.988737701912e-01   -6.505213034913e-19
