     0    1.177870648718e+01   -1.387778780781e-17
     1    5.437121462464e-01   -2.168404344971e-18
     2    4.837233462755e-02    5.421010862428e-20
     3    4.635962749052e-03    0.000000000000e+00
     4    4.002820430227e-04   -3.388131789017e-21
     5    4.121114749313e-05    4.235164736272e-22
     6    5.731425993417e-06   -1.852884572119e-22
     7    8.811884930002e-07   -6.617444900424e-24
     8    1.010227946886e-07    0.000000000000e+00
     9    2.253873810522e-08    2.067951531383e-25
    10    3.430201592202e-09    4.394397004188e-25
    11    5.970423421676e-10    5.169878828456e-26
    12    9.292949602849e-11    6.462348535571e-27
    13    1.585451913129e-11   -1.615587133893e-27
    14    3.857129882495e-12    0.000000000000e+00
    15   -3.446241286842e-13   -7.573064690122e-29
    16    2.019556463436e-14    3.155443620884e-30
    17    3.975569887438e-14    0.000000000000e+00
    18    2.381460110606e-15    3.944304526105e-31
    19    5.369806984952e-16    9.860761315263e-32
    20   -3.687262595295e-17    4.930380657631e-32
    21    3.353139134192e-16    2.465190328816e-32
    22    9.477073100510e-17    3.081487911020e-33
    23    1.158795596589e-17    7.703719777549e-34
    24    1.212250618425e-18   -3.851859888774e-34
    25    5.836690208076e-19   -7.222237291452e-35
    26   -7.184856929075e-20   -3.009265538105e-36
    27   -1.937784449932e-20    0.000000000000e+00
    28   -2.064388941003e-21    2.821186441973e-37
    29    1.161397507137e-23   -8.228460455756e-38
    30   -1.900516221728e-22   -2.938735877056e-39
    31   -2.032672071608e-23    0.000000000000e+00
    32    4.048149335043e-23    0.000000000000e+00
    33    1.952771447291e-22   -1.175494350822e-38
    34    2.044671216245e-21    0.000000000000e+00
    35    5.004146759743e-21   -7.523163845263e-37
    36    1.505703316763e-20    6.018531076210e-36
    37    5.137818499543e-20    6.018531076210e-36
    38   -6.021796949786e-19    0.000000000000e+00
    39   -9.738226629606e-18    3.370377402678e-34
    40   -2.709583977255e-17   -1.540743955510e-33
    41    2.555264262397e-17    0.000000000000e+00
    42   -2.268075613504e-19    1.078520768857e-32
    43   -2.201978406767e-16    0.000000000000e+00
    44   -3.736377810163e-16   -9.860761315263e-32
    45   -7.117304903545e-15   -7.888609052210e-31
    46   -2.941696586070e-14    1.577721810442e-30
    47   -5.932483914420e-14   -3.155443620884e-30
    48    7.068065127070e-13   -1.262177448354e-28
    49    5.592491260566e-12   -6.058451752097e-28
    50    4.101749276302e-11    2.827277484312e-27
    51    1.615305458766e-10   -1.615587133893e-27
    52    3.787725845593e-10    0.000000000000e+00
    53    1.208243382491e-09    3.877409121342e-26
    54    1.090982013681e-08   -2.326445472805e-25
    55    4.934897732460e-08    6.203854594148e-25
    56    1.655668049720e-07   -1.654361225106e-24
    57    1.060360262972e-06    0.000000000000e+00
    58    6.919852500063e-06    2.646977960170e-23
    59    5.490782080719e-05    4.764560328305e-22
    60    5.662300201432e-04   -8.470329472543e-22
    61    5.284948390881e-03    0.000000000000e+00
    62    5.266330455921e-02    4.065758146821e-20
    63    5.677344286049e-01   -4.336808689942e-19
