     0    1.141359910370e+01   -1.734723475977e-18
     1    5.107997055906e-01    0.000000000000e+00
     2    5.065111892191e-02    4.336808689942e-19
     3    4.882146686999e-03    5.082197683526e-21
     4    5.817671421888e-04    8.470329472543e-22
     5    7.293622247902e-05    2.117582368136e-22
     6    9.004865840539e-06    0.000000000000e+00
     7    9.771470208530e-07   -9.926167350636e-24
     8    1.291588272171e-07    8.271806125530e-25
     9    1.271649975287e-08   -5.169878828456e-26
    10    1.035206932169e-09    2.584939414228e-26
    11    2.606467795779e-10    6.462348535571e-27
    12    9.684356817635e-11   -1.211690350419e-27
    13    1.355074969730e-11    0.000000000000e+00
    14    3.295233422916e-12    1.009741958683e-28
    15   -2.493526767343e-14    0.000000000000e+00
    16   -3.276565974550e-14    6.310887241768e-30
    17    1.852657725369e-14    0.000000000000e+00
    18    9.450326063670e-15    0.000000000000e+00
    19    8.446211203049e-16    9.860761315263e-32
    20   -5.101534986472e-16    2.773339119918e-32
    21   -1.643760350042e-16    7.703719777549e-34
    22    5.152202237906e-17    1.540743955510e-33
    23    5.060341520628e-18    0.000000000000e+00
    24   -6.081534877597e-19   -4.814824860968e-35
    25    2.471899269159e-19   -3.611118645726e-35
    26    4.750982592541e-20    1.504632769053e-36
    27    2.921646657743e-21    0.000000000000e+00
    28    6.654164840550e-21    0.000000000000e+00
    29   -2.693717511586e-22    0.000000000000e+00
    30   -2.292980817440e-22   -1.175494350822e-38
    31    8.355545298356e-24    0.000000000000e+00
    32    9.633931625599e-23   -5.877471754111e-39
    33    2.589700135739e-22   -8.816207631167e-39
    34    8.600261956586e-22   -2.350988701645e-38
    35    2.958835830256e-21    3.761581922631e-37
    36   -7.524354739649e-21   -7.523163845263e-37
    37   -6.393371111164e-21   -1.504632769053e-36
    38    1.154245137790e-19    0.000000000000e+00
    39    7.492699082611e-19    1.444447458290e-34
    40    2.952932894051e-18    1.925929944387e-34
    41    4.693515449411e-18   -1.155557966632e-33
    42    7.497013600886e-17    3.081487911020e-33
    43    2.003566108045e-16    0.000000000000e+00
    44    6.634005687818e-16   -7.395570986447e-32
    45   -6.514928006721e-16   -1.479114197289e-31
    46    5.193720147950e-15    7.888609052210e-31
    47   -3.023084824530e-14    6.310887241768e-30
    48    1.527434093814e-13    5.048709793414e-29
    49    5.337254780806e-12    3.029225876049e-28
    50    1.967636039146e-11    0.000000000000e+00
    51    8.284909443198e-11   -3.231174267785e-27
    52    2.152296002085e-10   -1.292469707114e-26
    53    1.134470409298e-09    0.000000000000e+00
    54    6.071132311780e-09    1.033975765691e-25
    55    3.744875130109e-08    1.654361225106e-24
    56    1.942480227519e-07   -3.308722450212e-24
    57    1.315225080950e-06    2.646977960170e-23
    58    1.037418409041e-05   -1.058791184068e-22
    59    8.983899034927e-05   -4.235164736272e-22
    60    5.905532894897e-04   -3.388131789017e-21
    61    5.374807893889e-03    4.065758146821e-20
    62    4.852158272825e-02    8.131516293641e-20
    63    5.026949944632e-01    2.168404344971e-19
