     0    1.131800118815e+01    8.673617379884e-18
     1    4.989870354073e-01    2.602085213965e-18
     2    4.636854264177e-02    2.168404344971e-19
     3    4.123332816331e-03   -1.694065894509e-21
     4    4.887556243422e-04   -6.776263578034e-21
     5    5.843700599367e-05    6.352747104407e-22
     6    6.655673672039e-06   -5.955700410382e-23
     7    1.104804556651e-06    4.301339185276e-23
     8    1.415090436985e-07   -1.137373342260e-24
     9    2.694549268507e-08   -2.067951531383e-25
    10    2.839111194294e-09    0.000000000000e+00
    11    2.714584948768e-09    7.754818242685e-26
    12    3.256972784956e-10   -6.462348535571e-27
    13    3.362026795851e-11   -2.423380700839e-27
    14    5.685319829506e-12    8.582806648805e-28
    15    6.431885575118e-13    0.000000000000e+00
    16    1.803191437712e-13    0.000000000000e+00
    17   -1.312410540014e-14    1.183291357832e-30
    18    9.423734443608e-15    3.944304526105e-31
    19    1.350733321817e-15   -6.902532920684e-31
    20   -3.689469717817e-16    0.000000000000e+00
    21   -4.650544988069e-17    6.162975822039e-33
    22    5.807580968857e-17    1.540743955510e-33
    23    7.131176833544e-18    3.851859888774e-34
    24    4.535244863411e-18    0.000000000000e+00
    25    2.943723278913e-18    2.888894916581e-34
    26    3.129675243740e-19    0.000000000000e+00
    27   -5.671811638911e-20   -3.009265538105e-36
    28   -2.364759472808e-20    3.761581922631e-36
    29   -5.879183711406e-21   -7.523163845263e-37
    30   -1.571380988685e-21    9.403954806578e-38
    31   -2.090612650469e-22    1.469367938528e-38
    32   -4.274460718141e-24    4.408103815584e-39
    33    3.145820418812e-24   -1.469367938528e-38
    34    1.535614968051e-22    0.000000000000e+00
    35    2.946784936126e-21    1.880790961316e-37
    36    1.577393449962e-20   -7.523163845263e-37
    37    5.515374687004e-20    0.000000000000e+00
    38    1.336911507187e-19    6.018531076210e-36
    39    2.395846480498e-19    0.000000000000e+00
    40    2.157643992570e-18    0.000000000000e+00
    41    1.486024202338e-17   -2.696301922142e-33
    42   -5.983897894726e-17   -3.081487911020e-32
    43    1.068808285084e-16   -3.697785493223e-32
    44   -1.346528901352e-15    0.000000000000e+00
    45   -8.620296087207e-15    3.944304526105e-31
    46   -2.753327282813e-15    0.000000000000e+00
    47    7.977880123303e-14   -6.310887241768e-30
    48    1.384651189818e-13   -5.048709793414e-29
    49    3.645266765703e-13    1.009741958683e-28
    50    4.550924906299e-12    4.038967834732e-28
    51    3.787446862621e-11    0.000000000000e+00
    52    2.996964313278e-10   -8.077935669463e-27
    53    1.032886883247e-09    1.292469707114e-26
    54    4.251527190076e-09   -2.584939414228e-26
    55    3.287908601712e-08    1.033975765691e-25
    56    1.965664133900e-07   -4.963083675318e-24
    57    1.393614342926e-06    0.000000000000e+00
    58    1.099343042512e-05    5.293955920339e-23
    59    6.939777698065e-05    2.117582368136e-22
    60    5.236224298658e-04    0.000000000000e+00
    61    4.496287161767e-03    1.355252715607e-20
    62    4.477411937249e-02    2.710505431214e-20
    63    4.974992976441e-01   -1.301042606983e-18
