     0    1.288876449380e+01   -8.673617379884e-19
     1    6.206341428696e-01   -1.734723475977e-18
     2    6.830712207495e-02   -4.336808689942e-19
     3    6.113389433187e-03    5.421010862428e-20
     4    6.623627912949e-04    5.929230630780e-21
     5    9.607707502547e-05    6.352747104407e-22
     6    1.125636206670e-05    7.940933880509e-23
     7    1.300118753622e-06   -1.323488980085e-23
     8    1.610684841874e-07   -4.714929491552e-23
     9    2.063944424487e-08    4.963083675318e-24
    10    2.722932426882e-09   -1.033975765691e-24
    11    6.234087596444e-10    3.231174267785e-27
    12   -1.830947288647e-10    0.000000000000e+00
    13   -9.297006709189e-12   -8.077935669463e-28
    14   -2.367685561442e-12    1.110716154551e-27
    15   -2.662810246628e-12    4.796274303744e-28
    16   -3.828939471286e-13   -1.388395193189e-28
    17    8.624935473651e-14   -2.839899258796e-29
    18    1.181546692293e-15    5.522026336547e-30
    19   -6.442946524678e-16    5.916456789158e-31
    20    2.241047467365e-15   -9.860761315263e-32
    21    2.001309174160e-16    9.244463733059e-33
    22    6.250396965237e-17    3.081487911020e-33
    23    1.695976709153e-17   -1.155557966632e-33
    24    6.102637343355e-18   -5.296307347065e-34
    25    1.119537271871e-18   -7.824090399073e-35
    26    2.259563849209e-19   -1.203706215242e-35
    27    6.952629642381e-20    3.009265538105e-36
    28   -5.369869453917e-21    9.403954806578e-38
    29   -7.210733596843e-22   -2.821186441973e-37
    30    5.271684470283e-22    1.175494350822e-37
    31    2.284499986526e-23   -3.820356640172e-38
    32    3.823297337551e-23    7.346839692639e-40
    33   -4.045199976336e-23   -3.673419846320e-40
    34    1.895211014550e-22   -1.763241526233e-38
    35   -4.964992622966e-22   -4.408103815584e-38
    36    1.382541111974e-21   -1.645692091151e-37
    37    2.815804883704e-20    7.523163845263e-37
    38    2.068165810920e-20    4.513898307158e-36
    39    2.304206560967e-19   -3.611118645726e-35
    40    9.018589947680e-19   -2.407412430484e-35
    41    6.919557149152e-18   -2.888894916581e-34
    42    4.658571713955e-17   -1.155557966632e-33
    43    1.337659924684e-16   -3.851859888774e-33
    44    5.701624489523e-16   -6.162975822039e-33
    45   -3.349297368981e-16   -1.972152263053e-31
    46    3.155812777241e-16   -7.888609052210e-31
    47    4.648294063168e-14    0.000000000000e+00
    48    4.377491824154e-13   -2.524354896707e-29
    49    2.056655243854e-12    0.000000000000e+00
    50    1.209385425061e-11   -8.077935669463e-28
    51    6.208763681265e-11    1.615587133893e-27
    52    1.432188694393e-10   -6.462348535571e-27
    53    8.171516457615e-10    0.000000000000e+00
    54    6.923694903005e-09   -1.033975765691e-25
    55    4.623287470071e-08   -1.654361225106e-24
    56    2.515445229826e-07    6.617444900424e-24
    57    1.223278865677e-06    1.323488980085e-23
    58    9.388154701556e-06   -1.058791184068e-22
    59    6.979120198249e-05    0.000000000000e+00
    60    5.372953794532e-04    1.694065894509e-21
    61    4.633269559931e-03   -1.355252715607e-20
    62    5.168232260755e-02    4.336808689942e-19
    63    5.593895736035e-01    2.168404344971e-19
