     0    1.238817820923e+01    0.000000000000e+00
     1    6.211285451913e-01    4.336808689942e-19
     2    5.885395310557e-02   -4.878909776185e-19
     3    5.836769207494e-03   -6.776263578034e-21
     4    7.075720146242e-04    1.694065894509e-21
     5    8.231617163444e-05    8.470329472543e-22
     6    1.329966783928e-05    0.000000000000e+00
     7    2.136023223713e-06    0.000000000000e+00
     8    1.901843002259e-07   -9.926167350636e-24
     9    1.924639409159e-08   -4.135903062765e-25
    10    4.518360551446e-09   -4.135903062765e-25
    11    6.007269757735e-10    3.360421238497e-25
    12    3.009030134872e-10    1.292469707114e-26
    13    1.555218013914e-12    3.231174267785e-27
    14   -1.070325880331e-11    1.615587133893e-27
    15    4.569680952257e-12   -1.009741958683e-27
    16   -1.077672933184e-12    0.000000000000e+00
    17   -9.275638460358e-13   -2.524354896707e-29
    18   -1.026589659383e-13    2.839899258796e-29
    19   -5.683047057687e-14    3.944304526105e-30
    20   -1.093224291204e-14   -8.381647117973e-31
    21   -5.310952064800e-16    1.355854680849e-31
    22   -4.965003780092e-17   -4.622231866529e-32
    23   -5.957806777526e-17    9.244463733059e-33
    24    6.672381048923e-18   -7.703719777549e-34
    25   -5.612106885430e-19    3.851859888774e-34
    26   -3.793103810313e-18   -4.814824860968e-35
    27   -5.709741474157e-19    0.000000000000e+00
    28   -5.999222335674e-20    9.780112998841e-36
    29   -3.241453222717e-20    3.009265538105e-36
    30   -2.662948587343e-20   -3.761581922631e-36
    31   -5.088543791321e-21   -3.761581922631e-37
    32   -3.470141899433e-22   -2.821186441973e-37
    33   -1.697693594146e-21    2.350988701645e-38
    34   -4.729534063750e-21   -1.410593220987e-37
    35   -1.054003845764e-21   -2.821186441973e-37
    36    1.659572789629e-21    1.880790961316e-37
    37   -1.428008852520e-20   -1.880790961316e-37
    38   -4.887003836736e-20    0.000000000000e+00
    39   -1.595497566820e-18    0.000000000000e+00
    40   -7.096013149089e-18    1.925929944387e-34
    41   -4.597141653600e-17    0.000000000000e+00
    42   -1.656676620045e-16   -6.162975822039e-33
    43   -7.163117956684e-16    1.232595164408e-32
    44   -2.790353291483e-15    7.395570986447e-32
    45   -1.572602868259e-14    0.000000000000e+00
    46   -4.032971226298e-14    0.000000000000e+00
    47   -2.294292849304e-13   -9.466330862652e-30
    48   -8.978226500375e-13   -1.262177448354e-28
    49   -1.536863749622e-12   -5.048709793414e-29
    50    1.271708705189e-11    0.000000000000e+00
    51   -5.350920428715e-12    4.846761401678e-27
    52    3.868657266675e-10   -1.292469707114e-26
    53    1.117428780855e-09    1.421716677826e-25
    54    1.330925906007e-08    7.754818242685e-25
    55    1.246440889567e-07   -3.722312756489e-24
    56    9.145908387428e-07   -3.639594695233e-23
    57    4.524652877104e-06    2.117582368136e-22
    58    2.624508780886e-05   -2.646977960170e-22
    59    1.818091114863e-04   -4.235164736272e-22
    60    1.239451994444e-03   -3.388131789017e-21
    61    9.277875553517e-03    0.000000000000e+00
    62    6.527791884245e-02   -5.421010862428e-20
    63    6.151045676921e-01    8.673617379884e-19
