     0    1.147659284326e+01    6.938893903907e-18
     1    5.017772365911e-01    4.336808689942e-19
     2    4.664420169765e-02    1.626303258728e-19
     3    4.871147903709e-03   -1.355252715607e-20
     4    5.938749966213e-04    0.000000000000e+00
     5    8.671908793266e-05   -1.270549420881e-21
     6    9.770411085372e-06   -1.588186776102e-22
     7    1.498938912871e-06   -2.646977960170e-23
     8    1.894611456654e-07   -4.135903062765e-24
     9    1.951938091420e-08   -2.067951531383e-25
    10    1.951285349407e-09   -1.033975765691e-25
    11    2.194816677558e-10    3.231174267785e-26
    12    1.924229983577e-10    6.462348535571e-27
    13    3.661174587569e-11    8.077935669463e-28
    14    9.336877901073e-12   -2.019483917366e-28
    15    2.180115182642e-15    0.000000000000e+00
    16   -8.746740269985e-14   -6.310887241768e-30
    17   -1.065486341200e-13    0.000000000000e+00
    18   -2.233873545446e-14   -3.944304526105e-31
    19    7.481978418794e-16   -9.860761315263e-32
    20    1.096632754795e-15   -1.232595164408e-32
    21    4.395862010326e-16    6.162975822039e-33
    22    1.095778652252e-16   -3.081487911020e-33
    23    1.076123053529e-17   -9.629649721936e-35
    24    8.123278926660e-19   -1.805559322863e-34
    25   -8.066228719800e-19   -2.407412430484e-35
    26   -2.838858817367e-19   -1.203706215242e-35
    27   -1.277984169206e-20   -6.018531076210e-36
    28    5.164563645724e-22   -1.880790961316e-37
    29   -9.202377854797e-22   -8.816207631167e-38
    30    1.403035166729e-22    4.701977403289e-38
    31    2.667510007983e-23    1.616304732381e-38
    32    9.721676296054e-24   -7.346839692639e-40
    33   -1.227973422439e-23    1.763241526233e-38
    34    8.473820372858e-22   -1.880790961316e-37
    35    6.749001946710e-21   -5.172175143618e-37
    36   -6.721563765367e-21   -1.504632769053e-36
    37   -3.252853970094e-20    4.513898307158e-36
    38   -1.014106086798e-19   -1.805559322863e-35
    39   -7.476612739320e-19    1.444447458290e-34
    40   -3.922570668431e-18    1.348150961071e-33
    41   -3.931511747696e-17    0.000000000000e+00
    42   -1.642583749096e-16   -4.314083075427e-32
    43   -6.973225581516e-16    0.000000000000e+00
    44   -1.068970255006e-15    4.437342591868e-31
    45   -8.090211824103e-15    9.860761315263e-32
    46   -9.930463345735e-14    7.888609052210e-31
    47   -5.311360034545e-13   -6.310887241768e-30
    48   -1.383835199264e-12    0.000000000000e+00
    49   -3.827325436690e-12    0.000000000000e+00
    50   -7.640168579206e-12    0.000000000000e+00
    51   -5.633564395314e-12   -1.615587133893e-27
    52    5.860306115180e-11   -6.563322731439e-28
    53   -1.200590350464e-10    1.938704560671e-26
    54    1.139740221666e-09    1.033975765691e-25
    55    2.241369824666e-08    5.169878828456e-25
    56    2.824560773136e-07   -1.654361225106e-24
    57    1.637632793818e-06    1.985233470127e-23
    58    1.003990272851e-05   -1.191140082076e-22
    59    6.093394967703e-05    2.646977960170e-23
    60    5.007312418731e-04    0.000000000000e+00
    61    4.820159952950e-03    6.776263578034e-21
    62    4.807770426226e-02    4.743384504624e-20
    63    5.004804491202e-01   -2.168404344971e-19
