     0    1.138611855837e+01    1.734723475977e-17
     1    4.938944146979e-01    8.673617379884e-19
     2    4.869389972833e-02    5.421010862428e-20
     3    5.314961884432e-03    2.202285662861e-20
     4    6.121837128665e-04    0.000000000000e+00
     5    8.859097011161e-05    3.176373552204e-22
     6    1.115560861045e-05    1.191140082076e-22
     7    1.251207064313e-06    0.000000000000e+00
     8    2.077381029780e-07   -2.067951531383e-25
     9    2.044906130353e-08   -5.169878828456e-26
    10    1.799735890370e-09   -2.584939414228e-26
    11    4.498507916550e-10    1.615587133893e-27
    12    2.316078668191e-10   -3.635071051258e-27
    13    3.776083224495e-11    0.000000000000e+00
    14    4.861092424238e-12   -7.573064690122e-29
    15    8.753660769881e-13    2.524354896707e-29
    16    2.491085613283e-13   -4.180962797671e-29
    17    1.877445260647e-13    1.419949629398e-29
    18    3.918960700737e-14    1.380506584137e-30
    19    8.247394339290e-15    3.204747427460e-31
    20    6.276089478757e-16    1.232595164408e-32
    21   -1.145352377698e-16   -1.232595164408e-32
    22   -4.447987274124e-17   -1.540743955510e-33
    23   -5.050704897674e-18   -3.851859888774e-34
    24    5.303337862649e-19    2.888894916581e-34
    25    3.363375782557e-19    0.000000000000e+00
    26    5.592415037877e-20    1.805559322863e-35
    27    7.624132629608e-21    0.000000000000e+00
    28   -6.437571189864e-21    6.582768364605e-37
    29   -2.602219549809e-21   -1.175494350822e-37
    30   -2.277359242131e-21    2.350988701645e-38
    31   -5.774168022851e-22   -2.350988701645e-38
    32   -1.807205913318e-22    2.938735877056e-39
    33   -2.751964022654e-23    5.877471754111e-39
    34    1.457679104098e-22   -2.350988701645e-38
    35   -9.289222941788e-22    1.410593220987e-37
    36   -9.843407664157e-21    5.642372883947e-37
    37   -6.660336175333e-20   -5.642372883947e-37
    38   -1.649395353826e-19   -1.504632769053e-36
    39    2.857884123822e-19    6.018531076210e-36
    40   -9.703324621683e-19    1.685188701339e-34
    41    6.260666516628e-18    7.703719777549e-34
    42    2.268621625359e-17    7.703719777549e-34
    43   -1.985809678585e-16    2.157041537714e-32
    44   -5.095578372406e-16   -1.232595164408e-32
    45   -3.735949444977e-15    1.972152263053e-31
    46   -1.326517452059e-14    1.577721810442e-30
    47    6.254835588650e-14    2.524354896707e-29
    48   -3.203191216384e-14   -3.786532345061e-29
    49   -4.817541338796e-14   -2.271919407037e-28
    50   -2.850077275041e-12   -6.058451752097e-28
    51   -2.670651636520e-11   -8.077935669463e-28
    52   -2.215124624263e-10    0.000000000000e+00
    53   -9.968326221886e-11    1.292469707114e-26
    54    8.089995755250e-10    0.000000000000e+00
    55    1.176973833010e-08    8.271806125530e-25
    56    5.759507617180e-08    9.926167350636e-24
    57    1.143639873125e-06   -2.646977960170e-23
    58    1.153208849853e-05    5.293955920339e-23
    59    1.053282120515e-04   -4.235164736272e-22
    60    6.723280913852e-04    3.388131789017e-21
    61    5.093745341644e-03   -1.694065894509e-20
    62    4.882991730880e-02    0.000000000000e+00
    63    5.257058908935e-01   -1.301042606983e-18
