     0    1.156933618812e+01    7.372574772901e-18
     1    5.028416294621e-01   -2.168404344971e-19
     2    4.340205863867e-02    0.000000000000e+00
     3    4.501363051086e-03   -6.776263578034e-21
     4    5.658582671185e-04    1.694065894509e-21
     5    6.486304942843e-05    2.117582368136e-22
     6    9.320747649710e-06    1.323488980085e-23
     7    1.233650370314e-06    1.158052857574e-23
     8    2.385868479005e-07   -2.895132143936e-24
     9    3.367196060870e-08    5.169878828456e-26
    10    4.541947632116e-09    1.033975765691e-25
    11    8.672676387520e-10    1.938704560671e-26
    12    1.568774124996e-10   -6.462348535571e-27
    13    3.175884513294e-11   -4.038967834732e-28
    14    5.121714029285e-12    5.048709793414e-29
    15    1.184214966645e-12    2.524354896707e-29
    16    2.291837912231e-13    5.522026336547e-30
    17    4.532899330953e-14   -7.888609052210e-31
    18    4.629315712874e-15    2.465190328816e-31
    19   -2.030705340998e-16    0.000000000000e+00
    20    8.472579407254e-17    6.162975822039e-32
    21   -1.645155425180e-17   -3.081487911020e-33
    22   -6.683789461740e-18    7.703719777549e-34
    23   -4.878285751863e-18    0.000000000000e+00
    24   -1.202515596121e-18   -2.407412430484e-35
    25   -3.045199354482e-19   -1.805559322863e-35
    26   -1.517409167812e-20    1.504632769053e-36
    27    2.900273441013e-20   -2.256949153579e-36
    28    7.492439969652e-21   -1.880790961316e-37
    29    1.711273915692e-21    4.701977403289e-38
    30    1.296236652345e-22    1.175494350822e-38
    31   -2.176043230170e-23    0.000000000000e+00
    32   -1.087491945546e-22   -7.346839692639e-39
    33   -7.505146275232e-23    1.469367938528e-38
    34   -5.201039774739e-22    0.000000000000e+00
    35   -2.765907578202e-21   -9.403954806578e-38
    36   -1.768366675262e-20   -7.523163845263e-37
    37   -6.704678911601e-20    0.000000000000e+00
    38    4.867993273039e-20   -9.027796614315e-36
    39   -1.042090734576e-20    2.407412430484e-35
    40    2.325316178432e-18   -2.166671187436e-34
    41    4.611951051488e-18    5.296307347065e-34
    42    1.978522360089e-17    3.081487911020e-33
    43    6.349940064468e-17    0.000000000000e+00
    44   -8.545110044186e-16    4.930380657631e-32
    45   -8.411953263732e-15   -3.944304526105e-31
    46   -2.634899042517e-14    2.366582715663e-30
    47   -1.383252786410e-14    3.944304526105e-31
    48   -1.020859515188e-13    9.466330862652e-30
    49   -1.127043779313e-12    0.000000000000e+00
    50    7.048096054696e-13    2.524354896707e-29
    51    4.721823117718e-12   -2.423380700839e-27
    52    1.480475339599e-11    6.462348535571e-27
    53   -9.073229890680e-11    0.000000000000e+00
    54   -1.852012003682e-10    5.169878828456e-26
    55    5.313688484566e-09   -3.101927297074e-25
    56    4.858973943307e-08    0.000000000000e+00
    57    5.073065114610e-07    0.000000000000e+00
    58    5.500136423800e-06    1.058791184068e-22
    59    6.448882552009e-05    1.164670302475e-21
    60    6.894253807359e-04    5.082197683526e-21
    61    5.406875076935e-03    3.388131789017e-20
    62    4.921186043892e-02   -1.084202172486e-19
    63    5.251167733406e-01    0.000000000000e+00
