     0    1.141460837332e+01    6.938893903907e-18
     1    5.223941993201e-01   -5.421010862428e-19
     2    4.860737816964e-02    0.000000000000e+00
     3    5.091304165714e-03    2.541098841763e-21
     4    5.301575382278e-04    0.000000000000e+00
     5    5.939941291925e-05   -5.293955920339e-23
     6    8.528191791549e-06   -2.646977960170e-23
     7    1.458617026585e-06   -3.308722450212e-23
     8    3.203648676105e-07    1.654361225106e-23
     9    5.828307456340e-08    8.271806125530e-25
    10    1.011370552121e-08    1.033975765691e-25
    11    1.525972362796e-09   -1.292469707114e-26
    12    2.132013460252e-10   -1.373249063809e-26
    13    3.822926518240e-11   -3.635071051258e-27
    14    2.102848790653e-12    7.320629200451e-28
    15    3.202074747217e-12   -4.417621069238e-29
    16    1.409744866523e-12   -7.573064690122e-29
    17    2.197099657453e-13   -6.310887241768e-30
    18    8.433491996938e-15   -3.549874073495e-30
    19    7.838990167635e-16   -4.930380657631e-32
    20    2.535799801155e-15    0.000000000000e+00
    21    4.585108834849e-16    1.232595164408e-32
    22   -9.141268539166e-17   -9.244463733059e-33
    23   -3.595186514777e-17    0.000000000000e+00
    24   -2.449147831229e-18   -1.444447458290e-34
    25    4.910475041608e-19    9.930576275747e-35
    26    1.276867910728e-19   -2.031254238221e-35
    27   -1.154141843722e-20    0.000000000000e+00
    28    2.253599331114e-21    1.880790961316e-37
    29    1.272929771696e-21    9.403954806578e-38
    30    1.555627392426e-22    0.000000000000e+00
    31   -9.839484106808e-24    2.350988701645e-38
    32    1.777821313451e-23    2.938735877056e-39
    33    5.093386120259e-23   -5.877471754111e-39
    34    1.171016448098e-21   -4.701977403289e-38
    35    2.701705980407e-21   -9.403954806578e-38
    36   -7.045832743487e-21   -3.761581922631e-37
    37   -1.853966372474e-20    0.000000000000e+00
    38   -2.651967682736e-19    2.407412430484e-35
    39   -1.639393282904e-18    4.814824860968e-35
    40   -5.948554805635e-18   -5.777789833162e-34
    41    8.791786357079e-18   -9.629649721936e-33
    42    5.685206245722e-17    1.386669559959e-32
    43    3.902004532503e-17   -6.162975822039e-33
    44    4.997316551055e-16    4.437342591868e-31
    45   -1.352190693250e-14   -7.888609052210e-31
    46   -5.212258661973e-14    2.366582715663e-30
    47   -3.721995237012e-14    0.000000000000e+00
    48   -1.051464787740e-13   -2.524354896707e-29
    49    5.998742257530e-13    1.767048427695e-28
    50    2.202688222321e-12    0.000000000000e+00
    51    2.597332838204e-11   -8.077935669463e-28
    52    1.604460370136e-10    1.615587133893e-27
    53    7.602155085722e-10   -1.615587133893e-27
    54    4.115107293648e-09    1.938704560671e-25
    55    1.762610336339e-08   -2.067951531383e-25
    56    1.089219068181e-07   -2.481541837659e-24
    57    7.692545616942e-07    1.654361225106e-23
    58    5.934614190569e-06   -2.646977960170e-23
    59    6.957341087926e-05    0.000000000000e+00
    60    5.470423170157e-04   -1.905824131322e-21
    61    5.113585665859e-03   -1.524659305058e-20
    62    4.776508525242e-02   -4.065758146821e-20
    63    5.057741174071e-01   -4.336808689942e-19
