     0    1.155456524508e+01    0.000000000000e+00
     1    5.227094614092e-01   -3.469446951954e-18
     2    4.543783072513e-02    1.084202172486e-19
     3    5.331937891461e-03   -2.710505431214e-20
     4    6.053770453094e-04    1.016439536705e-20
     5    6.380634212835e-05    4.235164736272e-22
     6    8.216270662353e-06   -1.058791184068e-22
     7    1.203986664202e-06    1.323488980085e-23
     8    1.549559405455e-07    0.000000000000e+00
     9    2.233535366100e-08    4.135903062765e-25
    10    5.205739595008e-09    2.067951531383e-25
    11    7.334585788714e-10   -5.169878828456e-26
    12    1.191530469237e-10    6.462348535571e-27
    13    8.058498477268e-12    0.000000000000e+00
    14    5.559666942066e-13   -3.029225876049e-28
    15    1.304619585997e-13    0.000000000000e+00
    16   -1.776151596186e-14    0.000000000000e+00
    17   -1.432014598284e-14    1.972152263053e-31
    18    2.821341321713e-15    5.916456789158e-31
    19    7.574811695017e-16   -4.437342591868e-31
    20    4.620512364522e-17    0.000000000000e+00
    21    5.603758112183e-18    0.000000000000e+00
    22   -1.324367190459e-17   -1.540743955510e-33
    23    3.482110972591e-18   -5.777789833162e-34
    24    1.131514177144e-18    0.000000000000e+00
    25   -3.192956688739e-19   -6.018531076210e-35
    26   -1.932444577239e-19    0.000000000000e+00
    27   -2.649781125538e-20    3.009265538105e-36
    28   -6.817608218907e-21    0.000000000000e+00
    29   -6.383107204833e-22   -4.701977403289e-38
    30   -5.420717425068e-22    0.000000000000e+00
    31   -4.800237769837e-23   -5.877471754111e-39
    32    2.754267143457e-22    0.000000000000e+00
    33    1.707541281658e-21    0.000000000000e+00
    34    6.673025624708e-21    1.880790961316e-37
    35    1.588233113507e-20    0.000000000000e+00
    36    7.582919050328e-21    0.000000000000e+00
    37   -2.427867025716e-19    1.203706215242e-35
    38   -1.042519484788e-18    4.814824860968e-35
    39   -4.887151668112e-18    0.000000000000e+00
    40   -2.485389123297e-17   -7.703719777549e-34
    41   -1.581902890580e-16    0.000000000000e+00
    42   -9.872040222884e-16    4.930380657631e-32
    43   -3.435994486877e-15   -4.930380657631e-31
    44   -8.590285959009e-15    7.888609052210e-31
    45    6.392138286040e-15   -3.944304526105e-30
    46   -5.248505604202e-14    3.155443620884e-30
    47    2.571179557314e-13   -6.310887241768e-30
    48    1.568761263534e-12    1.009741958683e-28
    49    1.355290340056e-12    0.000000000000e+00
    50   -1.757435959222e-11    8.077935669463e-28
    51    8.043631446688e-12    9.693522803356e-27
    52    8.376219288827e-11   -1.292469707114e-26
    53    6.198041150864e-10    0.000000000000e+00
    54    8.375026306829e-10    2.067951531383e-25
    55   -5.917684803852e-09    1.654361225106e-24
    56    1.476132919220e-07    1.654361225106e-23
    57    1.144953563062e-06   -8.271806125530e-24
    58    1.117680372638e-05   -5.293955920339e-23
    59    8.555561026815e-05    8.470329472543e-22
    60    7.443141857067e-04    6.776263578034e-21
    61    5.501944864261e-03    0.000000000000e+00
    62    5.292998553561e-02    0.000000000000e+00
    63    5.459195297775e-01    0.000000000000e+00
