     0    1.183815420623e+01    6.938893903907e-18
     1    5.464517780910e-01   -8.673617379884e-19
     2    5.397284444265e-02    2.168404344971e-19
     3    5.171070286807e-03   -3.896351557370e-20
     4    5.704559305164e-04    1.694065894509e-21
     5    5.637778615561e-05    0.000000000000e+00
     6    8.509553865906e-06   -5.293955920339e-23
     7    1.140767225793e-06    1.323488980085e-23
     8    1.811417845628e-07    0.000000000000e+00
     9    3.155441323052e-08    8.271806125530e-25
    10    4.490320559497e-09   -7.237830359839e-25
    11    9.451208767236e-10   -2.584939414228e-26
    12    1.964296014112e-10    3.231174267785e-27
    13    5.894037722921e-11    0.000000000000e+00
    14    1.398870366925e-11   -1.211690350419e-27
    15    1.923740368132e-12    0.000000000000e+00
    16    3.097156343487e-13    6.310887241768e-30
    17    5.602850366126e-14    0.000000000000e+00
    18    9.408798678515e-15   -3.944304526105e-31
    19   -1.529169572614e-15   -3.944304526105e-31
    20   -2.737111362095e-17    0.000000000000e+00
    21    1.097359706943e-16    6.162975822039e-33
    22    2.748607922232e-17    1.540743955510e-33
    23    3.616088317263e-18    0.000000000000e+00
    24    1.661343335827e-19    0.000000000000e+00
    25   -1.817036829611e-19    1.203706215242e-35
    26   -1.586420335003e-20    0.000000000000e+00
    27   -1.344041572174e-20    0.000000000000e+00
    28   -3.016735574719e-21    0.000000000000e+00
    29   -7.500375727545e-22   -1.175494350822e-38
    30   -1.797580036190e-22    5.877471754111e-39
    31   -4.114012090688e-23   -3.673419846320e-39
    32   -1.152492833722e-22   -2.057115113939e-38
    33    2.878704451899e-22    0.000000000000e+00
    34    2.293298672195e-21   -1.057944915740e-37
    35    6.237430548791e-21   -9.403954806578e-37
    36    3.918432032315e-21    0.000000000000e+00
    37    7.694372744842e-20    0.000000000000e+00
    38    1.567497589008e-19    6.018531076210e-36
    39    8.134885287467e-19    1.203706215242e-35
    40    2.020829939027e-18   -4.814824860968e-35
    41   -6.041411094526e-18   -2.888894916581e-34
    42   -4.426956437820e-17    1.155557966632e-33
    43   -3.693441844261e-16    1.848892746612e-32
    44   -2.239140531628e-15    4.930380657631e-32
    45   -4.733376820620e-15    3.944304526105e-31
    46   -2.172873369666e-14    3.155443620884e-30
    47   -5.501028317753e-15   -6.310887241768e-30
    48    6.259154534230e-13   -6.310887241768e-30
    49    5.762833081773e-12   -6.058451752097e-28
    50    1.583370770362e-11   -2.423380700839e-27
    51    7.643645754333e-11    0.000000000000e+00
    52    2.970851638918e-10    1.938704560671e-26
    53    1.480120512889e-09    2.584939414228e-26
    54    6.921346810742e-09    1.033975765691e-25
    55    2.857629882968e-08   -2.067951531383e-25
    56    1.911985989567e-07    1.654361225106e-24
    57    1.426943180875e-06   -1.323488980085e-23
    58    1.065239567854e-05    0.000000000000e+00
    59    6.470574187301e-05    8.470329472543e-22
    60    6.087936514958e-04    6.776263578034e-21
    61    5.811884312941e-03    2.710505431214e-20
    62    5.385377977887e-02   -4.336808689942e-19
    63    5.598922676935e-01    1.734723475977e-18
