     0    1.149502135403e+01    1.734723475977e-18
     1    5.114044066065e-01   -1.084202172486e-18
     2    4.632805837238e-02   -1.897353801850e-19
     3    5.438767361346e-03    4.065758146821e-20
     4    6.482303486793e-04    0.000000000000e+00
     5    6.302084941957e-05   -6.352747104407e-22
     6    7.514098663203e-06    9.926167350636e-23
     7    9.392767209233e-07   -3.308722450212e-24
     8    2.090830040840e-07    2.067951531383e-24
     9    2.998272900260e-08   -1.654361225106e-24
    10    4.668210597517e-09   -3.618915179919e-25
    11    1.619107422444e-09    2.261821987450e-26
    12    3.199742201934e-10   -3.635071051258e-27
    13    5.594798223541e-12    4.038967834732e-28
    14    8.237781866394e-14    0.000000000000e+00
    15    2.818354040095e-13   -3.155443620884e-29
    16    2.493916576473e-13   -2.208810534619e-29
    17    8.446010609767e-14    0.000000000000e+00
    18    1.774580233197e-14   -5.916456789158e-31
    19    3.581860555804e-15   -1.848892746612e-31
    20    1.832725846080e-15   -3.204747427460e-31
    21    1.867815176600e-16   -3.697785493223e-32
    22    1.041658862928e-16    8.474091755304e-33
    23    1.190724955851e-17   -1.348150961071e-33
    24    2.920089550483e-18    0.000000000000e+00
    25    4.094215214313e-19    7.222237291452e-35
    26    2.637957345507e-20    3.009265538105e-35
    27    3.017373024111e-20   -1.805559322863e-35
    28    1.658377717008e-20    0.000000000000e+00
    29    6.955996185331e-21   -9.403954806578e-38
    30    3.241420293363e-21   -2.350988701645e-38
    31    8.090583535533e-22    0.000000000000e+00
    32   -2.207963209420e-23    2.350988701645e-38
    33   -2.411737114623e-22    0.000000000000e+00
    34   -1.047596619411e-21   -4.701977403289e-38
    35    8.087769994583e-21    0.000000000000e+00
    36    7.734370440229e-20    2.256949153579e-36
    37    2.695986000230e-19    6.018531076210e-36
    38    5.512191111705e-19    3.611118645726e-35
    39    7.541200275629e-19    1.925929944387e-34
    40   -6.578272592070e-18   -7.703719777549e-34
    41   -6.366610673152e-17    0.000000000000e+00
    42   -1.548840089702e-16    0.000000000000e+00
    43    1.661243073759e-16   -1.232595164408e-32
    44    1.210025075216e-15    0.000000000000e+00
    45    1.091512564717e-15   -1.183291357832e-30
    46    4.172591719745e-14    2.366582715663e-30
    47    2.912571545749e-13    0.000000000000e+00
    48   -9.037173314455e-13    5.048709793414e-29
    49    7.411614444723e-14   -1.211690350419e-27
    50    6.540642965336e-12    0.000000000000e+00
    51    2.150991315863e-11    6.462348535571e-27
    52   -1.293350763642e-11    6.462348535571e-27
    53    1.176953727199e-09   -5.169878828456e-26
    54    1.335576290050e-09   -3.101927297074e-25
    55    1.098709930130e-08    4.135903062765e-25
    56    1.941147534852e-07   -3.308722450212e-24
    57    2.240990581179e-06   -1.323488980085e-23
    58    1.307240728374e-05    0.000000000000e+00
    59    9.451078231102e-05   -4.235164736272e-22
    60    6.927494759196e-04    0.000000000000e+00
    61    5.216999625804e-03    1.694065894509e-20
    62    5.420603040628e-02    2.168404344971e-19
    63    5.251338638501e-01   -6.505213034913e-19
