     0    1.129680851337e+01    0.000000000000e+00
     1    4.900321272847e-01   -1.734723475977e-18
     2    4.361531260381e-02    3.252606517457e-19
     3    4.158806063683e-03   -6.776263578034e-21
     4    4.644480662418e-04    5.082197683526e-21
     5    7.438910403998e-05   -5.293955920339e-22
     6    1.011234709439e-05    5.293955920339e-23
     7    1.651293060924e-06   -3.970466940255e-23
     8    2.750618045584e-07    1.654361225106e-24
     9    6.861188755175e-08    1.240770918830e-24
    10    8.841546706482e-09   -2.067951531383e-25
    11    1.021939972385e-09   -5.169878828456e-26
    12    1.337673805457e-10   -1.292469707114e-26
    13    3.420096619588e-11    1.615587133893e-27
    14   -3.887760031632e-13    2.423380700839e-27
    15   -4.056541441796e-15   -2.019483917366e-28
    16   -1.803037345317e-14    7.573064690122e-29
    17    1.217094831512e-13    0.000000000000e+00
    18   -2.335351970151e-14   -3.944304526105e-31
    19   -1.144061621755e-14    9.860761315263e-32
    20   -1.609392186624e-15    6.162975822039e-33
    21   -1.286869897433e-16    1.848892746612e-32
    22    3.264388507112e-17   -1.540743955510e-33
    23    3.469726939223e-18    3.851859888774e-34
    24   -2.639994275931e-18   -7.703719777549e-34
    25   -9.024166917494e-19    9.629649721936e-35
    26   -3.560264244222e-20   -1.805559322863e-35
    27   -7.962408621526e-20    0.000000000000e+00
    28   -1.572568928979e-20    1.880790961316e-37
    29   -3.558539915242e-22    0.000000000000e+00
    30   -3.895616948314e-22    4.701977403289e-38
    31   -2.773149065229e-23   -2.350988701645e-38
    32    7.657128074442e-23    7.346839692639e-40
    33    1.526619699940e-22   -1.469367938528e-38
    34    2.966362104266e-22    1.175494350822e-38
    35    9.510713674084e-22   -3.526483052467e-38
    36    1.401939168736e-21    5.172175143618e-37
    37   -4.512276463343e-21    1.504632769053e-36
    38   -6.632539204398e-20    3.009265538105e-36
    39   -1.757244974788e-19    6.018531076210e-36
    40   -4.034754493653e-21    9.629649721936e-35
    41    4.377119910862e-18    1.925929944387e-34
    42    3.585433253577e-17   -2.696301922142e-33
    43    3.442665288351e-16   -4.005934284325e-32
    44    3.181937082119e-15    1.232595164408e-31
    45    4.182296359269e-15   -5.916456789158e-31
    46   -4.692115587814e-15    7.888609052210e-31
    47   -4.437660930854e-14    1.735493991486e-29
    48    4.919025813900e-14    2.524354896707e-29
    49   -1.045815503506e-13    0.000000000000e+00
    50   -1.774504674508e-12   -1.009741958683e-28
    51    6.184682201627e-13    2.019483917366e-27
    52   -2.845533321138e-11    5.654554968624e-27
    53    4.890772839744e-10    2.584939414228e-26
    54    3.939072253327e-09    0.000000000000e+00
    55    1.974061230737e-08    0.000000000000e+00
    56    2.040393959277e-07   -1.654361225106e-24
    57    1.159072201633e-06   -1.323488980085e-23
    58    7.117085138460e-06    1.588186776102e-22
    59    5.308482811600e-05    8.470329472543e-22
    60    5.023695636109e-04    6.776263578034e-21
    61    4.910831631402e-03   -1.355252715607e-20
    62    5.258685410998e-02    2.168404344971e-19
    63    5.396412052917e-01   -3.469446951954e-18
