     0    1.267748317587e+01    0.000000000000e+00
     1    6.144713437292e-01    1.517883041480e-18
     2    5.574742576244e-02    2.168404344971e-19
     3    5.332829577475e-03   -2.710505431214e-20
     4    5.530326667575e-04   -3.388131789017e-21
     5    7.210251322296e-05   -6.352747104407e-22
     6    9.713785665818e-06    5.293955920339e-23
     7    1.304429325326e-06   -1.323488980085e-23
     8    1.984677086355e-07    3.308722450212e-24
     9    3.580151958370e-08    3.101927297074e-25
    10    5.246078408802e-09   -6.462348535571e-26
    11    6.600270300799e-10    1.938704560671e-26
    12    1.500732051259e-10    1.292469707114e-26
    13    8.374159001874e-11    8.077935669463e-28
    14    8.177858118049e-12   -1.009741958683e-27
    15    2.015816722503e-13   -2.524354896707e-29
    16    3.716763271478e-13   -1.893266172530e-29
    17    1.107503688791e-13    1.735493991486e-29
    18    1.471136755657e-14    1.577721810442e-30
    19    8.270980164769e-15    4.930380657631e-32
    20    1.159487873678e-15   -1.479114197289e-31
    21    4.541719727698e-16    1.848892746612e-32
    22   -1.375958875094e-16    1.925929944387e-33
    23   -3.831652984385e-17   -3.851859888774e-34
    24   -1.325076996703e-17   -7.222237291452e-34
    25   -3.592887848899e-19    4.814824860968e-35
    26   -5.686003339965e-19   -1.203706215242e-35
    27   -3.062236487396e-20   -2.256949153579e-36
    28    1.320259307497e-20    3.761581922631e-37
    29   -1.831061420030e-21    2.350988701645e-38
    30   -1.880682360204e-22    1.175494350822e-38
    31    7.999712213074e-24   -5.877471754111e-39
    32    4.119596826714e-23    5.142787784848e-39
    33   -1.210673244245e-22    1.175494350822e-38
    34   -1.065289526242e-21    9.403954806578e-38
    35   -2.463274289667e-21    1.880790961316e-37
    36   -6.226192540250e-21   -3.761581922631e-37
    37   -8.520206740736e-21   -9.027796614315e-36
    38   -1.496884056204e-19   -6.018531076210e-36
    39   -9.467942202625e-19    0.000000000000e+00
    40   -4.498601216387e-18    4.092601131823e-34
    41   -1.441009679254e-17    4.814824860968e-34
    42    1.803232787364e-17   -3.851859888774e-34
    43   -3.706534487618e-17   -1.848892746612e-32
    44    1.419363165074e-15    4.930380657631e-31
    45   -2.656960415189e-16    8.874685183736e-31
    46    1.923879202715e-14   -1.577721810442e-29
    47    1.279023518047e-13    1.893266172530e-29
    48    2.559641526340e-13   -6.310887241768e-29
    49    1.984756318524e-13    0.000000000000e+00
    50   -3.387645010198e-12    8.077935669463e-28
    51    6.546128214964e-12   -2.423380700839e-27
    52    1.229319020364e-10   -6.462348535571e-27
    53    8.350456158423e-10   -1.938704560671e-26
    54    9.232003852737e-09    1.550963648537e-25
    55    4.692542028543e-08   -2.067951531383e-24
    56    3.162588483830e-07    9.926167350636e-24
    57    1.577350028676e-06    1.058791184068e-22
    58    9.137783701131e-06    0.000000000000e+00
    59    9.133625513205e-05    5.293955920339e-23
    60    7.447360785262e-04   -9.740878893424e-21
    61    5.988802135769e-03   -4.235164736272e-21
    62    5.633352517518e-02   -2.710505431214e-19
    63    5.725585260212e-01   -2.168404344971e-19
