     0    1.223191567051e+01    1.387778780781e-17
     1    5.852426175217e-01   -1.517883041480e-18
     2    5.433944515572e-02    5.421010862428e-20
     3    5.198108643792e-03    0.000000000000e+00
     4    6.308162937526e-04    0.000000000000e+00
     5    6.933913114061e-05    4.235164736272e-22
     6    9.078325068837e-06    1.058791184068e-22
     7    9.176233927442e-07    0.000000000000e+00
     8    1.424772271772e-07    3.308722450212e-24
     9    2.353078462758e-08    0.000000000000e+00
    10    5.076505394017e-09   -5.169878828456e-26
    11    8.148551064728e-10    3.231174267785e-26
    12    8.947493429281e-11    8.077935669463e-27
    13   -1.788451584860e-13   -1.615587133893e-27
    14   -3.717709794169e-12   -6.058451752097e-28
    15   -3.972147272315e-13    0.000000000000e+00
    16   -2.346876068378e-13    0.000000000000e+00
    17   -9.639943538274e-14   -1.577721810442e-30
    18   -1.343472281451e-14    3.944304526105e-31
    19   -1.200138695101e-15   -1.972152263053e-31
    20   -3.418433675767e-16   -2.465190328816e-32
    21   -1.055142552235e-16   -6.162975822039e-33
    22   -4.802001085653e-18   -7.703719777549e-34
    23   -1.167715965840e-18   -3.851859888774e-34
    24   -2.873186560703e-19    1.925929944387e-34
    25   -6.571895796935e-20   -1.203706215242e-35
    26    7.373227314398e-20    4.513898307158e-36
    27    6.278045308653e-20    4.513898307158e-36
    28    5.540263998484e-21   -1.128474576789e-36
    29   -9.749822570676e-22   -1.880790961316e-37
    30   -6.154883915399e-23    2.350988701645e-38
    31   -4.108460295444e-22    1.763241526233e-38
    32    2.399401008073e-22   -2.938735877056e-38
    33    1.066306791032e-22   -1.057944915740e-37
    34   -1.944165724950e-21    9.403954806578e-38
    35   -7.670694542735e-21    0.000000000000e+00
    36    7.748591172180e-21   -7.523163845263e-37
    37    6.208973698609e-20   -3.761581922631e-36
    38    3.210956425257e-19    1.805559322863e-35
    39    7.199263682466e-19    5.416677968589e-35
    40   -2.096942239822e-19    3.851859888774e-34
    41   -1.146046437441e-17    3.851859888774e-33
    42   -2.591621783128e-19    1.232595164408e-32
    43   -3.886177341711e-16    2.465190328816e-32
    44   -1.548403046678e-15    0.000000000000e+00
    45    9.959336364619e-16    9.860761315263e-32
    46    2.398994466325e-14   -3.944304526105e-31
    47    1.548398911555e-13   -4.733165431326e-30
    48    1.526098667058e-13   -1.577721810442e-30
    49    1.027020125404e-12    1.262177448354e-29
    50   -6.141687556934e-13   -2.019483917366e-28
    51   -1.046599544525e-11    8.077935669463e-28
    52    1.902607887340e-10    0.000000000000e+00
    53    5.043910796690e-10   -7.754818242685e-26
    54    9.297622803449e-09   -2.067951531383e-25
    55    4.970597484367e-08   -4.135903062765e-25
    56    3.480264020688e-07    0.000000000000e+00
    57    1.948959176968e-06   -5.293955920339e-23
    58    9.980300712839e-06    0.000000000000e+00
    59    7.874937969942e-05    8.470329472543e-22
    60    5.739463351751e-04   -1.016439536705e-20
    61    4.952660565166e-03   -1.016439536705e-20
    62    4.910691297725e-02    2.168404344971e-19
    63    5.364812022993e-01   -2.168404344971e-18
