     0    1.173918107943e+01    2.602085213965e-18
     1    5.089233062980e-01   -8.673617379884e-19
     2    4.898355387073e-02    2.168404344971e-19
     3    4.765883930130e-03    0.000000000000e+00
     4    4.783344410979e-04    0.000000000000e+00
     5    6.643157800882e-05   -1.270549420881e-21
     6    7.834476021150e-06   -5.293955920339e-23
     7    1.330471996413e-06    1.323488980085e-23
     8    2.402712435495e-07    7.444625512977e-24
     9    3.072275168257e-08    0.000000000000e+00
    10    7.533670256373e-09    2.067951531383e-25
    11    1.025194901164e-09    1.292469707114e-26
    12    1.139943071167e-10   -8.885729236409e-27
    13    2.205961294191e-12    6.058451752097e-28
    14    2.481509265362e-12   -3.029225876049e-28
    15    1.035134475663e-12    1.388395193189e-28
    16    2.610118582749e-13   -6.310887241768e-30
    17    5.080504788702e-14    3.155443620884e-30
    18    8.317213048860e-15   -7.888609052210e-31
    19    2.229952784882e-15    0.000000000000e+00
    20   -1.596836283112e-16    0.000000000000e+00
    21   -2.224772575749e-17   -6.162975822039e-33
    22   -1.391220035031e-17   -1.540743955510e-33
    23   -4.520996159313e-18    3.851859888774e-34
    24   -4.152617126510e-19   -4.814824860968e-35
    25   -1.417680172866e-19   -1.203706215242e-35
    26   -4.816648219244e-20    0.000000000000e+00
    27   -3.033048277843e-21    1.504632769053e-36
    28   -2.900835405918e-21    0.000000000000e+00
    29   -1.165495138211e-21    4.701977403289e-38
    30   -1.655508163300e-22    5.877471754111e-39
    31   -4.273560826486e-25   -5.877471754111e-39
    32    3.334923830685e-22   -2.350988701645e-38
    33    4.982350948079e-22    2.350988701645e-38
    34    2.547074093618e-21   -1.880790961316e-37
    35    2.019484057969e-20   -7.523163845263e-37
    36    6.692025775808e-20    0.000000000000e+00
    37    1.984877534367e-19    1.504632769053e-36
    38    6.165123488446e-20   -6.018531076210e-36
    39    5.169871596387e-19    9.629649721936e-35
    40    5.559545885514e-18    0.000000000000e+00
    41    1.465739628962e-17   -2.311115933265e-33
    42    3.598413762244e-18   -1.155557966632e-32
    43    1.871349514650e-16    3.081487911020e-33
    44    6.268898185691e-16    4.930380657631e-32
    45    6.162107351098e-15    1.183291357832e-30
    46    2.821437551435e-14    4.733165431326e-30
    47    2.003919436323e-13    0.000000000000e+00
    48    1.225241530027e-12    5.048709793414e-29
    49    2.818862213592e-12    2.019483917366e-28
    50   -2.842216655874e-12    4.038967834732e-28
    51    6.251212879192e-11    1.292469707114e-26
    52    3.743326166013e-10   -2.584939414228e-26
    53    8.319231631956e-10    1.163222736403e-25
    54    3.976734353704e-09    1.033975765691e-25
    55    1.663041631729e-08   -1.447566071968e-24
    56    1.447999719322e-07   -7.858215819254e-24
    57    6.477657760659e-07    1.985233470127e-23
    58    6.709666152168e-06    5.293955920339e-23
    59    5.938402971256e-05    9.529120656611e-22
    60    5.143012362757e-04   -4.235164736272e-21
    61    4.881190274197e-03    3.388131789017e-21
    62    4.730827850862e-02    3.252606517457e-19
    63    5.190320548610e-01   -8.673617379884e-19
