     0    1.179138844228e+01    3.469446951954e-18
     1    5.005341952295e-01    5.963111948670e-19
     2    4.580860890110e-02    0.000000000000e+00
     3    4.973655971562e-03    0.000000000000e+00
     4    5.552839630273e-04    3.388131789017e-21
     5    6.666221167134e-05    0.000000000000e+00
     6    1.056510980687e-05   -5.293955920339e-23
     7    2.306602266068e-06    0.000000000000e+00
     8    3.205790825972e-07    1.654361225106e-24
     9    3.600268661297e-08   -1.033975765691e-25
    10    7.809169359801e-09   -2.584939414228e-26
    11    1.354533885141e-09   -6.462348535571e-26
    12    3.553380647328e-10    0.000000000000e+00
    13    6.171094273279e-11   -8.077935669463e-28
    14    1.339901846360e-11    0.000000000000e+00
    15    2.371579810858e-12    4.417621069238e-29
    16    1.671781663127e-13    0.000000000000e+00
    17    4.116794243086e-14    1.577721810442e-30
    18    7.861814597303e-15    7.888609052210e-31
    19    8.652494195610e-16    4.930380657631e-32
    20    1.617502139303e-15    3.697785493223e-32
    21    2.925200814493e-16    0.000000000000e+00
    22    1.447271382950e-16   -6.162975822039e-33
    23    1.941887416900e-17    1.925929944387e-34
    24    3.809123474404e-18    1.925929944387e-34
    25    2.094014471868e-18   -1.023150282956e-34
    26    1.748339725269e-19    1.504632769053e-36
    27    7.230924156574e-20    3.761581922631e-37
    28    2.491885425301e-20   -3.761581922631e-37
    29    3.781064179436e-21    1.410593220987e-37
    30    8.194619644360e-22    7.052966104934e-38
    31    2.859743646883e-22    5.877471754111e-39
    32    2.232336681768e-23    4.408103815584e-39
    33   -2.696618457656e-22   -7.052966104934e-38
    34   -2.103136001211e-21   -4.701977403289e-38
    35   -7.471647785553e-21   -3.761581922631e-37
    36   -2.648198969175e-20    0.000000000000e+00
    37   -4.136060027436e-20   -3.009265538105e-36
    38   -1.627797826647e-19    9.027796614315e-36
    39   -1.781046267983e-19   -1.203706215242e-35
    40   -2.463550526373e-18   -1.925929944387e-34
    41   -1.718955721603e-18    7.703719777549e-34
    42    1.002423722428e-16    7.703719777549e-34
    43    3.531015076511e-16    0.000000000000e+00
    44    8.600428657386e-16    4.930380657631e-32
    45   -5.927109607533e-15    1.380506584137e-30
    46   -4.176902125044e-15    7.888609052210e-31
    47    3.131413903335e-14    0.000000000000e+00
    48    6.851944176512e-13    0.000000000000e+00
    49    1.593991225591e-12    1.009741958683e-28
    50   -9.563369156864e-13   -8.077935669463e-28
    51   -2.218604573693e-11    0.000000000000e+00
    52    1.397370663829e-10   -6.462348535571e-27
    53   -1.525300058295e-11    0.000000000000e+00
    54   -2.211832798307e-09    0.000000000000e+00
    55    1.335202708651e-08    1.861156378244e-24
    56    1.868203443679e-07    6.617444900424e-24
    57    1.164555043757e-06   -2.646977960170e-23
    58    9.025367082150e-06   -5.293955920339e-23
    59    6.621554703530e-05    0.000000000000e+00
    60    5.810715020849e-04   -2.541098841763e-21
    61    4.956009422818e-03   -2.032879073410e-20
    62    5.288958297852e-02    3.252606517457e-19
    63    5.496389751089e-01    1.301042606983e-18
