     0    1.183428032434e+01   -1.387778780781e-17
     1    4.928553517924e-01   -8.673617379884e-19
     2    4.508142704258e-02    5.421010862428e-20
     3    4.299611638604e-03    2.032879073410e-20
     4    4.972723707556e-04   -2.541098841763e-21
     5    5.542699933135e-05    3.705769144238e-22
     6    7.306049817458e-06    0.000000000000e+00
     7    1.064053123189e-06   -1.323488980085e-23
     8    1.531268505370e-07   -3.308722450212e-24
     9    3.327734818066e-08    0.000000000000e+00
    10    5.844313921937e-09    2.067951531383e-25
    11    8.365562043262e-10    0.000000000000e+00
    12    1.118363933076e-10   -6.462348535571e-27
    13    9.510683511976e-13    8.077935669463e-28
    14   -6.066156655155e-13    2.019483917366e-28
    15   -5.811938637199e-14    1.009741958683e-28
    16   -8.084210774579e-14    1.262177448354e-29
    17    3.841819138264e-14    3.155443620884e-30
    18    7.466215116996e-15   -7.888609052210e-31
    19   -3.255345438115e-15   -2.958228394579e-31
    20   -1.027933595305e-15    0.000000000000e+00
    21   -1.663398940408e-16    4.930380657631e-32
    22    4.762833775400e-17    4.622231866529e-33
    23   -1.300043865593e-18   -7.703719777549e-34
    24    4.990914106162e-18    0.000000000000e+00
    25    1.162041210358e-18   -2.407412430484e-35
    26    6.860413745928e-20    1.429401130600e-35
    27    2.017913671764e-20    3.761581922631e-37
    28   -2.319370607574e-21    1.998340396398e-37
    29    6.754044341629e-22    9.403954806578e-38
    30    5.053977277909e-23    1.175494350822e-38
    31   -5.882087770249e-24    4.408103815584e-39
    32   -3.507969588088e-23    0.000000000000e+00
    33    2.481282365801e-23    0.000000000000e+00
    34    1.000525192135e-21    9.403954806578e-38
    35    1.274487169508e-21   -1.880790961316e-37
    36    4.029161651052e-21   -1.128474576789e-36
    37    4.042822774563e-20    0.000000000000e+00
    38    1.149636046951e-19    0.000000000000e+00
    39    8.866231849536e-21    0.000000000000e+00
    40   -1.738887130253e-19    0.000000000000e+00
    41   -2.834036905536e-18   -3.851859888774e-34
    42   -3.835971376519e-17    7.703719777549e-33
    43   -1.582439392844e-16    3.081487911020e-33
    44   -5.650177070976e-17    2.465190328816e-32
    45   -8.108164411814e-15    4.930380657631e-32
    46   -2.706293220360e-14   -4.930380657631e-31
    47   -5.794548853692e-14    7.888609052210e-31
    48   -5.733270160772e-14    6.310887241768e-30
    49   -7.313998974560e-13    6.310887241768e-29
    50    1.971013866025e-12    2.019483917366e-28
    51    5.244530622199e-11   -4.846761401678e-27
    52    1.373272966451e-10   -3.231174267785e-26
    53    3.865627342414e-10    4.523643974899e-26
    54    1.957645822969e-09    3.101927297074e-25
    55    6.517229622102e-09    0.000000000000e+00
    56    3.718348839205e-08   -3.308722450212e-24
    57    2.365262939064e-07    4.963083675318e-24
    58    3.394667698401e-06   -2.646977960170e-23
    59    3.859916406608e-05    0.000000000000e+00
    60    4.786048132881e-04   -3.388131789017e-21
    61    4.980362600013e-03    0.000000000000e+00
    62    4.839515404628e-02   -1.084202172486e-19
    63    5.119505998395e-01   -2.168404344971e-18
