     0    1.172545288277e+01   -3.469446951954e-18
     1    5.086558651568e-01   -1.734723475977e-18
     2    5.016033264104e-02   -1.084202172486e-19
     3    5.857220756147e-03   -2.032879073410e-20
     4    5.753315577944e-04    0.000000000000e+00
     5    4.827668549625e-05    0.000000000000e+00
     6    5.937273819442e-06    5.293955920339e-23
     7    7.788963547822e-07    1.323488980085e-23
     8    1.239884132523e-07    0.000000000000e+00
     9    2.478465806848e-08   -2.067951531383e-25
    10    4.032370083086e-09    5.169878828456e-26
    11    5.514563312905e-10   -1.938704560671e-26
    12    9.798665460782e-11    0.000000000000e+00
    13    9.110155533536e-12   -8.077935669463e-28
    14    2.489568435834e-12    2.019483917366e-28
    15    1.637037140621e-12    7.573064690122e-29
    16    4.608622828541e-14    0.000000000000e+00
    17   -8.780054494502e-15    3.155443620884e-30
    18   -3.584770523847e-16    0.000000000000e+00
    19   -3.793657346538e-16    0.000000000000e+00
    20   -5.227629456608e-16    0.000000000000e+00
    21   -9.576567890883e-17   -4.622231866529e-33
    22   -1.634708164530e-17   -4.814824860968e-34
    23    6.468554321884e-18    1.925929944387e-34
    24    2.056877070157e-18    0.000000000000e+00
    25   -2.574121523335e-19   -4.814824860968e-35
    26   -1.681114038568e-19   -6.018531076210e-36
    27   -3.712326611191e-20    3.761581922631e-37
    28   -6.231519954872e-21    0.000000000000e+00
    29    7.782714048890e-24   -4.701977403289e-38
    30    1.482745236707e-23    2.350988701645e-38
    31    4.482169721083e-23    0.000000000000e+00
    32    2.749544439642e-23   -1.469367938528e-39
    33    2.850256375142e-24   -5.877471754111e-39
    34   -1.016529704289e-22    9.403954806578e-38
    35   -1.823239732722e-21   -3.291384182302e-37
    36   -1.807384868098e-21    0.000000000000e+00
    37    9.409754763886e-21   -1.880790961316e-36
    38   -4.416545859475e-20   -7.523163845263e-37
    39   -3.410376803181e-19    6.018531076210e-36
    40   -9.620871410002e-19   -1.083335593718e-34
    41   -5.015498869864e-19   -5.537048590113e-34
    42   -6.214788889504e-18    1.155557966632e-33
    43   -6.208806756190e-17   -9.244463733059e-33
    44   -2.372649282627e-16    9.860761315263e-32
    45   -6.622954819582e-16   -9.860761315263e-32
    46    4.382006431376e-15   -2.958228394579e-31
    47    4.657242850375e-14    0.000000000000e+00
    48    3.072453547433e-13   -3.155443620884e-30
    49    1.231630676846e-12   -3.155443620884e-29
    50    9.932849456556e-12   -2.019483917366e-28
    51    4.826270361285e-11    4.038967834732e-28
    52    2.464028167958e-10    0.000000000000e+00
    53    1.810264049005e-09    8.401053096242e-26
    54    8.970687128817e-09    2.067951531383e-25
    55    3.646930163214e-08    2.067951531383e-25
    56    1.382959527058e-07    0.000000000000e+00
    57    1.209575649507e-06    0.000000000000e+00
    58    1.199661743200e-05   -1.058791184068e-22
    59    7.532414620598e-05   -2.117582368136e-22
    60    5.906716984997e-04    8.470329472543e-22
    61    5.356987945464e-03    1.355252715607e-20
    62    5.115834368412e-02    1.084202172486e-19
    63    5.267430624872e-01    8.673617379884e-19
