     0    1.156547451825e+01   -3.469446951954e-18
     1    5.199125755947e-01   -1.734723475977e-18
     2    4.616343921391e-02    1.626303258728e-19
     3    4.784201559310e-03   -2.032879073410e-20
     4    5.159729804674e-04    2.329340604949e-21
     5    7.161355782961e-05   -6.352747104407e-22
     6    1.363346772041e-05    0.000000000000e+00
     7    1.862666186485e-06   -2.646977960170e-23
     8    1.478160295330e-07    0.000000000000e+00
     9   -3.933073690689e-09   -1.654361225106e-24
    10    1.809573954028e-09    4.135903062765e-25
    11    9.259584713922e-10   -6.462348535571e-27
    12    4.204711072521e-10    0.000000000000e+00
    13    5.663302263442e-11   -6.462348535571e-27
    14   -5.598298343036e-12    0.000000000000e+00
    15    3.256670069411e-12   -2.019483917366e-28
    16    2.361289283848e-13    6.310887241768e-29
    17    5.843909090262e-14    0.000000000000e+00
    18    5.113691611544e-15   -3.944304526105e-31
    19    2.938826976812e-15    1.972152263053e-31
    20    6.051653308784e-16    0.000000000000e+00
    21    1.646563594756e-17    9.244463733059e-33
    22   -6.826808355691e-17   -3.851859888774e-33
    23   -1.701306238621e-17   -1.925929944387e-34
    24   -3.156193685429e-18    4.814824860968e-35
    25    5.199378665842e-20    6.018531076210e-36
    26    1.775370696531e-19   -9.027796614315e-36
    27    5.171866521147e-20    0.000000000000e+00
    28   -4.346061870817e-21   -3.761581922631e-37
    29   -3.557811305234e-22    9.403954806578e-38
    30    5.336067215473e-22    1.410593220987e-37
    31   -6.275047879959e-23   -1.175494350822e-38
    32   -3.355205912259e-23    1.469367938528e-39
    33   -9.730180248669e-25   -8.816207631167e-39
    34    6.372156590677e-23   -1.057944915740e-37
    35    3.257934601537e-22    3.526483052467e-38
    36   -2.942645654021e-21    1.457612995020e-36
    37    9.464291994327e-21   -3.761581922631e-36
    38    1.789839861262e-19   -1.203706215242e-35
    39    1.759033299764e-19    1.805559322863e-35
    40    7.367036095324e-19    7.222237291452e-35
    41   -2.587384727091e-20   -9.629649721936e-34
    42   -1.349756354767e-17    0.000000000000e+00
    43   -3.999991831119e-17   -1.232595164408e-32
    44    4.535136133773e-17    0.000000000000e+00
    45    1.582251468377e-15   -1.972152263053e-31
    46    7.289336529922e-15    1.577721810442e-30
    47    6.323018231059e-14   -1.183291357832e-30
    48    2.156709848699e-13    2.839899258796e-29
    49    1.031082828392e-12   -6.310887241768e-30
    50    1.336630805021e-12    0.000000000000e+00
    51    7.931056258997e-12    8.077935669463e-28
    52   -3.835086352813e-11    0.000000000000e+00
    53    5.651495716636e-10    2.584939414228e-26
    54    5.687182700632e-09    1.033975765691e-25
    55    3.891800323844e-08   -2.895132143936e-24
    56    1.919984856172e-07   -5.790264287871e-24
    57    1.455606872644e-06   -6.617444900424e-23
    58    1.045301561065e-05   -1.588186776102e-22
    59    7.155173152515e-05    3.176373552204e-22
    60    4.654664770158e-04    5.082197683526e-21
    61    4.467667485730e-03   -3.388131789017e-20
    62    4.732895015692e-02    3.252606517457e-19
    63    5.020034283036e-01    1.734723475977e-18
