     0    1.205512197304e+01   -3.469446951954e-18
     1    5.352497534533e-01    4.336808689942e-19
     2    5.174819638253e-02   -1.084202172486e-19
     3    5.716768079130e-03    1.355252715607e-20
     4    6.663005638111e-04    8.470329472543e-22
     5    6.908334903535e-05    0.000000000000e+00
     6    1.038421732503e-05   -1.058791184068e-22
     7    1.452446016337e-06   -6.617444900424e-24
     8    2.241017627536e-07   -1.654361225106e-24
     9    4.752276780989e-08    8.271806125530e-25
    10    1.687414694889e-08    2.067951531383e-25
    11    3.628951702516e-09   -6.462348535571e-26
    12    5.468891945431e-10   -6.462348535571e-27
    13    6.988842531669e-11   -3.231174267785e-27
    14    2.959807365071e-11    1.615587133893e-27
    15    5.525029400912e-12    2.019483917366e-28
    16   -2.553718467635e-14   -2.524354896707e-29
    17   -5.718017296134e-14   -1.262177448354e-29
    18    4.581355575948e-14    0.000000000000e+00
    19    2.197181454634e-14    0.000000000000e+00
    20   -1.594554713048e-15   -7.888609052210e-31
    21   -6.357388668471e-16   -4.930380657631e-32
    22   -2.287750066657e-17   -1.232595164408e-32
    23   -5.444521852625e-17    0.000000000000e+00
    24    2.935494047029e-17    0.000000000000e+00
    25   -3.464813922769e-18    1.925929944387e-34
    26   -1.594843236830e-18   -1.925929944387e-34
    27   -6.934806945602e-19    4.814824860968e-35
    28   -9.203424307990e-20    0.000000000000e+00
    29   -8.842622849039e-21    7.523163845263e-37
    30   -1.434592256119e-21    1.504632769053e-36
    31   -2.764059982221e-22    0.000000000000e+00
    32   -1.534733973249e-22    0.000000000000e+00
    33   -1.992942129800e-22    1.175494350822e-38
    34   -1.556161390828e-22   -3.526483052467e-38
    35   -1.484448917538e-22   -1.175494350822e-38
    36   -2.394728986465e-21   -1.880790961316e-37
    37   -3.948492113019e-21   -3.761581922631e-37
    38   -4.054158721242e-20    1.805559322863e-35
    39   -3.657056704306e-19   -1.805559322863e-35
    40   -9.165007430868e-19   -2.407412430484e-35
    41    1.904188339578e-18    9.629649721936e-35
    42   -8.473629591450e-19   -2.311115933265e-33
    43    4.105547271933e-17    0.000000000000e+00
    44    2.281184071665e-16   -3.081487911020e-33
    45    8.084419133627e-16   -1.232595164408e-32
    46    4.098417167106e-15    4.930380657631e-31
    47    4.679380940272e-14   -1.183291357832e-30
    48    2.199777099268e-13    3.155443620884e-30
    49    8.483517491227e-13    1.893266172530e-29
    50    4.862328792466e-12    0.000000000000e+00
    51    2.455057022185e-11    0.000000000000e+00
    52    1.683159035747e-10    0.000000000000e+00
    53    5.659620562673e-10    6.462348535571e-27
    54    2.431575928753e-09    0.000000000000e+00
    55    1.266447395330e-08   -2.067951531383e-25
    56    1.056472256295e-07   -3.308722450212e-24
    57    4.763082695760e-07   -2.646977960170e-23
    58    4.663240116181e-06    0.000000000000e+00
    59    5.011088682680e-05    5.293955920339e-23
    60    4.285088743672e-04    3.388131789017e-21
    61    4.381286343814e-03   -1.355252715607e-20
    62    4.920723309781e-02   -8.131516293641e-20
    63    5.079665573835e-01   -7.589415207399e-19
