     0    1.173120968609e+01    0.000000000000e+00
     1    5.421445733540e-01   -8.673617379884e-19
     2    4.489407765617e-02   -1.084202172486e-19
     3    3.746312542681e-03    1.694065894509e-21
     4    3.538032814369e-04    0.000000000000e+00
     5    4.247685991436e-05    2.646977960170e-22
     6    5.701476024346e-06    1.985233470127e-23
     7    8.388803807083e-07    0.000000000000e+00
     8    1.197445532907e-07    0.000000000000e+00
     9    2.384943683689e-08   -2.067951531383e-25
    10    4.361710737302e-09   -2.326445472805e-25
    11    6.830915435562e-10    3.231174267785e-27
    12    4.863916340860e-11   -4.240916226468e-27
    13    2.545747170560e-12    5.553580772756e-28
    14    2.020780502013e-12    1.514612938024e-28
    15    1.285114140847e-12   -9.466330862652e-30
    16    2.182571868318e-13   -1.893266172530e-29
    17    3.235127584071e-14    1.577721810442e-30
    18    6.683995723537e-15   -9.860761315263e-31
    19    3.100188051823e-15    3.944304526105e-31
    20    6.693320713472e-16   -4.930380657631e-32
    21    3.186976835553e-16    0.000000000000e+00
    22    9.387218764469e-17   -3.081487911020e-33
    23    2.922013065251e-17   -1.540743955510e-33
    24    8.011979016207e-18   -9.629649721936e-35
    25    2.027317593963e-18   -4.814824860968e-35
    26    2.949197219963e-19    0.000000000000e+00
    27    5.847516246178e-20   -7.523163845263e-37
    28   -9.108536578928e-22   -3.761581922631e-37
    29   -3.747862712161e-22    1.880790961316e-37
    30    7.859101067631e-23    0.000000000000e+00
    31    2.379934943497e-22    0.000000000000e+00
    32    3.886838613451e-22    2.350988701645e-38
    33    6.202976581799e-22   -2.350988701645e-38
    34    4.919782397922e-22   -3.996680792796e-37
    35   -9.368473129379e-21    3.291384182302e-37
    36   -2.999115562192e-20    7.523163845263e-37
    37   -5.617974546814e-20    5.115751414779e-35
    38    2.213272090650e-19   -6.018531076210e-36
    39    1.688723583072e-18   -3.851859888774e-34
    40    4.586380079697e-18    2.407412430484e-35
    41    9.372149010061e-18   -5.777789833162e-34
    42    9.304554621104e-17    0.000000000000e+00
    43    6.848031483738e-17   -6.162975822039e-33
    44   -6.279848524396e-16    9.860761315263e-32
    45   -1.749776537472e-15   -1.479114197289e-31
    46   -1.196884809277e-14   -1.577721810442e-30
    47   -1.095901094968e-13    3.786532345061e-29
    48   -5.871246568400e-13    1.057073612996e-28
    49   -3.332804221057e-13    2.019483917366e-28
    50    7.052963055734e-12   -5.048709793414e-28
    51    3.032186885968e-11   -2.019483917366e-27
    52    1.909922788091e-10    6.462348535571e-27
    53    6.788827730358e-10   -2.584939414228e-26
    54   -1.653582180560e-09    3.618915179919e-25
    55    1.714945063952e-08   -1.344168495399e-24
    56    3.118503823785e-07    1.654361225106e-24
    57    1.692928688217e-06    0.000000000000e+00
    58    1.069940453680e-05   -7.940933880509e-23
    59    7.385433310505e-05   -4.235164736272e-22
    60    5.231719070902e-04    1.694065894509e-21
    61    5.163154825661e-03    0.000000000000e+00
    62    5.010297236680e-02    1.084202172486e-19
    63    5.249602595726e-01    1.734723475977e-18
