     0    1.155043736172e+01    6.938893903907e-18
     1    4.957637097382e-01   -8.673617379884e-19
     2    4.653494532317e-02    0.000000000000e+00
     3    4.915944952394e-03    6.776263578034e-21
     4    4.626488481842e-04   -8.470329472543e-22
     5    4.412009018284e-05    0.000000000000e+00
     6    6.118730010403e-06    2.646977960170e-23
     7    1.050739217458e-06   -1.323488980085e-23
     8    1.426371793458e-07    1.240770918830e-24
     9    2.157611363599e-08    4.135903062765e-25
    10    3.828053818530e-09   -1.033975765691e-25
    11    1.145072158006e-09    3.877409121342e-26
    12    1.609687419464e-10   -1.292469707114e-26
    13    2.285998801661e-11    0.000000000000e+00
    14    3.034047520654e-12   -5.048709793414e-28
    15    1.633454335721e-13   -2.524354896707e-29
    16    4.465846801372e-14   -3.155443620884e-30
    17    7.727115000740e-15    0.000000000000e+00
    18    5.785475051631e-15   -1.972152263053e-31
    19    5.527803557975e-17    0.000000000000e+00
    20    4.774303614085e-17    0.000000000000e+00
    21    3.201353392168e-17   -7.703719777549e-34
    22    1.786832239328e-17   -7.703719777549e-34
    23    4.182163740589e-18   -2.407412430484e-35
    24    1.175961994728e-18    6.620384183831e-35
    25    1.346226539056e-19    6.018531076210e-36
    26    2.284235615492e-20   -1.504632769053e-36
    27   -2.996946203471e-21    7.523163845263e-37
    28   -2.827279809335e-21    9.403954806578e-38
    29   -8.086520906655e-22    5.877471754111e-38
    30   -2.398959147624e-22   -8.816207631167e-39
    31   -6.716715893289e-23    0.000000000000e+00
    32    4.589512906981e-23   -2.938735877056e-39
    33    1.187884479240e-22    1.175494350822e-38
    34    6.163227906886e-22    0.000000000000e+00
    35    3.242970288877e-21   -3.761581922631e-37
    36    1.004749942475e-20    3.761581922631e-37
    37    1.789837630504e-20   -1.504632769053e-36
    38   -1.629184155783e-20    1.203706215242e-35
    39    1.600764695419e-19    2.407412430484e-35
    40    1.815966311330e-18    0.000000000000e+00
    41    5.745081311610e-18    1.925929944387e-34
    42   -4.197292260793e-17   -3.851859888774e-34
    43   -3.089758699213e-16   -6.162975822039e-33
    44   -1.134371410096e-15    0.000000000000e+00
    45   -2.354008671017e-15    1.972152263053e-31
    46   -2.995637671919e-15   -7.888609052210e-31
    47    2.613681371387e-14    3.155443620884e-30
    48   -2.274671463449e-13    3.786532345061e-29
    49   -6.863039600808e-13   -1.009741958683e-28
    50   -8.966006731759e-12    0.000000000000e+00
    51   -2.410965896576e-11   -8.077935669463e-28
    52    3.965576095556e-11    6.462348535571e-27
    53    6.894043790638e-10    3.231174267785e-26
    54    5.092147937050e-09    2.584939414228e-25
    55    2.969214569346e-08    0.000000000000e+00
    56    1.682676501988e-07    1.654361225106e-24
    57    1.143908261153e-06    1.323488980085e-23
    58    7.539091170336e-06    5.293955920339e-23
    59    7.055467403535e-05    0.000000000000e+00
    60    5.897304949111e-04    0.000000000000e+00
    61    5.706170918081e-03    0.000000000000e+00
    62    5.174041764799e-02    0.000000000000e+00
    63    5.291997667814e-01   -1.734723475977e-18
