     0    1.168300133279e+01   -1.040834085586e-17
     1    5.660516462046e-01   -1.463672932855e-18
     2    5.207596759431e-02    0.000000000000e+00
     3    5.484668563860e-03    6.776263578034e-21
     4    7.190001954894e-04   -6.776263578034e-21
     5    1.018957517353e-04   -2.117582368136e-22
     6    1.516082174867e-05   -1.058791184068e-22
     7    2.236966379376e-06   -2.646977960170e-23
     8    1.714067039689e-07    4.963083675318e-24
     9    2.223254866205e-08    1.447566071968e-24
    10    5.396873598016e-09   -2.067951531383e-25
    11    1.459363310722e-09   -2.584939414228e-26
    12    2.198474677382e-10   -6.462348535571e-27
    13    5.015254713699e-11   -4.038967834732e-28
    14    8.964719092221e-12   -4.038967834732e-28
    15   -1.312231153965e-12   -5.048709793414e-28
    16   -1.308979971013e-12    1.767048427695e-28
    17   -2.683949141444e-13   -2.839899258796e-29
    18   -3.623725686772e-14   -3.155443620884e-30
    19   -8.163189939936e-15    4.930380657631e-31
    20   -6.677884671057e-16    2.465190328816e-32
    21   -1.205189814946e-15    1.232595164408e-32
    22   -1.421070000651e-16    6.162975822039e-33
    23   -2.817917783216e-17   -2.311115933265e-33
    24   -4.659011120141e-18   -3.851859888774e-34
    25    1.009266451881e-19    3.370377402678e-34
    26   -3.789124112459e-19    1.203706215242e-35
    27   -9.678711338604e-20    7.523163845263e-37
    28   -2.103935751408e-20    1.880790961316e-36
    29   -6.460765440844e-21   -5.642372883947e-37
    30   -3.415530278738e-22    3.996680792796e-37
    31    3.136233037454e-23   -2.350988701645e-38
    32    1.141074406890e-22    2.938735877056e-39
    33    5.808151458502e-23   -5.877471754111e-39
    34    1.013449415428e-22   -2.938735877056e-39
    35    1.515705521859e-21   -2.350988701645e-38
    36    4.886163912104e-21   -9.403954806578e-38
    37    3.448898784418e-20    3.009265538105e-36
    38    1.555720804949e-20    0.000000000000e+00
    39    1.789535299694e-19   -1.203706215242e-35
    40   -8.640405736309e-19   -5.537048590113e-34
    41   -1.362310495536e-17    1.925929944387e-33
    42   -3.878726188515e-17    6.933347799794e-33
    43    7.560671864319e-17    0.000000000000e+00
    44    6.642029308898e-16    7.395570986447e-32
    45    5.209358795440e-15    0.000000000000e+00
    46    2.259706995490e-14    1.972152263053e-30
    47    7.025505843357e-14   -4.733165431326e-30
    48    3.323091403737e-13    0.000000000000e+00
    49    2.043624507561e-12    6.310887241768e-30
    50    6.184300871541e-12    1.514612938024e-28
    51    6.597745153316e-11   -1.615587133893e-27
    52    1.657492425327e-10   -1.292469707114e-26
    53    1.947180447030e-10   -5.169878828456e-26
    54    3.494337017542e-09   -3.101927297074e-25
    55    4.195400098037e-08    0.000000000000e+00
    56    2.795668108939e-07    1.654361225106e-24
    57    2.035882880493e-06   -2.646977960170e-23
    58    1.348884316606e-05    0.000000000000e+00
    59    7.936149183346e-05    2.117582368136e-22
    60    5.799276240867e-04   -7.623296525289e-21
    61    4.604902563144e-03    1.355252715607e-20
    62    4.811410946534e-02    1.897353801850e-19
    63    5.353368706096e-01   -4.336808689942e-19
