     0    1.183713599669e+01   -8.673617379884e-18
     1    5.151479952417e-01    4.336808689942e-19
     2    5.292291278851e-02    0.000000000000e+00
     3    5.478197617571e-03    3.388131789017e-21
     4    6.409792159739e-04    8.470329472543e-22
     5    8.996501620239e-05   -1.270549420881e-21
     6    1.214571861366e-05   -1.058791184068e-22
     7    1.977920712247e-06    6.617444900424e-24
     8    3.405173640293e-07    1.654361225106e-24
     9    4.370712037063e-08    0.000000000000e+00
    10    4.243030789596e-09    7.754818242685e-26
    11    9.333424181321e-10    1.292469707114e-26
    12    1.152789350949e-10   -6.462348535571e-27
    13    1.173061084828e-11    8.077935669463e-28
    14   -2.921610155249e-12    2.019483917366e-28
    15    1.469123610636e-13    0.000000000000e+00
    16   -2.524750994592e-13    0.000000000000e+00
    17   -5.091405078981e-14    0.000000000000e+00
    18    1.372898043322e-15    1.972152263053e-31
    19   -3.972161238782e-16    0.000000000000e+00
    20    3.214572452498e-16    2.465190328816e-32
    21   -1.590184129258e-16    1.078520768857e-32
    22   -1.936889453813e-17    7.703719777549e-34
    23   -1.862115157944e-18    9.629649721936e-35
    24   -2.885073326951e-19   -1.925929944387e-34
    25    2.189587636428e-19   -6.921310737642e-35
    26    1.404054942584e-19   -9.780112998841e-36
    27    1.417235184357e-21   -1.128474576789e-36
    28   -3.045305570585e-22   -7.523163845263e-37
    29   -1.309847779945e-22    1.880790961316e-37
    30    6.181524823930e-24    1.175494350822e-38
    31   -7.801084948927e-23    5.877471754111e-39
    32   -3.073156465127e-23    0.000000000000e+00
    33    1.297879372044e-22    0.000000000000e+00
    34    2.069252700872e-22    0.000000000000e+00
    35    4.864020635200e-22    0.000000000000e+00
    36   -4.490970236293e-21    1.128474576789e-36
    37   -4.350024690730e-20    0.000000000000e+00
    38   -4.821671962820e-20    0.000000000000e+00
    39   -1.019887041032e-19    0.000000000000e+00
    40   -1.961379061268e-19   -1.925929944387e-34
    41   -3.746624649152e-18   -3.851859888774e-34
    42   -2.607022727701e-17    0.000000000000e+00
    43    5.155716358322e-17   -1.694818351061e-32
    44    5.756963049885e-16   -1.232595164408e-32
    45    2.477662720525e-15    0.000000000000e+00
    46    4.583878077803e-15    0.000000000000e+00
    47    4.015175179188e-14   -6.310887241768e-30
    48    3.194467538354e-13    0.000000000000e+00
    49    6.703171450814e-13    5.048709793414e-29
    50    6.238619946133e-12    0.000000000000e+00
    51    7.818130091360e-11    1.292469707114e-26
    52    4.047707497540e-10    0.000000000000e+00
    53    1.098792535854e-09    5.169878828456e-26
    54    5.985283136181e-09   -8.271806125530e-25
    55    3.216439072626e-08    0.000000000000e+00
    56    2.748256952724e-07    0.000000000000e+00
    57    1.555358250820e-06    0.000000000000e+00
    58    1.096242911791e-05    0.000000000000e+00
    59    7.889519599463e-05    0.000000000000e+00
    60    5.517118103290e-04    0.000000000000e+00
    61    5.304510848046e-03    2.032879073410e-20
    62    5.097998047213e-02    8.131516293641e-20
    63    5.769818710234e-01    8.673617379884e-19
