     0    1.134280547417e+01    6.938893903907e-18
     1    5.097265232565e-01   -8.673617379884e-19
     2    5.068355852414e-02    2.168404344971e-19
     3    6.055771559898e-03    4.065758146821e-20
     4    7.574620182542e-04   -2.117582368136e-21
     5    1.075150805883e-04   -1.058791184068e-22
     6    1.535803181461e-05    0.000000000000e+00
     7    2.354660267133e-06    0.000000000000e+00
     8    2.967871740807e-07    1.654361225106e-24
     9    3.052391165988e-08    0.000000000000e+00
    10    4.416802792879e-09    5.169878828456e-26
    11   -9.592962574533e-11    2.584939414228e-26
    12   -1.611722889627e-10    6.462348535571e-27
    13    3.427568687353e-12    8.077935669463e-28
    14    1.144126485144e-11    6.058451752097e-28
    15    1.909811800023e-12    2.524354896707e-28
    16    3.074445068292e-13    1.262177448354e-29
    17    1.846058201280e-13    9.466330862652e-30
    18    9.260689038608e-15   -8.677469957431e-30
    19   -3.904450491032e-15   -3.944304526105e-31
    20   -2.242929871269e-15    0.000000000000e+00
    21   -6.642739278731e-16    4.930380657631e-32
    22   -1.384249566736e-16   -7.703719777549e-33
    23   -1.628942908564e-17   -1.348150961071e-33
    24   -6.944440539319e-18    9.629649721936e-35
    25   -1.118788257316e-18    4.814824860968e-35
    26    7.760366893417e-20    1.203706215242e-35
    27    1.080064374248e-19    3.009265538105e-36
    28    2.075599890699e-20   -1.128474576789e-36
    29    6.846531295630e-21   -3.526483052467e-38
    30   -3.967769487984e-23    0.000000000000e+00
    31   -8.949205615893e-24    1.175494350822e-38
    32    4.305234195305e-23   -7.346839692639e-40
    33    2.868035192970e-23    0.000000000000e+00
    34    6.988741676066e-23    0.000000000000e+00
    35    5.960424769660e-22   -1.175494350822e-38
    36    4.192612914311e-21   -4.701977403289e-38
    37    8.486371395375e-21   -1.504632769053e-36
    38   -1.423589994891e-20   -3.009265538105e-36
    39    2.671480269807e-19   -2.407412430484e-35
    40    1.202817654108e-18    4.814824860968e-35
    41    5.534709128723e-18    0.000000000000e+00
    42    3.060784851076e-17   -1.540743955510e-33
    43    1.483686620271e-16   -6.162975822039e-33
    44    2.681816614654e-16    0.000000000000e+00
    45    2.556771523630e-15    3.944304526105e-31
    46   -1.448787155381e-15    7.888609052210e-31
    47    1.641288251695e-14    0.000000000000e+00
    48   -8.353122020992e-13    2.524354896707e-29
    49   -1.064126043762e-12    5.048709793414e-29
    50   -1.123852327690e-14    1.211690350419e-27
    51    9.014579830446e-12   -1.615587133893e-27
    52    1.622704667936e-10   -6.462348535571e-27
    53    8.687468938430e-10   -1.292469707114e-26
    54    4.750443430650e-09   -2.843433355651e-25
    55    2.959525975744e-08    0.000000000000e+00
    56    1.787373432080e-07    6.617444900424e-24
    57    9.021017796605e-07    0.000000000000e+00
    58    7.070910832436e-06    1.058791184068e-22
    59    5.784023217756e-05   -2.117582368136e-22
    60    4.858136704304e-04   -1.694065894509e-21
    61    4.558349099509e-03   -6.776263578034e-21
    62    4.659068537102e-02    1.626303258728e-19
    63    5.225002812012e-01    1.355252715607e-19
