     0    1.144788079697e+01   -3.469446951954e-18
     1    5.219424125139e-01    1.951563910474e-18
     2    4.911296028039e-02    0.000000000000e+00
     3    5.130514787568e-03    6.776263578034e-21
     4    6.134103623356e-04    3.388131789017e-21
     5    7.055005019938e-05    0.000000000000e+00
     6    7.582718931079e-06    0.000000000000e+00
     7    1.122875795627e-06    1.323488980085e-23
     8    1.271142873001e-07   -9.305781891222e-25
     9    1.935470328433e-08   -1.033975765691e-24
    10    4.836582736612e-09    5.169878828456e-26
    11    4.462947676970e-10   -4.523643974899e-26
    12    3.910374893600e-11   -1.615587133893e-26
    13    3.522650959130e-11    2.625329092576e-27
    14    6.261006649723e-12    4.038967834732e-28
    15    1.341738930271e-12   -8.204153414299e-29
    16    1.594075428091e-13    0.000000000000e+00
    17    3.241795335707e-14   -3.944304526105e-30
    18    8.139201119145e-15    1.183291357832e-30
    19   -1.353050398705e-15   -1.972152263053e-31
    20   -2.190506689581e-16    4.930380657631e-32
    21   -8.968568813318e-17   -1.232595164408e-32
    22   -1.519747203483e-17   -6.740754805355e-34
    23   -1.655845515805e-18   -1.925929944387e-34
    24   -3.043411769676e-19    9.629649721936e-35
    25    1.159199077659e-19    0.000000000000e+00
    26   -1.382070215040e-20   -6.018531076210e-36
    27    5.786510064761e-21    0.000000000000e+00
    28    1.257306782270e-21    1.880790961316e-37
    29    6.728673977707e-22   -4.701977403289e-38
    30    2.794212795005e-23    0.000000000000e+00
    31   -1.145367612283e-22    1.028557556970e-38
    32   -8.957055395278e-24    0.000000000000e+00
    33   -2.907630663643e-22    1.175494350822e-38
    34   -1.746247929943e-21   -1.880790961316e-37
    35   -9.064235364109e-21    1.880790961316e-37
    36   -5.864659942725e-20   -7.523163845263e-37
    37   -2.953547524128e-19    1.203706215242e-35
    38   -3.957586214130e-19    0.000000000000e+00
    39   -7.461210962455e-21   -9.629649721936e-35
    40   -1.978341176087e-18   -6.740754805355e-34
    41    1.437084019664e-17    7.703719777549e-34
    42    1.347374462064e-16    0.000000000000e+00
    43    5.272751875799e-16   -7.395570986447e-32
    44    8.648727930225e-16   -8.628166150855e-32
    45   -2.929012841643e-15   -6.902532920684e-31
    46   -9.896310972012e-15   -3.155443620884e-30
    47    6.870271437963e-14    1.262177448354e-29
    48    7.765798688921e-13    5.048709793414e-29
    49    4.350590140768e-12   -2.019483917366e-28
    50    2.027868010462e-11    0.000000000000e+00
    51    8.709897043662e-11    3.231174267785e-27
    52    5.125991361643e-10    0.000000000000e+00
    53    1.989818192657e-09    5.169878828456e-26
    54    1.300910277408e-08    6.203854594148e-25
    55    7.261466024373e-08   -8.271806125530e-25
    56    3.412573783193e-07    6.617444900424e-24
    57    1.956055510796e-06   -1.323488980085e-23
    58    1.320422130265e-05    3.705769144238e-22
    59    8.782371041345e-05   -1.270549420881e-21
    60    6.360528516440e-04    0.000000000000e+00
    61    5.061966024609e-03   -1.355252715607e-20
    62    4.626038612823e-02    0.000000000000e+00
    63    4.975236268213e-01   -8.673617379884e-19
