     0    1.143053318075e+01   -3.469446951954e-18
     1    5.184828144814e-01    3.469446951954e-18
     2    4.981281505681e-02   -2.168404344971e-19
     3    4.634822421942e-03   -5.421010862428e-20
     4    6.039086045249e-04    0.000000000000e+00
     5    9.633150280083e-05    8.470329472543e-22
     6    1.222796093208e-05   -1.058791184068e-22
     7    1.571111822136e-06   -1.654361225106e-23
     8    2.259839355694e-07   -7.444625512977e-24
     9    3.584638219412e-08   -1.240770918830e-24
    10    5.986248559479e-09   -2.584939414228e-26
    11    9.192947274022e-10   -5.169878828456e-26
    12    8.505046943876e-11   -3.231174267785e-27
    13    2.203090957046e-11    0.000000000000e+00
    14    2.971900706218e-12   -2.019483917366e-28
    15    1.829894177062e-13   -3.029225876049e-28
    16    9.304818598416e-14   -2.524354896707e-29
    17    1.327156086542e-14    6.310887241768e-30
    18    1.824651905464e-14   -4.733165431326e-30
    19    4.091169314816e-16    0.000000000000e+00
    20   -4.279287144369e-16   -1.972152263053e-31
    21    1.425090236139e-16   -1.232595164408e-32
    22    1.267786434380e-16    3.081487911020e-33
    23    8.274592024787e-17    0.000000000000e+00
    24    3.358301745779e-17    5.777789833162e-34
    25    2.733667997161e-18   -9.629649721936e-35
    26   -1.312894597736e-19    0.000000000000e+00
    27    5.032870906859e-20    6.018531076210e-36
    28    1.647892785019e-21   -3.009265538105e-36
    29   -2.281648990479e-21   -3.761581922631e-37
    30   -5.270144491121e-22    4.701977403289e-38
    31    2.096654370856e-22   -3.673419846320e-39
    32    7.481239423358e-23   -2.938735877056e-39
    33    3.375698475002e-22    0.000000000000e+00
    34    1.234700931987e-21    9.403954806578e-38
    35    3.556498875823e-21    0.000000000000e+00
    36    1.488072188803e-20   -7.523163845263e-37
    37    3.015746831571e-20   -2.256949153579e-36
    38   -2.939269613231e-20   -3.009265538105e-36
    39   -4.390992806727e-19    0.000000000000e+00
    40    5.390675802530e-19    0.000000000000e+00
    41    3.905464878957e-18   -1.540743955510e-33
    42    2.068005454291e-17    0.000000000000e+00
    43    8.433757598373e-17    6.162975822039e-33
    44    1.217075071259e-15   -4.930380657631e-32
    45    5.126529868725e-15    9.860761315263e-32
    46    1.512597223494e-14    0.000000000000e+00
    47    5.895493877684e-14    0.000000000000e+00
    48    2.759193316065e-13    6.310887241768e-30
    49    4.146282221032e-13    7.573064690122e-29
    50   -3.867428508192e-12    0.000000000000e+00
    51   -2.780189387603e-11   -2.423380700839e-27
    52   -8.556850244676e-11    1.292469707114e-26
    53    4.194533279496e-10   -1.033975765691e-25
    54    2.833606860817e-09    0.000000000000e+00
    55    1.216086028374e-08    4.135903062765e-25
    56    5.503387684988e-08   -1.654361225106e-24
    57    6.141526988779e-07    1.654361225106e-23
    58    6.053850600860e-06    2.646977960170e-23
    59    4.619810552910e-05   -2.646977960170e-23
    60    4.756054499989e-04    0.000000000000e+00
    61    4.353078364424e-03    2.710505431214e-20
    62    4.300879500937e-02    3.252606517457e-19
    63    4.934795671678e-01   -8.673617379884e-19
