     0    1.134148769542e+01    1.387778780781e-17
     1    5.099098674075e-01   -1.734723475977e-18
     2    4.987447657780e-02    2.168404344971e-19
     3    5.131057755371e-03    0.000000000000e+00
     4    6.733562544818e-04    5.082197683526e-21
     5    8.974059726913e-05   -2.646977960170e-23
     6    1.070452695123e-05   -9.926167350636e-24
     7    1.666400424709e-06   -1.654361225106e-23
     8    3.925664622148e-07    0.000000000000e+00
     9    5.305471519404e-08    5.169878828456e-26
    10    8.008925998750e-09    1.292469707114e-26
    11    1.989432038250e-09    2.261821987450e-26
    12    3.079978303617e-10    4.038967834732e-28
    13    3.761985642790e-11   -1.312664546288e-27
    14    6.746609060416e-12    3.029225876049e-28
    15    2.200335261941e-12    7.573064690122e-29
    16    4.978113691717e-13   -1.893266172530e-29
    17    6.898352099863e-14   -3.944304526105e-31
    18    9.770030668997e-15    2.958228394579e-31
    19    2.913419181214e-15    9.860761315263e-32
    20    1.624097858171e-15    1.232595164408e-32
    21    2.936886644142e-16    0.000000000000e+00
    22   -1.234022925730e-17    0.000000000000e+00
    23   -1.703362664614e-17   -5.777789833162e-34
    24   -4.397085410988e-18   -9.629649721936e-35
    25    2.881018679230e-19    1.203706215242e-35
    26    1.110272377366e-19   -6.018531076210e-36
    27   -3.447582464706e-21    1.504632769053e-36
    28   -2.493858494647e-21    7.523163845263e-37
    29   -1.515617069988e-21   -7.052966104934e-38
    30    5.947866621475e-22    8.816207631167e-38
    31    2.714198914151e-23    5.142787784848e-39
    32   -3.434256778142e-24   -1.469367938528e-39
    33    1.958228578374e-22    1.469367938528e-39
    34    9.641966383540e-22   -7.346839692639e-38
    35    6.520549815609e-22    1.880790961316e-37
    36    2.113236959339e-21    0.000000000000e+00
    37   -2.129822228114e-21    5.266214691684e-36
    38    1.224632053633e-19   -7.523163845263e-36
    39    5.423407689967e-19    3.611118645726e-35
    40   -7.788265571341e-18    2.888894916581e-34
    41   -4.957674977598e-17   -3.851859888774e-33
    42   -3.104527017900e-16    3.081487911020e-33
    43   -3.233797089472e-16    0.000000000000e+00
    44    2.166641847866e-18    0.000000000000e+00
    45    6.165896043221e-15    9.860761315263e-32
    46    2.991886359195e-15    1.972152263053e-30
    47   -4.387284687927e-14   -3.155443620884e-30
    48   -3.188893502396e-13   -5.679798517591e-29
    49    6.087987596172e-13    2.524354896707e-29
    50    3.620891586586e-12   -1.009741958683e-27
    51    1.664304367288e-11    1.615587133893e-27
    52    1.381940464681e-10    6.462348535571e-27
    53    1.537024144988e-09    0.000000000000e+00
    54    1.162331855217e-08    0.000000000000e+00
    55    5.945283595534e-08    0.000000000000e+00
    56    3.599875651602e-07    1.654361225106e-23
    57    2.283901347076e-06    0.000000000000e+00
    58    9.541266427090e-06    0.000000000000e+00
    59    5.227257233683e-05    5.293955920339e-23
    60    6.135323321962e-04   -4.658681209899e-21
    61    6.083937838752e-03    3.388131789017e-21
    62    4.955153460707e-02    1.084202172486e-19
    63    5.127923878475e-01   -5.421010862428e-19
