     0    1.142123702576e+01   -1.734723475977e-18
     1    4.977836691767e-01    0.000000000000e+00
     2    5.318468510249e-02    1.490777987168e-19
     3    5.496333442532e-03    0.000000000000e+00
     4    5.615239151861e-04   -8.470329472543e-22
     5    8.616873718949e-05    4.235164736272e-22
     6    1.488511069518e-05   -2.646977960170e-23
     7    2.530268432007e-06   -3.308722450212e-23
     8    4.326852640673e-07   -1.654361225106e-24
     9    7.004834162032e-08    0.000000000000e+00
    10    7.905324358964e-09   -2.584939414228e-26
    11    1.099638918400e-09    1.292469707114e-26
    12    1.797768725639e-10   -1.615587133893e-27
    13    4.330416706256e-11    4.038967834732e-28
    14    7.307334509774e-12   -2.019483917366e-28
    15    4.464268117079e-12   -1.009741958683e-28
    16    8.524914790957e-13   -2.524354896707e-29
    17    2.530703187014e-13    6.310887241768e-30
    18    4.610349944908e-14    3.944304526105e-31
    19    4.096396404399e-15    4.930380657631e-32
    20   -4.800947954547e-16    4.930380657631e-32
    21    1.600364777859e-16    0.000000000000e+00
    22   -1.250938636479e-17    4.622231866529e-33
    23   -7.316651264560e-18    7.703719777549e-34
    24   -3.449400104512e-18   -4.333342374871e-34
    25   -3.486210461534e-19    7.222237291452e-35
    26    8.739380786802e-20    6.018531076210e-36
    27    4.308847360599e-22    1.053242938337e-35
    28   -3.886048412422e-21   -7.523163845263e-37
    29    5.889724995331e-21    7.523163845263e-37
    30    1.681721951971e-21    1.880790961316e-37
    31    6.988701366752e-22    3.526483052467e-38
    32    9.689856924738e-23   -3.673419846320e-39
    33    6.454355438357e-22    2.350988701645e-38
    34    1.165641817326e-21   -9.403954806578e-38
    35    1.154836756246e-21    3.761581922631e-37
    36    9.654865591541e-22    1.128474576789e-36
    37    1.004801937752e-21    6.018531076210e-36
    38   -3.248330617486e-20    0.000000000000e+00
    39    1.299729009048e-19   -6.018531076210e-35
    40    4.828997450488e-19   -9.629649721936e-35
    41   -1.313708191127e-17    2.311115933265e-33
    42   -4.281724677845e-17    0.000000000000e+00
    43   -5.800124147898e-17    0.000000000000e+00
    44   -2.129047113066e-16    4.930380657631e-32
    45    3.922919155686e-16   -2.958228394579e-31
    46   -1.406715290906e-17    1.084683744679e-30
    47   -1.347321273268e-14    7.888609052210e-31
    48    1.781894561936e-14    1.262177448354e-29
    49    3.023427970183e-13   -9.466330862652e-29
    50    2.054109134708e-12    1.262177448354e-28
    51    1.069877917583e-11   -1.615587133893e-27
    52    1.528016670857e-10    4.846761401678e-27
    53    7.529267179645e-10   -1.292469707114e-26
    54    3.802717036038e-09    0.000000000000e+00
    55    2.941599519339e-08   -3.101927297074e-25
    56    2.595519976157e-07    0.000000000000e+00
    57    1.634491077481e-06   -1.654361225106e-23
    58    1.092872099379e-05   -5.293955920339e-23
    59    6.804316970342e-05    1.058791184068e-22
    60    5.684990777608e-04   -1.694065894509e-21
    61    5.413715421513e-03    4.404571325722e-20
    62    5.368405097070e-02   -7.047314121156e-19
    63    5.717898144011e-01   -3.252606517457e-19
