     0    1.187442095834e+01    1.387778780781e-17
     1    5.119677628213e-01    2.602085213965e-18
     2    4.648308372564e-02   -1.084202172486e-19
     3    4.670921927453e-03    3.388131789017e-21
     4    5.481944341297e-04   -2.964615315390e-21
     5    8.004585610277e-05    0.000000000000e+00
     6    7.141834043506e-06    0.000000000000e+00
     7    9.008768926884e-07   -1.323488980085e-23
     8    1.023298854806e-07    6.617444900424e-24
     9    1.378577648049e-08   -2.067951531383e-24
    10    8.365852629863e-10   -5.169878828456e-26
    11    1.884102431219e-11    0.000000000000e+00
    12   -3.470824582337e-11   -1.615587133893e-27
    13   -5.990376614960e-12    1.615587133893e-27
    14   -3.409946816401e-12   -4.038967834732e-28
    15   -1.082803223235e-12   -1.767048427695e-28
    16   -2.747538799141e-13   -1.262177448354e-29
    17   -6.522037922281e-14   -4.733165431326e-30
    18   -9.585497447510e-15    0.000000000000e+00
    19   -3.118403688595e-15    0.000000000000e+00
    20   -2.949626994482e-15   -1.972152263053e-31
    21   -5.406676320559e-16    0.000000000000e+00
    22   -9.327913486602e-17   -1.540743955510e-32
    23   -3.622423570392e-17    0.000000000000e+00
    24   -3.881577119585e-18    1.925929944387e-34
    25   -3.459036653884e-19    0.000000000000e+00
    26   -3.939702704085e-19   -1.203706215242e-35
    27   -1.119508861973e-19   -3.611118645726e-35
    28   -7.964735088563e-20    3.009265538105e-36
    29   -1.431649829952e-20   -7.523163845263e-37
    30   -2.743270712644e-21   -1.880790961316e-37
    31   -9.380567437389e-22    4.701977403289e-38
    32   -7.277383204026e-22    2.350988701645e-38
    33   -8.335580056497e-22    2.938735877056e-39
    34   -9.444239964300e-22   -9.403954806578e-38
    35   -6.349502613366e-21    9.403954806578e-37
    36    1.590476954993e-21    1.504632769053e-36
    37    2.126148267084e-20   -6.018531076210e-36
    38    1.540670225870e-19    0.000000000000e+00
    39   -5.229633713061e-19    4.814824860968e-35
    40   -2.522173991658e-18    9.629649721936e-35
    41   -7.056904054141e-18    0.000000000000e+00
    42   -4.039220554667e-18   -1.540743955510e-33
    43   -5.826033829547e-17    1.232595164408e-32
    44   -3.552011231857e-16    2.465190328816e-32
    45   -2.143100845336e-15    1.479114197289e-31
    46   -5.928622410707e-15    0.000000000000e+00
    47   -6.455555469882e-14    0.000000000000e+00
    48   -1.844518127590e-13    2.524354896707e-29
    49   -5.961335297711e-13    5.048709793414e-29
    50   -3.725557292018e-12   -1.009741958683e-28
    51   -1.971225911847e-11    4.038967834732e-28
    52   -4.604374532232e-11   -3.231174267785e-27
    53    1.121284917864e-10    0.000000000000e+00
    54    1.899971420979e-09    0.000000000000e+00
    55    2.193445405589e-08   -8.271806125530e-25
    56    1.756094686433e-07   -1.654361225106e-24
    57    1.268446112967e-06   -1.323488980085e-23
    58    9.719678208172e-06    5.293955920339e-23
    59    8.522537594369e-05   -4.235164736272e-22
    60    5.848224392593e-04    3.388131789017e-21
    61    5.112671125478e-03    2.710505431214e-20
    62    5.400763938223e-02    4.336808689942e-19
    63    5.611585285629e-01    3.469446951954e-18
