     0    1.147477741815e+01   -2.081668171172e-17
     1    5.437960969030e-01   -4.336808689942e-19
     2    5.685348596668e-02   -5.421010862428e-20
     3    5.904452168034e-03    0.000000000000e+00
     4    6.794835205127e-04   -1.694065894509e-21
     5    6.462084713994e-05    0.000000000000e+00
     6    8.332052999521e-06   -2.117582368136e-22
     7    1.334005437351e-06   -7.940933880509e-23
     8    1.907458746768e-07   -1.323488980085e-23
     9    2.174798266606e-08   -1.654361225106e-24
    10    4.253361437516e-09   -2.067951531383e-25
    11    2.379531091192e-09    7.754818242685e-26
    12    3.234513603315e-10   -3.877409121342e-26
    13    1.168639722353e-10   -1.292469707114e-26
    14    2.012145451205e-11    1.130910993725e-26
    15    6.619394723061e-12    1.211690350419e-27
    16    1.537594683363e-12    2.019483917366e-28
    17    8.831890319877e-14    1.514612938024e-28
    18    5.135026189321e-14   -1.262177448354e-29
    19    1.831135261971e-14    3.944304526105e-31
    20    4.451037431042e-15    0.000000000000e+00
    21    4.311582564456e-16    0.000000000000e+00
    22   -3.064856929031e-17    3.697785493223e-32
    23   -2.908227145668e-17   -7.703719777549e-34
    24    9.884020010494e-19    0.000000000000e+00
    25   -1.057396970180e-18   -1.925929944387e-34
    26   -1.771003998866e-19    9.629649721936e-35
    27   -6.700766169250e-20    0.000000000000e+00
    28   -9.547733592633e-21    1.504632769053e-36
    29   -1.922018935596e-21   -3.761581922631e-37
    30   -7.724967898948e-22   -3.761581922631e-37
    31    2.997615971431e-22   -1.410593220987e-37
    32   -7.535328371630e-23   -4.701977403289e-38
    33   -1.008453891361e-21    0.000000000000e+00
    34    3.133594602592e-22    4.701977403289e-38
    35    1.240626102860e-21    0.000000000000e+00
    36    2.251823093227e-20   -3.009265538105e-36
    37    1.782760212113e-19    6.018531076210e-36
    38    2.513557567188e-19    0.000000000000e+00
    39   -1.406101441531e-18   -9.629649721936e-35
    40   -8.620128312888e-18    5.777789833162e-34
    41   -2.085760069804e-17    0.000000000000e+00
    42   -1.224949466323e-16   -2.465190328816e-32
    43   -2.588912808539e-16   -4.930380657631e-32
    44   -2.514014714603e-16    0.000000000000e+00
    45    1.464922153661e-14    7.888609052210e-31
    46    3.882753840426e-14   -3.155443620884e-30
    47    9.984169506732e-14    1.262177448354e-29
    48   -2.885413288804e-13    2.524354896707e-29
    49   -1.908185273082e-12    3.281661365719e-28
    50   -6.167422405203e-12    8.077935669463e-28
    51    5.236608163537e-12    0.000000000000e+00
    52    4.954191804182e-11    3.231174267785e-27
    53    6.958358648443e-10    1.033975765691e-25
    54    5.589363852249e-09    3.101927297074e-25
    55    4.987551836236e-08   -2.067951531383e-25
    56    3.473479507554e-07    0.000000000000e+00
    57    2.259462336382e-06   -6.617444900424e-24
    58    1.491098862199e-05    0.000000000000e+00
    59    7.697808871160e-05   -1.058791184068e-22
    60    4.869861449201e-04    5.082197683526e-21
    61    4.523296824005e-03    2.710505431214e-20
    62    4.645309466909e-02    0.000000000000e+00
    63    5.212399625272e-01   -1.734723475977e-18
