     0    1.177986369480e+01    0.000000000000e+00
     1    5.130209494849e-01    0.000000000000e+00
     2    4.639041150361e-02    2.168404344971e-19
     3    4.675742977562e-03    1.355252715607e-20
     4    5.102483960365e-04   -8.470329472543e-22
     5    6.575888673315e-05   -3.176373552204e-22
     6    9.197579950173e-06    5.293955920339e-23
     7    1.066416146327e-06    1.323488980085e-23
     8    1.705811335700e-07    6.203854594148e-25
     9    2.308847483869e-08    2.067951531383e-25
    10    4.375233101569e-09   -5.169878828456e-26
    11    8.367437684107e-10    2.584939414228e-26
    12    1.257666181827e-10   -1.292469707114e-26
    13    2.985995520302e-11   -8.077935669463e-28
    14   -1.232830625811e-12    1.009741958683e-28
    15   -1.098269871156e-12    3.786532345061e-29
    16   -3.281261833870e-13    9.466330862652e-30
    17   -5.043277162805e-14   -3.155443620884e-30
    18   -1.003884262950e-14    1.380506584137e-30
    19   -5.805966895956e-16   -1.109335647967e-31
    20   -4.530091835612e-16    0.000000000000e+00
    21    1.124221914417e-16   -2.465190328816e-32
    22   -1.686259528431e-17    5.392603844284e-33
    23    9.594821809978e-18    1.155557966632e-33
    24    1.209370925253e-18    3.611118645726e-34
    25   -2.409271485898e-19   -1.203706215242e-34
    26    1.420189272054e-19    4.513898307158e-36
    27    5.697508664106e-20    1.504632769053e-36
    28    5.973076665691e-21    0.000000000000e+00
    29   -7.352538597361e-21    9.403954806578e-37
    30   -3.649666828708e-21    4.701977403289e-38
    31   -8.557379917974e-22   -7.052966104934e-38
    32   -1.791143325846e-21    0.000000000000e+00
    33   -6.544286510643e-21    1.410593220987e-37
    34    8.090851245235e-22    1.880790961316e-37
    35   -3.083998318075e-20   -9.403954806578e-38
    36   -3.901164698150e-21    1.128474576789e-36
    37   -5.450630403572e-19    1.805559322863e-35
    38   -1.183894543390e-18   -3.310192091916e-35
    39   -3.529553656373e-18   -2.287041808960e-34
    40    2.772609439467e-18   -1.925929944387e-34
    41   -6.040281177191e-17   -7.703719777549e-34
    42   -2.438748667527e-16   -1.232595164408e-32
    43   -1.697216432355e-16   -6.162975822039e-32
    44    9.542804448443e-16   -1.294224922628e-31
    45    2.894015143050e-15   -3.944304526105e-31
    46    5.776904924189e-14   -1.183291357832e-30
    47    5.791982378461e-14    3.155443620884e-30
    48    2.362096620220e-13    5.048709793414e-29
    49    4.714893567391e-12   -1.009741958683e-28
    50    4.027600059304e-11   -4.038967834732e-28
    51    1.844321868134e-10   -1.615587133893e-27
    52    8.478246878734e-10    0.000000000000e+00
    53    1.741122926032e-09    1.292469707114e-25
    54    5.782153548644e-09    2.843433355651e-25
    55    2.038703808444e-08   -8.271806125530e-25
    56    1.612053563935e-07    4.963083675318e-24
    57    9.094597252906e-07   -1.323488980085e-23
    58    7.582352146481e-06    0.000000000000e+00
    59    6.907401426126e-05    0.000000000000e+00
    60    6.270332986284e-04    0.000000000000e+00
    61    6.059940895862e-03    2.710505431214e-20
    62    6.302708792759e-02    0.000000000000e+00
    63    5.912521515777e-01    0.000000000000e+00
