     0    1.176775904726e+01    2.081668171172e-17
     1    5.401702034691e-01    0.000000000000e+00
     2    5.187051965785e-02    1.084202172486e-19
     3    4.439580152808e-03    1.355252715607e-20
     4    4.963015596168e-04    2.541098841763e-21
     5    7.122775211984e-05   -1.058791184068e-22
     6    9.060941519144e-06    3.970466940255e-23
     7    1.037622148179e-06    8.271806125530e-25
     8    1.886825777510e-07   -2.067951531383e-24
     9    3.630314804885e-08    5.169878828456e-25
    10    7.303440627338e-09    0.000000000000e+00
    11    8.734830819456e-10    2.584939414228e-26
    12    1.607887725768e-10    0.000000000000e+00
    13    1.692827057086e-11    0.000000000000e+00
    14   -3.094745459646e-12   -1.767048427695e-28
    15   -8.932830411612e-13    1.262177448354e-29
    16   -4.745260556016e-13    2.208810534619e-29
    17   -2.494439134177e-13   -1.262177448354e-29
    18   -2.256080960456e-14   -1.577721810442e-30
    19   -1.176605615282e-14    0.000000000000e+00
    20   -2.395457109598e-15   -4.930380657631e-32
    21   -5.788174142021e-16    1.232595164408e-32
    22   -1.430459032952e-16   -6.162975822039e-33
    23   -4.269452827990e-17   -7.703719777549e-34
    24   -7.795258446171e-18    0.000000000000e+00
    25   -3.059577234415e-18    1.203706215242e-35
    26   -3.953795990101e-19    2.708338984295e-35
    27   -4.531350146610e-20   -2.256949153579e-36
    28   -1.742915630994e-20    3.761581922631e-37
    29   -4.328180819990e-21   -7.052966104934e-38
    30   -8.696225844858e-22    9.403954806578e-38
    31    1.883906356572e-22    2.350988701645e-38
    32    4.086887461851e-22   -2.350988701645e-38
    33   -1.060888458176e-21    0.000000000000e+00
    34    5.854987375839e-21   -1.316553672921e-36
    35    1.227518944787e-20   -4.513898307158e-36
    36    6.439594461472e-20    6.018531076210e-36
    37    2.102822858781e-19    3.611118645726e-35
    38    1.069891454452e-18   -1.203706215242e-35
    39    4.125683466451e-18   -2.888894916581e-34
    40    2.239081968210e-17   -1.540743955510e-33
    41    9.214763996677e-17   -1.232595164408e-32
    42    4.810412072982e-16    0.000000000000e+00
    43    1.186507805520e-15   -9.860761315263e-32
    44    7.054665355912e-15    3.944304526105e-31
    45    2.200285034868e-14    7.888609052210e-31
    46    1.042222321163e-13    0.000000000000e+00
    47    3.887190459939e-13    0.000000000000e+00
    48    5.128256859621e-13    0.000000000000e+00
    49   -8.458811422159e-13   -3.786532345061e-28
    50    5.193799919870e-12    0.000000000000e+00
    51    5.179739657884e-11   -6.462348535571e-27
    52    1.885129453666e-10    0.000000000000e+00
    53    1.504476399744e-09    0.000000000000e+00
    54    5.756927950916e-09   -4.135903062765e-25
    55    2.527518446087e-08    0.000000000000e+00
    56    1.516000511683e-07    0.000000000000e+00
    57    8.409987514354e-07    0.000000000000e+00
    58    6.205448997161e-06    0.000000000000e+00
    59    5.724440709588e-05    0.000000000000e+00
    60    5.259184893018e-04   -1.694065894509e-21
    61    5.613435458549e-03   -6.776263578034e-21
    62    5.151440106111e-02    5.421010862428e-20
    63    5.346675935523e-01   -1.734723475977e-18
