     0    1.179677695895e+01   -1.734723475977e-18
     1    5.235592183433e-01   -8.673617379884e-19
     2    4.625605736295e-02   -1.084202172486e-19
     3    4.967911057240e-03    3.388131789017e-21
     4    5.464453347600e-04    0.000000000000e+00
     5    6.493698728216e-05    0.000000000000e+00
     6    1.154904929325e-05    0.000000000000e+00
     7    1.501415963213e-06    0.000000000000e+00
     8    2.612300934268e-07    0.000000000000e+00
     9    3.869348755471e-08    2.067951531383e-25
    10    7.809312040923e-09    0.000000000000e+00
    11    1.593951396154e-09    2.584939414228e-26
    12    3.040342556991e-10    0.000000000000e+00
    13    3.656745300209e-11    0.000000000000e+00
    14    6.612977377941e-13    1.009741958683e-28
    15    4.946200229216e-13    0.000000000000e+00
    16    6.736890318269e-14   -4.733165431326e-30
    17    7.593625714823e-15    1.577721810442e-30
    18   -9.364653340110e-15   -3.944304526105e-31
    19   -1.191221022020e-15    9.860761315263e-32
    20    1.499129455834e-16    2.465190328816e-32
    21   -2.204317186455e-17   -6.162975822039e-33
    22    2.205515986915e-17    0.000000000000e+00
    23   -2.646921396052e-18   -9.629649721936e-35
    24   -2.375262566007e-18   -9.629649721936e-35
    25   -1.036289341375e-18   -9.629649721936e-35
    26   -1.894358837952e-19   -1.203706215242e-35
    27   -1.664168676015e-20    0.000000000000e+00
    28   -4.012605901784e-21    0.000000000000e+00
    29   -9.289473458445e-22    0.000000000000e+00
    30   -3.175083709772e-22    0.000000000000e+00
    31   -6.259165871430e-23   -1.836709923160e-39
    32   -3.802281059885e-23   -7.346839692639e-40
    33    7.111391223082e-23    0.000000000000e+00
    34    7.041055760377e-23   -1.175494350822e-38
    35    8.679367163796e-22    0.000000000000e+00
    36    2.560389731599e-21   -3.761581922631e-37
    37    6.795194670517e-21    0.000000000000e+00
    38    1.511910183965e-20    1.504632769053e-36
    39   -1.069904786108e-19    4.814824860968e-35
    40   -1.503982878753e-19   -3.611118645726e-35
    41    4.424954334260e-18    3.851859888774e-34
    42    1.346278897103e-17    1.925929944387e-33
    43    5.657934868156e-17    2.311115933265e-33
    44    2.631873736151e-16   -1.078520768857e-32
    45    4.072159048031e-17    4.930380657631e-32
    46   -5.405700561162e-15    1.972152263053e-31
    47   -1.584231396814e-14   -7.888609052210e-31
    48    1.390334052591e-14    3.155443620884e-30
    49   -2.370366583995e-13   -6.310887241768e-30
    50    2.061489664726e-12    2.903008131213e-28
    51    2.535981318900e-11    1.009741958683e-28
    52    1.316737876666e-10   -4.038967834732e-27
    53    5.300441597277e-10   -2.584939414228e-26
    54    2.534646887683e-09    1.033975765691e-25
    55    1.415680027171e-08    4.135903062765e-25
    56    7.922471891548e-08   -1.654361225106e-24
    57    6.184055144423e-07   -1.985233470127e-23
    58    5.825520435596e-06    0.000000000000e+00
    59    4.525452552161e-05    4.235164736272e-22
    60    4.094950538292e-04    2.541098841763e-21
    61    4.499925931159e-03    1.524659305058e-20
    62    5.410155990790e-02   -1.626303258728e-19
    63    5.320522511367e-01    2.818925648462e-18
