     0    1.155169151592e+01    1.387778780781e-17
     1    5.043002356649e-01    8.673617379884e-19
     2    4.949354878083e-02    0.000000000000e+00
     3    5.029279092774e-03    0.000000000000e+00
     4    4.574606567676e-04    3.388131789017e-21
     5    6.691497853373e-05    0.000000000000e+00
     6    9.737508776228e-06   -1.058791184068e-22
     7    1.000821236357e-06    0.000000000000e+00
     8    2.373612265540e-07    0.000000000000e+00
     9    3.312796217215e-08    8.271806125530e-25
    10    6.033940670633e-09    1.033975765691e-25
    11    9.633095100831e-10    5.169878828456e-26
    12    1.910866433124e-10   -1.615587133893e-27
    13    9.021058159507e-12    2.423380700839e-27
    14   -3.656594296692e-13    2.019483917366e-28
    15   -1.164532771357e-12   -4.543838814073e-28
    16   -1.028543344160e-12   -2.335028279454e-28
    17   -2.277205935241e-13    0.000000000000e+00
    18   -2.322041407201e-14   -1.577721810442e-30
    19    3.350925680334e-15   -5.916456789158e-31
    20    6.343878887051e-17    8.628166150855e-32
    21   -3.527274982708e-16    2.465190328816e-32
    22   -5.052129330526e-17    6.162975822039e-33
    23   -4.240552644016e-17    7.703719777549e-34
    24   -1.337700118074e-17   -3.851859888774e-34
    25   -1.231963767380e-18   -9.629649721936e-35
    26   -1.509412089014e-19    1.805559322863e-35
    27    2.450654598225e-20   -6.018531076210e-36
    28   -6.048682505876e-22    0.000000000000e+00
    29   -6.241040423622e-21   -1.880790961316e-37
    30   -1.477425197597e-21   -4.701977403289e-38
    31   -2.696575834209e-22    0.000000000000e+00
    32   -3.219366451348e-23    5.877471754111e-39
    33    1.812939248864e-23   -5.877471754111e-39
    34    5.221400359620e-22    2.350988701645e-38
    35    3.177139697689e-21   -9.403954806578e-38
    36    4.342886141251e-20    1.504632769053e-36
    37    1.140121885572e-19   -3.009265538105e-36
    38   -2.496704468738e-20    1.203706215242e-35
    39   -1.303597569145e-19    4.814824860968e-35
    40    3.215990837050e-18   -5.777789833162e-34
    41    8.055523799594e-19   -1.540743955510e-33
    42    1.694328682695e-17    3.466673899897e-33
    43    2.547563594590e-17    0.000000000000e+00
    44   -1.288952994361e-16   -3.697785493223e-32
    45    3.631572306222e-17    0.000000000000e+00
    46    6.198508526294e-15    0.000000000000e+00
    47    5.076506868028e-15    2.366582715663e-30
    48   -1.464547139066e-13    0.000000000000e+00
    49   -4.586520007570e-13    0.000000000000e+00
    50   -4.071415011038e-13    2.019483917366e-28
    51    2.802577813352e-11    4.038967834732e-28
    52    1.501423099148e-10    3.231174267785e-27
    53    6.411562791441e-10   -1.292469707114e-26
    54    4.186139262281e-09    0.000000000000e+00
    55    2.942500550132e-08    4.135903062765e-25
    56    1.338008429348e-07    0.000000000000e+00
    57    7.369290800635e-07    0.000000000000e+00
    58    6.940786551911e-06    7.940933880509e-23
    59    5.851744000497e-05    4.235164736272e-22
    60    5.245060851274e-04    5.082197683526e-21
    61    5.165555948082e-03    0.000000000000e+00
    62    4.848341845514e-02   -5.421010862428e-20
    63    5.284420045164e-01    0.000000000000e+00
