     0    1.160692956573e+01   -3.469446951954e-18
     1    5.235452700164e-01    2.168404344971e-18
     2    4.984909807662e-02   -2.168404344971e-19
     3    4.773220318032e-03    6.776263578034e-21
     4    5.528570875576e-04    0.000000000000e+00
     5    7.029270109893e-05    2.117582368136e-22
     6    1.058561713951e-05   -1.058791184068e-22
     7    1.631832927674e-06    0.000000000000e+00
     8    2.391863573552e-07    1.654361225106e-24
     9    1.926875035255e-08    0.000000000000e+00
    10    4.952573006349e-09    3.101927297074e-25
    11    1.207332623156e-09   -4.523643974899e-26
    12    8.528662683677e-11    3.231174267785e-27
    13    1.120277766147e-11    3.635071051258e-27
    14   -3.477598513372e-12    1.173825026969e-27
    15   -2.863468153398e-13    5.048709793414e-29
    16    2.731486381329e-13    0.000000000000e+00
    17    8.584479042569e-16    3.155443620884e-30
    18   -2.816842110660e-15   -4.930380657631e-32
    19   -6.807600965392e-16    8.628166150855e-32
    20    3.763314941273e-16    3.081487911020e-32
    21    1.448541237491e-16   -3.081487911020e-33
    22    5.446662974422e-17   -3.851859888774e-34
    23    8.500851227804e-18   -2.888894916581e-34
    24   -1.823196377015e-19    2.407412430484e-35
    25    1.288130586139e-19    0.000000000000e+00
    26    5.700276070807e-21   -3.009265538105e-36
    27   -2.246962967815e-20    7.523163845263e-37
    28   -2.981313964150e-20   -3.761581922631e-37
    29   -3.830981838395e-21    1.410593220987e-37
    30   -7.746137902176e-22   -4.701977403289e-38
    31   -1.324285435318e-22   -8.816207631167e-39
    32    5.846538908870e-23   -2.204051907792e-39
    33   -3.405612319841e-23    7.346839692639e-40
    34   -3.187966314699e-22   -2.938735877056e-39
    35   -1.351869878842e-21    0.000000000000e+00
    36   -5.225692136912e-21    9.403954806578e-38
    37   -2.085891534300e-21   -7.523163845263e-37
    38    8.485935884834e-20   -6.018531076210e-36
    39    4.771763212380e-19    0.000000000000e+00
    40   -4.347299206728e-19   -9.629649721936e-35
    41    7.603837390789e-18    3.851859888774e-34
    42    3.243284805650e-17   -1.155557966632e-33
    43    9.858695360825e-17   -6.933347799794e-33
    44    6.737801909658e-16    2.465190328816e-32
    45    2.637985413467e-15   -1.232595164408e-32
    46    1.108222435267e-14   -1.972152263053e-31
    47    6.584217565156e-14    7.888609052210e-31
    48    2.898884749888e-13    1.262177448354e-29
    49    1.368043335139e-12   -5.048709793414e-29
    50    2.451767640102e-12    2.019483917366e-28
    51   -1.390710273060e-12    0.000000000000e+00
    52    3.054413047975e-11   -1.292469707114e-26
    53    2.861021182539e-10    3.877409121342e-26
    54    2.542176439949e-09    5.169878828456e-26
    55    1.908795683439e-08   -1.033975765691e-25
    56    1.755774015898e-07    0.000000000000e+00
    57    1.017780912799e-06    0.000000000000e+00
    58    7.163072580627e-06    3.308722450212e-23
    59    5.876052049533e-05   -4.235164736272e-22
    60    5.429750530857e-04   -3.388131789017e-21
    61    5.188115074670e-03   -1.355252715607e-20
    62    4.939910734657e-02    3.252606517457e-19
    63    5.107838763312e-01    1.951563910474e-18
