     0    1.147849593018e+01    0.000000000000e+00
     1    5.357760963556e-01   -1.734723475977e-18
     2    5.528828874784e-02    2.168404344971e-19
     3    5.499347012572e-03    2.710505431214e-20
     4    5.974596945952e-04    0.000000000000e+00
     5    6.239289930772e-05   -8.470329472543e-22
     6    7.448794593948e-06    1.058791184068e-22
     7    6.307573231750e-07    0.000000000000e+00
     8    7.139621136602e-08    4.135903062765e-25
     9    1.202779961058e-08   -2.067951531383e-25
    10    2.173440885252e-09    0.000000000000e+00
    11    8.786609089176e-10   -5.169878828456e-26
    12    8.328015510773e-11    1.292469707114e-26
    13    1.568704622525e-11    4.038967834732e-28
    14    2.630855509526e-12    2.019483917366e-28
    15    5.140532701834e-13    5.048709793414e-29
    16    1.162311836086e-13   -1.262177448354e-29
    17    1.054934436354e-14    0.000000000000e+00
    18    3.792226018904e-15   -3.155443620884e-30
    19    1.145844684125e-15   -2.958228394579e-31
    20   -4.927164603980e-16   -6.162975822039e-33
    21   -2.917931832420e-16    3.851859888774e-33
    22   -1.116977687139e-16    6.162975822039e-33
    23   -2.388289893115e-17    2.311115933265e-33
    24   -5.635186719122e-18   -7.703719777549e-34
    25    1.521754468836e-18    0.000000000000e+00
    26    1.401879210529e-19   -2.407412430484e-35
    27   -8.276118751754e-21    3.009265538105e-36
    28    5.195417270643e-21   -3.009265538105e-36
    29    1.369403718906e-21   -2.821186441973e-37
    30    3.828312117951e-22    2.350988701645e-38
    31    1.287987919264e-23   -5.289724578700e-38
    32   -8.466421817337e-23   -1.469367938528e-38
    33   -3.191799434210e-22   -2.350988701645e-38
    34   -1.206050319216e-21   -3.526483052467e-38
    35    2.965747274104e-21    0.000000000000e+00
    36    1.959469104207e-21    1.880790961316e-37
    37    1.994946033489e-20    3.009265538105e-36
    38    1.079051528868e-19   -1.203706215242e-35
    39   -1.241664267149e-19    4.814824860968e-35
    40    3.655741123729e-18    1.925929944387e-34
    41    1.695555348236e-17    0.000000000000e+00
    42    8.554961844894e-17    0.000000000000e+00
    43    2.731742018231e-16    1.232595164408e-32
    44    4.086578720417e-16   -9.860761315263e-32
    45    6.244788755895e-16   -7.888609052210e-31
    46    6.230524076073e-15    0.000000000000e+00
    47    2.106220676494e-14   -1.893266172530e-29
    48    3.061629760360e-13    5.048709793414e-29
    49    1.850687793774e-12    0.000000000000e+00
    50    6.494813110890e-12    0.000000000000e+00
    51    2.683369247226e-11    0.000000000000e+00
    52    7.352462337364e-11    2.584939414228e-26
    53   -1.588812479360e-10    0.000000000000e+00
    54    2.311820914470e-09   -1.550963648537e-25
    55    1.640676334005e-08    4.135903062765e-25
    56    1.463196367217e-07    0.000000000000e+00
    57    1.168233734473e-06   -3.970466940255e-23
    58    8.397439332349e-06    0.000000000000e+00
    59    6.928226694075e-05    0.000000000000e+00
    60    6.057868808299e-04    8.470329472543e-21
    61    5.533246320368e-03   -1.355252715607e-20
    62    5.221991310602e-02    5.421010862428e-20
    63    5.541744413056e-01   -9.757819552370e-19
