     0    1.133538279509e+01    3.469446951954e-18
     1    4.913616168002e-01   -1.246832498358e-18
     2    4.879116385753e-02   -2.710505431214e-20
     3    4.980276959384e-03    0.000000000000e+00
     4    5.494413533303e-04    3.388131789017e-21
     5    6.559265401017e-05    4.235164736272e-22
     6    9.223349380512e-06    5.293955920339e-23
     7    1.556067438735e-06    2.646977960170e-23
     8    2.691341935067e-07    8.685396431807e-24
     9    2.485986958148e-08   -8.271806125530e-25
    10    5.918131944930e-09    2.067951531383e-25
    11    2.776457415702e-09   -1.033975765691e-25
    12    1.040885247773e-09   -5.169878828456e-26
    13    2.716455364467e-10   -9.693522803356e-27
    14    4.127820313440e-11   -1.615587133893e-27
    15    8.309810277911e-12    2.019483917366e-28
    16    3.957356769470e-13    1.009741958683e-28
    17    2.055279538453e-13   -2.839899258796e-29
    18    2.689512944445e-14    0.000000000000e+00
    19    2.980308842579e-15    3.944304526105e-31
    20    8.296272998103e-16   -9.860761315263e-32
    21   -3.523281022087e-16   -1.972152263053e-31
    22   -9.739168855220e-17    0.000000000000e+00
    23   -6.820228492266e-18   -6.162975822039e-33
    24    3.809023663128e-18    7.703719777549e-34
    25    1.086652597377e-18    7.222237291452e-35
    26   -1.754610627414e-19    0.000000000000e+00
    27   -2.917749529848e-21   -1.504632769053e-36
    28   -1.656164562713e-20    3.009265538105e-36
    29   -1.034777611744e-20   -1.128474576789e-36
    30   -2.872829902558e-21    9.403954806578e-38
    31   -5.147508554930e-22    0.000000000000e+00
    32   -8.254959712252e-23   -1.175494350822e-38
    33    6.103030461500e-23   -1.763241526233e-38
    34    1.989607015427e-23    1.763241526233e-38
    35   -6.788487444458e-22    0.000000000000e+00
    36   -2.558220594143e-21   -9.403954806578e-38
    37    2.860355257417e-21   -1.504632769053e-36
    38    1.308187139568e-20    3.009265538105e-36
    39   -5.834478038196e-20   -6.018531076210e-36
    40   -2.730575975540e-19    1.203706215242e-35
    41   -4.922803108664e-18   -4.814824860968e-35
    42   -2.997257241466e-17    0.000000000000e+00
    43   -1.305528329668e-16    9.244463733059e-33
    44    2.602840615980e-17    2.465190328816e-32
    45    3.695233608982e-16    4.930380657631e-32
    46   -2.118530566303e-14   -4.437342591868e-31
    47    2.895928590135e-14   -2.366582715663e-30
    48    4.785074307913e-14    6.310887241768e-30
    49    5.451528964524e-13   -5.048709793414e-29
    50    5.088311539382e-12    0.000000000000e+00
    51    6.420678029327e-11    1.615587133893e-27
    52    3.828511812697e-10    0.000000000000e+00
    53    2.234533294865e-09    5.169878828456e-26
    54    7.451115591980e-09    0.000000000000e+00
    55    4.561609680877e-08   -2.481541837659e-24
    56    2.486429937714e-07    0.000000000000e+00
    57    1.124917183377e-06   -1.323488980085e-23
    58    7.615731899810e-06    0.000000000000e+00
    59    5.675743898307e-05   -4.235164736272e-22
    60    5.495325119461e-04    0.000000000000e+00
    61    5.474030255203e-03    8.809142651445e-20
    62    5.197408062634e-02   -1.084202172486e-19
    63    5.197216158339e-01   -3.469446951954e-18
