     0    1.137990956593e+01    6.938893903907e-18
     1    4.864472710370e-01    4.336808689942e-19
     2    4.653437457704e-02   -3.659182332139e-19
     3    4.478458880699e-03   -1.016439536705e-20
     4    5.206927969450e-04   -7.623296525289e-21
     5    5.432343794607e-05   -6.352747104407e-22
     6    6.114687365008e-06   -1.323488980085e-23
     7    9.549693107321e-07   -8.271806125530e-24
     8    1.471611511997e-07    1.240770918830e-24
     9    2.106021688432e-08   -1.033975765691e-25
    10    3.877802138342e-09    1.615587133893e-25
    11    5.306368038235e-10   -1.615587133893e-26
    12    9.432046345590e-11    0.000000000000e+00
    13    2.095013163977e-11    0.000000000000e+00
    14    7.680549803462e-12    1.009741958683e-28
    15    2.372649891060e-12    7.573064690122e-29
    16    6.769676991915e-15    6.310887241768e-30
    17   -2.409032906254e-14    1.577721810442e-30
    18   -6.189105587582e-15   -7.888609052210e-31
    19   -1.221887031931e-15    4.930380657631e-32
    20    1.809644907055e-16   -6.162975822039e-33
    21    3.752693285726e-17   -1.540743955510e-33
    22    7.014098911016e-18    1.925929944387e-34
    23    2.903061337251e-18   -1.925929944387e-34
    24    7.923042941062e-19   -1.203706215242e-35
    25    7.042591106022e-20    1.203706215242e-35
    26    2.384584320733e-20   -1.504632769053e-36
    27    7.238542857424e-21   -9.874152546907e-37
    28    3.226696812191e-21   -2.821186441973e-37
    29    8.502417310463e-22   -5.877471754111e-39
    30   -3.955610842560e-23    0.000000000000e+00
    31    8.583133104824e-23    1.469367938528e-39
    32   -4.383992993164e-24   -7.346839692639e-40
    33   -4.674145665388e-23   -5.877471754111e-39
    34   -1.914526322721e-22    2.350988701645e-38
    35   -2.162343407517e-21    0.000000000000e+00
    36   -1.199656253311e-20   -3.761581922631e-37
    37   -3.699330988888e-20    0.000000000000e+00
    38   -1.198735831872e-19    0.000000000000e+00
    39   -2.247810308828e-19   -2.407412430484e-35
    40    1.368249336588e-19    9.629649721936e-35
    41   -3.103845835862e-18    4.814824860968e-35
    42   -1.098335083189e-17    3.851859888774e-34
    43   -1.273818358945e-17   -6.162975822039e-33
    44   -5.262086772967e-16   -2.465190328816e-32
    45   -1.266997703100e-15    1.479114197289e-31
    46   -9.022032181141e-15    0.000000000000e+00
    47   -4.492943320592e-14    0.000000000000e+00
    48    2.997224170513e-13    5.048709793414e-29
    49    1.210680261286e-12   -1.009741958683e-28
    50    4.840893655663e-12   -2.019483917366e-28
    51    1.152138485650e-11    0.000000000000e+00
    52    7.746201951787e-11   -6.462348535571e-27
    53    6.934511363037e-10    0.000000000000e+00
    54    3.253749031325e-09   -1.033975765691e-25
    55    1.644123862010e-08    2.067951531383e-25
    56    1.031473479498e-07    0.000000000000e+00
    57    9.551555328681e-07   -1.323488980085e-23
    58    7.111862701539e-06    5.293955920339e-23
    59    6.402630218206e-05   -4.235164736272e-22
    60    5.586712327236e-04   -3.388131789017e-21
    61    5.098995988035e-03    1.355252715607e-20
    62    5.241349299995e-02    8.131516293641e-20
    63    5.061709377877e-01    1.084202172486e-18
