     0    1.116920152426e+01    0.000000000000e+00
     1    5.078059286668e-01    0.000000000000e+00
     2    4.810762721888e-02   -1.084202172486e-19
     3    5.319847006536e-03    6.776263578034e-21
     4    6.592567383339e-04    8.470329472543e-22
     5    6.980371962273e-05   -4.235164736272e-22
     6    8.676957400126e-06   -1.191140082076e-22
     7    1.126497849961e-06   -1.654361225106e-23
     8    9.731306512720e-08   -4.135903062765e-24
     9    1.759059878397e-08   -8.271806125530e-25
    10    4.870985658703e-09    0.000000000000e+00
    11    3.204555044668e-10    2.584939414228e-26
    12   -1.899224926917e-11    0.000000000000e+00
    13   -5.089348261167e-12    0.000000000000e+00
    14   -1.461759367595e-12    1.009741958683e-28
    15   -3.333177081176e-13   -2.524354896707e-29
    16   -5.962217026075e-14   -1.262177448354e-29
    17   -8.780208557299e-15    3.155443620884e-30
    18    1.706206673437e-15   -3.944304526105e-31
    19    3.010088234285e-15   -9.860761315263e-32
    20    6.133948298316e-16   -2.465190328816e-32
    21    1.859958066875e-16   -6.162975822039e-33
    22    4.604471309293e-17    1.540743955510e-33
    23    1.141433987212e-17    1.925929944387e-34
    24    1.909073459599e-18   -2.166671187436e-34
    25    6.321556032018e-19   -9.027796614315e-36
    26    1.903758915694e-19    1.805559322863e-35
    27    4.397099232413e-20    2.068870057447e-36
    28   -4.851339542544e-22    8.698658196085e-37
    29    2.505247618434e-21   -3.761581922631e-37
    30    2.352321863752e-22    0.000000000000e+00
    31    1.056221993912e-22    5.877471754111e-39
    32    1.312333214785e-22   -1.065291755433e-38
    33   -2.458353907720e-23    0.000000000000e+00
    34   -3.401325979083e-23    9.403954806578e-38
    35    5.690936166377e-21    9.403954806578e-38
    36    1.742220955270e-20    5.642372883947e-37
    37   -5.564646325024e-21   -3.009265538105e-36
    38    1.915635210949e-21    0.000000000000e+00
    39    9.714903715003e-19   -9.629649721936e-35
    40    9.620128497981e-18    0.000000000000e+00
    41    1.482770677523e-17    5.777789833162e-34
    42    8.355645967732e-17    0.000000000000e+00
    43    1.964395360585e-16   -2.465190328816e-32
    44    8.141437853812e-16   -3.697785493223e-32
    45    2.483417344992e-15    0.000000000000e+00
    46    5.625257419026e-15    0.000000000000e+00
    47    4.583393426051e-14    0.000000000000e+00
    48    2.816554606624e-13    1.577721810442e-30
    49    4.473364612990e-13    0.000000000000e+00
    50    2.428176986302e-12   -2.019483917366e-28
    51    2.063643288817e-11    4.038967834732e-28
    52    1.208487937851e-10    2.423380700839e-27
    53    9.730583747605e-10    5.169878828456e-26
    54    7.748709038426e-09    1.033975765691e-25
    55    4.210292336325e-08    4.135903062765e-25
    56    2.452208748137e-07    1.654361225106e-24
    57    1.325262637288e-06    1.323488980085e-23
    58    8.949585627974e-06    5.293955920339e-23
    59    7.130960522838e-05   -4.235164736272e-22
    60    5.711934377967e-04   -1.694065894509e-21
    61    5.057925257697e-03   -2.710505431214e-20
    62    4.755934148608e-02    0.000000000000e+00
    63    4.968722286479e-01    4.336808689942e-19
