     0    1.186032113681e+01    6.938893903907e-18
     1    5.846904566281e-01    4.336808689942e-19
     2    5.949746768909e-02    5.421010862428e-20
     3    5.226966607720e-03    2.710505431214e-20
     4    4.901468025578e-04    4.235164736272e-21
     5    4.876144165758e-05   -3.176373552204e-22
     6    5.144411421243e-06    0.000000000000e+00
     7    9.479171115939e-07   -1.985233470127e-23
     8    1.697783226249e-07    4.963083675318e-24
     9    2.487474839842e-08    1.033975765691e-24
    10    3.657736957523e-10    3.360421238497e-25
    11    2.385500863973e-10    2.908056841007e-26
    12    7.395703996884e-11   -9.693522803356e-27
    13    2.808531604191e-11    8.077935669463e-28
    14    1.290171101012e-11    4.038967834732e-28
    15    2.317638491051e-12    2.524354896707e-29
    16    4.639195339225e-13    4.417621069238e-29
    17    6.813011813984e-14    6.310887241768e-30
    18    1.034860828139e-14   -9.860761315263e-32
    19   -9.392827751261e-15   -5.916456789158e-31
    20   -8.098105447374e-17   -2.465190328816e-31
    21    2.752479477463e-16    1.232595164408e-32
    22    6.539159024199e-17   -4.622231866529e-33
    23    1.392076682084e-17    1.155557966632e-33
    24   -5.473690079069e-19    1.925929944387e-34
    25   -3.080126183037e-19    1.203706215242e-35
    26    7.204758888952e-20    0.000000000000e+00
    27    5.599061096928e-21   -1.880790961316e-37
    28    1.669804814302e-21   -6.582768364605e-37
    29   -2.841698710153e-22   -1.880790961316e-37
    30    1.815264666995e-22   -5.583598166406e-38
    31    1.593097052692e-23   -5.877471754111e-39
    32   -6.380899104181e-23   -8.816207631167e-39
    33   -3.733788261607e-22   -1.175494350822e-38
    34   -6.862183672623e-22   -4.701977403289e-38
    35    5.736721175133e-22    0.000000000000e+00
    36    2.227708240713e-21    1.504632769053e-36
    37    1.643988461101e-20    6.018531076210e-36
    38    6.907729504051e-20    6.018531076210e-36
    39    4.906649317453e-19    0.000000000000e+00
    40    3.263960947707e-18    7.703719777549e-34
    41    3.355215493092e-18    3.851859888774e-34
    42    1.906933841217e-17   -3.081487911020e-33
    43   -3.312269937631e-17   -4.930380657631e-32
    44   -6.123720263109e-16   -9.860761315263e-32
    45   -7.258872854758e-15    7.888609052210e-31
    46   -4.622750717306e-14   -1.577721810442e-30
    47   -2.713836954546e-13   -1.262177448354e-29
    48   -4.059041619928e-13    2.524354896707e-29
    49    3.190074682837e-12    0.000000000000e+00
    50    5.259704975285e-12    6.058451752097e-28
    51    3.700889034956e-12    0.000000000000e+00
    52   -2.142785997251e-10    9.693522803356e-27
    53    1.380680057755e-09   -5.169878828456e-26
    54    1.127631646240e-08    0.000000000000e+00
    55    6.371992975429e-08    1.654361225106e-24
    56    3.086263582965e-07    3.308722450212e-24
    57    1.502595691536e-06   -9.098986738083e-24
    58    9.308274009856e-06   -6.617444900424e-23
    59    8.107955483167e-05   -8.470329472543e-22
    60    6.361581011427e-04    0.000000000000e+00
    61    5.443619721424e-03    2.371692252312e-20
    62    4.768420082015e-02    0.000000000000e+00
    63    5.100472019269e-01    0.000000000000e+00
