     0    1.154064794306e+01    6.938893903907e-18
     1    5.178293846046e-01   -5.421010862428e-20
     2    4.643845177793e-02    1.897353801850e-19
     3    4.898881370027e-03   -1.694065894509e-20
     4    6.427588495217e-04    5.929230630780e-21
     5    6.621583543463e-05   -4.235164736272e-22
     6    8.519973098441e-06   -9.264422860594e-23
     7    1.298522566126e-06    3.308722450212e-24
     8    1.591908094263e-07    2.895132143936e-24
     9    2.524927181371e-08    1.550963648537e-25
    10    3.170535604565e-09    1.292469707114e-26
    11    4.691747939247e-10    2.584939414228e-26
    12    1.404319002938e-10    1.050131637030e-26
    13    7.108699032166e-12   -1.009741958683e-27
    14    4.328716965577e-12    4.291403324402e-28
    15    2.238654126327e-13    8.835242138475e-29
    16    2.031260785628e-13   -5.522026336547e-30
    17    3.233828032297e-14    3.155443620884e-30
    18    3.994357666026e-15    0.000000000000e+00
    19    1.430585720382e-15   -8.628166150855e-32
    20    3.753085328921e-16    1.540743955510e-32
    21    2.077439827434e-16   -1.309632362183e-32
    22    3.676700781440e-17    1.540743955510e-33
    23    8.270021047002e-19    0.000000000000e+00
    24   -4.628701864155e-19    0.000000000000e+00
    25   -3.284612464679e-19    3.009265538105e-35
    26    2.135540346289e-21   -7.523163845263e-37
    27    2.676563484969e-20   -1.457612995020e-36
    28   -1.945381466331e-21    1.880790961316e-37
    29   -5.644253204169e-22   -1.175494350822e-38
    30   -1.342825315325e-22    2.938735877056e-39
    31   -4.053531400691e-23    7.346839692639e-39
    32   -2.970501349157e-22   -1.175494350822e-38
    33   -1.511350132787e-21    0.000000000000e+00
    34   -8.084819458322e-21    3.761581922631e-37
    35   -1.306122506707e-20    0.000000000000e+00
    36    1.019716397320e-20   -7.523163845263e-37
    37   -8.093446268051e-20   -1.203706215242e-35
    38   -2.109246415521e-19    6.018531076210e-35
    39   -1.626970830690e-18    9.629649721936e-35
    40   -1.305250599121e-17   -7.703719777549e-34
    41   -8.641709625834e-17   -3.081487911020e-33
    42   -2.762374484915e-16    3.697785493223e-32
    43   -1.239356193984e-15    0.000000000000e+00
    44   -2.886351187765e-15    0.000000000000e+00
    45   -1.584833124815e-14    7.888609052210e-31
    46   -5.519325725305e-14   -7.888609052210e-31
    47   -1.229874167722e-13    0.000000000000e+00
    48   -1.420550735023e-12    5.048709793414e-29
    49   -4.860001333453e-12    0.000000000000e+00
    50   -1.320978501514e-11    8.077935669463e-28
    51   -4.657493577908e-11   -3.231174267785e-27
    52   -4.657754869834e-10   -6.462348535571e-27
    53   -1.860248424349e-11   -2.584939414228e-26
    54    4.848082157005e-09   -4.135903062765e-25
    55    7.846818673033e-08   -1.654361225106e-24
    56    5.617774094814e-07   -6.617444900424e-24
    57    2.076493179984e-06    6.617444900424e-23
    58    1.428511686644e-05   -6.352747104407e-22
    59    9.511133127408e-05    2.117582368136e-21
    60    7.340695048739e-04    3.388131789017e-21
    61    5.689551418459e-03    2.710505431214e-20
    62    5.412356082281e-02   -4.336808689942e-19
    63    5.452479174465e-01    4.336808689942e-18
