     0    1.147584351711e+01    3.469446951954e-18
     1    4.913226151639e-01   -4.336808689942e-19
     2    4.768923769659e-02   -1.084202172486e-19
     3    4.334430509228e-03    0.000000000000e+00
     4    3.631807038586e-04    2.117582368136e-22
     5    3.626211811637e-05    4.235164736272e-22
     6    3.237880052190e-06    5.293955920339e-23
     7    4.625409123806e-07    0.000000000000e+00
     8    8.333462401917e-08    0.000000000000e+00
     9    1.210779536029e-08   -2.067951531383e-25
    10    1.352042473630e-09    1.292469707114e-25
    11    2.555228822734e-10   -6.462348535571e-27
    12    3.722093053290e-11   -1.615587133893e-27
    13    1.387434956763e-11   -4.038967834732e-28
    14    3.523540519953e-13    0.000000000000e+00
    15   -2.551928227521e-13    2.524354896707e-29
    16   -4.634173195880e-14    3.155443620884e-30
    17    1.993430466530e-14   -7.888609052210e-31
    18    5.278737701809e-15    3.944304526105e-31
    19   -1.997882836449e-16   -1.479114197289e-31
    20   -4.135665077866e-16   -3.697785493223e-32
    21    6.403017601295e-20   -3.851859888774e-34
    22    3.750289827948e-17   -1.540743955510e-33
    23    1.774644173106e-17   -3.851859888774e-34
    24    3.913455835052e-18    4.814824860968e-35
    25    6.227917475827e-19    2.407412430484e-35
    26    1.231979682632e-19    0.000000000000e+00
    27    1.161149506933e-20    1.128474576789e-36
    28    5.627261329197e-21   -3.761581922631e-37
    29    7.622551847200e-22   -4.701977403289e-38
    30    2.358907256700e-22   -5.877471754111e-39
    31    3.809721485411e-23    2.938735877056e-39
    32   -6.596091907132e-24   -5.877471754111e-39
    33    1.275404582727e-23   -5.877471754111e-39
    34    2.191787063814e-22    3.526483052467e-38
    35    1.003096724277e-21    2.350988701645e-38
    36    3.287803370691e-21   -5.642372883947e-37
    37    8.815245991777e-21   -1.504632769053e-36
    38   -1.704941093199e-20   -3.009265538105e-36
    39    1.562339283718e-21    0.000000000000e+00
    40    3.608527539606e-19   -3.370377402678e-34
    41    6.001772932565e-18    1.925929944387e-34
    42    6.123242800436e-17   -3.081487911020e-33
    43    1.493877716689e-16   -6.162975822039e-33
    44    2.317896467294e-16   -1.232595164408e-32
    45    5.056561737671e-16    2.958228394579e-31
    46   -1.868593758009e-14   -3.944304526105e-31
    47   -1.344980402222e-13    0.000000000000e+00
    48   -1.972256308894e-13   -1.262177448354e-29
    49    1.621535786339e-12    5.048709793414e-29
    50    1.463367438043e-11   -1.413638742156e-27
    51    1.995747420351e-11    1.615587133893e-27
    52   -6.603408854894e-11   -3.231174267785e-27
    53   -5.793262193441e-10   -9.693522803356e-27
    54   -7.983956995373e-10    0.000000000000e+00
    55   -1.868598896019e-09    0.000000000000e+00
    56    4.124626403876e-08   -2.481541837659e-24
    57    5.577370874780e-07    0.000000000000e+00
    58    5.694545652290e-06   -7.940933880509e-23
    59    4.591476681126e-05    4.235164736272e-22
    60    4.717015454761e-04    1.694065894509e-21
    61    5.148441371368e-03    3.726944967919e-20
    62    5.284063785728e-02    0.000000000000e+00
    63    5.059035271363e-01   -8.673617379884e-19
