     0    1.214304004397e+01   -2.168404344971e-19
     1    5.438382424315e-01    1.734723475977e-18
     2    5.067507680317e-02    2.168404344971e-19
     3    5.607893419614e-03    2.710505431214e-20
     4    6.393052381360e-04    2.964615315390e-21
     5    7.999034768056e-05    1.694065894509e-21
     6    7.916178757361e-06    0.000000000000e+00
     7    8.256560060476e-07    0.000000000000e+00
     8   -3.331076390865e-08   -7.444625512977e-24
     9   -1.623968747342e-08   -1.033975765691e-25
    10    1.211038861836e-09    0.000000000000e+00
    11   -4.275883527464e-10   -2.584939414228e-26
    12   -6.546814950561e-11   -1.938704560671e-26
    13    5.321774191774e-11   -1.615587133893e-27
    14    1.475125335572e-11   -3.231174267785e-27
    15    5.384827144701e-12    1.211690350419e-27
    16    1.549955637242e-12    0.000000000000e+00
    17    1.183204976225e-13    1.893266172530e-29
    18   -3.174330442143e-15   -3.155443620884e-30
    19   -1.331188634793e-15   -1.972152263053e-31
    20   -1.582404804473e-15    1.972152263053e-31
    21   -1.033668687192e-15    2.157041537714e-32
    22   -1.286469912830e-16    0.000000000000e+00
    23    1.898950565355e-18    0.000000000000e+00
    24    1.568658416122e-17   -1.925929944387e-34
    25    7.903559918036e-18    1.925929944387e-34
    26    3.800947485392e-18    4.814824860968e-35
    27    1.161595630226e-18    0.000000000000e+00
    28    3.077897706664e-19    3.009265538105e-36
    29    5.968290293762e-20    7.523163845263e-37
    30    4.299260397764e-21    0.000000000000e+00
    31    1.212378612835e-21   -6.465218929523e-38
    32    8.892361504794e-22    2.350988701645e-38
    33    1.110899036360e-23    1.410593220987e-37
    34   -1.187677806324e-21    9.403954806578e-38
    35   -6.406939624848e-21   -3.761581922631e-37
    36    2.541906228535e-21   -1.128474576789e-36
    37    5.496462186150e-20   -2.256949153579e-36
    38    1.337796757107e-19   -1.203706215242e-35
    39    2.435993327417e-18   -4.814824860968e-35
    40    1.852396040775e-17    1.155557966632e-33
    41   -3.259623996357e-17    0.000000000000e+00
    42   -2.001028295924e-16   -7.395570986447e-32
    43    4.191874145180e-15   -2.711709361697e-31
    44    2.789396496485e-15    7.888609052210e-31
    45    1.417238292480e-14    3.944304526105e-31
    46    2.755944977287e-14   -4.733165431326e-30
    47    2.535887490522e-13    0.000000000000e+00
    48    2.381112589353e-13    2.524354896707e-29
    49    2.412766388311e-12   -2.524354896707e-29
    50    1.641621143224e-11   -1.009741958683e-28
    51    6.192289118688e-11    0.000000000000e+00
    52    1.782741760320e-10   -6.462348535571e-27
    53    1.171279642235e-09    0.000000000000e+00
    54    5.955821155643e-09    2.584939414228e-26
    55    3.704887621755e-08   -4.652890945611e-25
    56    1.999380877361e-07   -3.308722450212e-24
    57    9.142192035466e-07    0.000000000000e+00
    58    7.848645883579e-06    2.117582368136e-22
    59    6.184441300968e-05    9.529120656611e-22
    60    6.722238870822e-04   -1.694065894509e-21
    61    5.654189054942e-03   -2.710505431214e-20
    62    4.934107148809e-02    0.000000000000e+00
    63    5.407321304875e-01   -4.336808689942e-19
