     0    1.202154289863e+01    1.387778780781e-17
     1    5.353196891671e-01    3.469446951954e-18
     2    4.829983346791e-02    5.421010862428e-20
     3    4.684923088855e-03    1.355252715607e-20
     4    6.188746112805e-04    0.000000000000e+00
     5    7.438280693590e-05   -8.470329472543e-22
     6    1.238947558784e-05    0.000000000000e+00
     7    1.781643563581e-06    2.646977960170e-23
     8    1.744368331379e-07    0.000000000000e+00
     9    7.140631540759e-09    0.000000000000e+00
    10    1.451872440744e-09   -4.135903062765e-25
    11    4.145760232628e-10    0.000000000000e+00
    12   -5.048712819219e-11    6.462348535571e-27
    13    7.722410664966e-12    1.615587133893e-27
    14   -3.448292503764e-12    3.786532345061e-28
    15    3.659604525192e-13   -5.048709793414e-29
    16    3.308727507238e-14    1.262177448354e-29
    17   -2.141553575340e-14   -1.577721810442e-30
    18    1.545580572520e-14    0.000000000000e+00
    19    4.837602593094e-15    1.972152263053e-31
    20    7.469876065521e-16   -2.465190328816e-32
    21    1.834240867217e-16   -8.474091755304e-33
    22    2.768319552804e-17    2.311115933265e-33
    23    1.578324029773e-17   -1.925929944387e-34
    24    6.080837352113e-18    4.814824860968e-35
    25    1.065067230643e-18   -4.814824860968e-35
    26    3.238940730316e-19    1.203706215242e-35
    27    4.994967844748e-20    0.000000000000e+00
    28    8.542738444627e-21    0.000000000000e+00
    29    2.137038628625e-21   -9.403954806578e-38
    30    9.064925384909e-22   -3.526483052467e-38
    31    3.292683700404e-23   -5.877471754111e-39
    32    1.416715864285e-22   -8.816207631167e-39
    33   -3.579190305462e-23    5.877471754111e-39
    34   -3.456011153721e-22   -2.350988701645e-38
    35   -5.756487833696e-21    0.000000000000e+00
    36   -1.513241607912e-20    7.523163845263e-37
    37   -6.471943865032e-20   -3.009265538105e-36
    38   -4.398436327229e-19    0.000000000000e+00
    39   -1.216946965754e-18   -9.629649721936e-35
    40   -1.164272026940e-18    9.629649721936e-35
    41    6.877789400000e-18    1.925929944387e-34
    42    2.174909702026e-17   -3.081487911020e-33
    43   -5.754953126013e-17   -1.540743955510e-33
    44   -2.366144983779e-16   -1.232595164408e-32
    45   -6.435195885016e-16   -1.972152263053e-31
    46    1.961325748720e-14    0.000000000000e+00
    47    6.637267048439e-14    0.000000000000e+00
    48    2.526069306491e-13   -1.893266172530e-29
    49    4.930482371693e-13    2.524354896707e-29
    50    1.791491676292e-12    4.038967834732e-28
    51    2.363248441623e-11    0.000000000000e+00
    52    8.270847460853e-11    8.077935669463e-28
    53    5.559244990958e-10   -1.292469707114e-26
    54    2.957488641137e-09    1.033975765691e-25
    55    1.913373783711e-08    4.135903062765e-25
    56    1.631917558763e-07    0.000000000000e+00
    57    1.018227502524e-06   -3.308722450212e-24
    58    7.795966016749e-06    1.323488980085e-23
    59    6.529335135282e-05    4.235164736272e-22
    60    6.398455921057e-04    0.000000000000e+00
    61    6.061854184534e-03    0.000000000000e+00
    62    5.231600624923e-02    1.084202172486e-19
    63    5.566768794958e-01   -4.336808689942e-19
