     0    1.153255431997e+01   -1.734723475977e-18
     1    5.440117896057e-01    4.336808689942e-19
     2    5.129984704184e-02    0.000000000000e+00
     3    5.196709467886e-03   -1.185846126156e-20
     4    6.674369267289e-04   -2.964615315390e-21
     5    8.367684175452e-05    8.470329472543e-22
     6    9.501882835744e-06    7.940933880509e-23
     7    1.073330323675e-06   -1.323488980085e-23
     8    1.457946238405e-07    2.481541837659e-24
     9    2.535476741844e-08    8.271806125530e-25
    10    3.551537861801e-09   -2.067951531383e-25
    11   -5.530816654257e-10   -5.169878828456e-26
    12   -2.269900222478e-10    6.462348535571e-27
    13   -4.972692212788e-11   -4.846761401678e-27
    14   -1.661824526981e-11    9.087677628146e-28
    15   -5.731401702261e-12   -2.524354896707e-28
    16   -5.559962453844e-13   -3.786532345061e-29
    17   -1.850602989118e-13    9.466330862652e-30
    18   -4.968005097406e-14   -1.577721810442e-30
    19    9.086390192962e-16   -3.944304526105e-31
    20    1.379438651066e-15    7.395570986447e-32
    21    3.068056793682e-16   -4.930380657631e-32
    22    9.293375989060e-17    1.540743955510e-33
    23    2.842669139799e-17    1.155557966632e-33
    24    6.299548770681e-18    3.851859888774e-34
    25    1.014149264393e-18    1.925929944387e-34
    26    2.023655719510e-19    0.000000000000e+00
    27    9.759308850835e-21    1.203706215242e-35
    28    8.807794758857e-21    0.000000000000e+00
    29    6.182147690760e-21    0.000000000000e+00
    30    2.572524819761e-22    0.000000000000e+00
    31   -2.930358492056e-22    0.000000000000e+00
    32   -2.305182519511e-22   -2.350988701645e-38
    33    8.101926034414e-25   -2.350988701645e-38
    34   -2.533126795656e-22    4.701977403289e-38
    35   -1.623561126239e-22    2.821186441973e-37
    36    1.742202131078e-22    0.000000000000e+00
    37   -8.381063789257e-25   -2.821186441973e-36
    38   -2.978730828738e-20    0.000000000000e+00
    39    1.176519067038e-19    2.407412430484e-35
    40    5.577063947128e-20    6.018531076210e-35
    41    2.521546277196e-19    4.814824860968e-34
    42   -6.332447537226e-18    1.540743955510e-33
    43    2.507496829337e-17    0.000000000000e+00
    44    2.150039664868e-16    4.930380657631e-32
    45    1.680162452904e-15    0.000000000000e+00
    46    1.579944112704e-14   -7.888609052210e-31
    47    5.880384686150e-14    6.310887241768e-30
    48    2.570371937029e-13   -6.310887241768e-30
    49    1.078013430368e-12    1.514612938024e-28
    50    3.127490037945e-12    3.029225876049e-28
    51    2.771559380599e-11    8.077935669463e-28
    52    1.790158876822e-10   -6.462348535571e-27
    53    7.563438563865e-10    0.000000000000e+00
    54    3.486451691279e-09   -1.550963648537e-25
    55    3.073470394746e-08   -4.135903062765e-25
    56    1.779994549208e-07   -4.135903062765e-24
    57    1.736406662462e-06    6.617444900424e-24
    58    1.334313352887e-05    5.293955920339e-23
    59    7.812404246970e-05    0.000000000000e+00
    60    6.113907924646e-04    1.355252715607e-20
    61    4.983513404159e-03    0.000000000000e+00
    62    4.946765556463e-02    0.000000000000e+00
    63    5.276568175814e-01    4.336808689942e-19
