     0    1.152186136950e+01   -6.938893903907e-18
     1    5.229898202257e-01   -1.734723475977e-18
     2    4.308674250185e-02   -1.084202172486e-19
     3    4.289351489212e-03    2.710505431214e-20
     4    4.109770082726e-04    2.117582368136e-22
     5    4.322642757542e-05   -2.646977960170e-22
     6    6.197276483378e-06   -5.293955920339e-23
     7    7.754689561836e-07    6.617444900424e-24
     8    1.058026814581e-07    1.654361225106e-24
     9    2.833766965061e-08    0.000000000000e+00
    10    9.239753676846e-09    1.033975765691e-25
    11    1.207279952416e-09    5.169878828456e-26
    12    1.179626693813e-10    1.615587133893e-26
    13    3.065533928549e-11    8.077935669463e-28
    14    8.962776820087e-12    3.029225876049e-28
    15    2.027669887620e-12   -1.009741958683e-28
    16    1.776311545929e-13   -3.155443620884e-29
    17   -6.518061732055e-14   -9.466330862652e-30
    18   -4.133841447140e-14   -2.366582715663e-30
    19   -9.548100860860e-15    3.944304526105e-31
    20   -4.601060737565e-16   -2.465190328816e-32
    21   -2.096304433551e-17    6.162975822039e-33
    22    1.357003585419e-17    0.000000000000e+00
    23    1.186099449612e-17    7.703719777549e-34
    24   -7.369175321136e-18    1.925929944387e-34
    25   -1.897178242638e-18   -9.629649721936e-35
    26   -4.105416800396e-19   -6.018531076210e-36
    27   -1.845508652150e-19    3.009265538105e-36
    28   -4.621331084300e-20   -7.523163845263e-37
    29   -6.872117466553e-21    0.000000000000e+00
    30   -1.998611078977e-21   -9.403954806578e-38
    31   -4.815842022844e-22   -1.175494350822e-38
    32   -6.204817397604e-23    1.322431144675e-38
    33   -2.855875087296e-22    2.350988701645e-38
    34   -1.172159528691e-21    0.000000000000e+00
    35   -6.829161910489e-21    0.000000000000e+00
    36   -9.480861170359e-22   -1.504632769053e-36
    37    7.597459031210e-21    6.018531076210e-36
    38   -1.304163948582e-19    6.018531076210e-36
    39   -7.334298639316e-19   -1.203706215242e-35
    40   -2.456829555704e-18    2.648153673532e-34
    41   -1.530772883064e-17   -1.155557966632e-33
    42   -5.070504124307e-17    1.540743955510e-33
    43   -6.680438467378e-17   -6.162975822039e-33
    44   -7.409982320944e-16    0.000000000000e+00
    45   -8.105724421090e-15    0.000000000000e+00
    46   -4.041403981807e-15    3.155443620884e-30
    47    1.413327864934e-13    6.310887241768e-29
    48    7.078767879226e-13    1.009741958683e-28
    49    1.442237003308e-12   -2.019483917366e-28
    50    1.434224362838e-11   -8.077935669463e-28
    51    2.790401773808e-11    3.231174267785e-27
    52    1.659408702949e-10    3.231174267785e-27
    53    8.821334778865e-10    2.584939414228e-26
    54    5.001451534455e-09   -2.067951531383e-25
    55    2.551881254256e-08   -9.305781891222e-25
    56    1.093484672137e-07   -1.654361225106e-24
    57    6.269638442454e-07    6.617444900424e-24
    58    6.381655516339e-06    0.000000000000e+00
    59    5.819226032698e-05   -8.470329472543e-22
    60    4.739657292760e-04    1.694065894509e-21
    61    4.211758320629e-03   -2.710505431214e-20
    62    4.434171090040e-02    0.000000000000e+00
    63    5.090707492841e-01   -4.336808689942e-19
