     0    1.141112423419e+01    0.000000000000e+00
     1    5.079904664337e-01    0.000000000000e+00
     2    4.948029993527e-02   -1.084202172486e-19
     3    4.769910963097e-03   -6.776263578034e-21
     4    5.685400288049e-04   -5.082197683526e-21
     5    8.422869325099e-05   -5.293955920339e-23
     6    1.631041596216e-05    4.235164736272e-22
     7    1.946692504967e-06    0.000000000000e+00
     8    2.638334075271e-07    0.000000000000e+00
     9    2.640199191750e-08    3.308722450212e-24
    10    6.718645430736e-09    0.000000000000e+00
    11    9.202756821328e-10    0.000000000000e+00
    12    9.160582777627e-11   -3.231174267785e-26
    13    3.073532808743e-11    0.000000000000e+00
    14    8.462177826667e-12   -4.038967834732e-28
    15    1.173074768387e-12   -5.048709793414e-29
    16    2.694457967706e-13    0.000000000000e+00
    17    6.392384899035e-14    0.000000000000e+00
    18    1.570322530771e-14    0.000000000000e+00
    19    1.060588428597e-15   -7.888609052210e-31
    20   -5.146897643150e-17   -1.972152263053e-31
    21   -4.317269801566e-17    2.465190328816e-32
    22   -2.959482410092e-18   -1.540743955510e-33
    23   -4.478890331128e-19   -7.703719777549e-34
    24   -1.081918304555e-18    0.000000000000e+00
    25   -5.881980018137e-19    3.851859888774e-34
    26   -6.389885989453e-20    0.000000000000e+00
    27    1.491624004708e-21    0.000000000000e+00
    28   -1.994986762368e-21   -7.523163845263e-37
    29   -5.742834764742e-22    0.000000000000e+00
    30   -6.887462549462e-23    4.701977403289e-38
    31   -6.525848413155e-23    1.175494350822e-38
    32   -7.705333121361e-23    2.204051907792e-39
    33   -1.150563465937e-22   -1.836709923160e-39
    34   -6.694828123215e-23    0.000000000000e+00
    35   -5.813076056140e-22    0.000000000000e+00
    36   -3.839695694007e-22    3.761581922631e-37
    37   -1.346085098901e-20   -5.642372883947e-37
    38   -5.291117915518e-20    6.018531076210e-36
    39   -2.000796436453e-19    7.222237291452e-35
    40   -1.137588376591e-18    2.407412430484e-35
    41   -3.810257941207e-18   -3.851859888774e-34
    42   -2.040324654813e-17    2.696301922142e-33
    43   -2.055389663630e-16   -3.081487911020e-33
    44   -8.859299035197e-16   -1.479114197289e-31
    45   -7.126839268191e-16    9.860761315263e-32
    46    1.588215305291e-16   -1.479114197289e-30
    47    5.271689312740e-15    0.000000000000e+00
    48    8.006591149596e-14   -6.310887241768e-30
    49    2.403739721236e-13   -1.009741958683e-28
    50    7.298392208252e-12    4.038967834732e-28
    51    3.778290113956e-11   -1.615587133893e-27
    52    8.962320480750e-11    6.462348535571e-27
    53    5.923572279948e-10   -5.169878828456e-26
    54    3.118091910551e-09    5.169878828456e-26
    55    2.456436208491e-08    4.135903062765e-25
    56    1.757157852462e-07    3.308722450212e-24
    57    1.295672744122e-06    3.308722450212e-23
    58    9.426689539434e-06    5.293955920339e-23
    59    7.021194849121e-05   -8.470329472543e-22
    60    5.624903300891e-04    3.388131789017e-21
    61    4.586394142640e-03    0.000000000000e+00
    62    4.601211990695e-02    0.000000000000e+00
    63    5.201338739988e-01    0.000000000000e+00
