     0    1.183182876424e+01   -6.938893903907e-18
     1    5.646934427869e-01    0.000000000000e+00
     2    5.784701305485e-02    0.000000000000e+00
     3    7.097704189294e-03   -2.710505431214e-20
     4    7.174726204577e-04    0.000000000000e+00
     5    8.943977682601e-05    0.000000000000e+00
     6    1.416320780127e-05   -2.117582368136e-22
     7    1.420968760425e-06    0.000000000000e+00
     8    1.877524111249e-07    6.617444900424e-24
     9    1.776734305704e-08   -8.271806125530e-25
    10    5.744117769489e-09    0.000000000000e+00
    11    7.365237890092e-10    0.000000000000e+00
    12    7.532694739449e-11   -6.462348535571e-27
    13    1.180960363142e-11    8.077935669463e-28
    14    7.354856166727e-12    1.009741958683e-28
    15   -4.400167659379e-12    1.009741958683e-28
    16   -9.578542614915e-13   -2.524354896707e-29
    17   -1.375172865543e-13   -1.577721810442e-30
    18   -2.038099242723e-14    2.958228394579e-31
    19   -1.075957845036e-14   -7.888609052210e-31
    20   -2.810127814519e-15    0.000000000000e+00
    21   -6.288202275209e-16   -1.232595164408e-32
    22   -5.535377969175e-17    0.000000000000e+00
    23   -7.545566141562e-18    1.155557966632e-33
    24   -8.213369642091e-19    3.851859888774e-34
    25    4.663646539732e-18    0.000000000000e+00
    26    7.319425712146e-19    1.203706215242e-35
    27    3.371035275467e-19   -4.513898307158e-36
    28    1.011591958248e-19    3.009265538105e-36
    29    1.639863702088e-21   -1.880790961316e-37
    30   -4.244830027935e-22    4.701977403289e-38
    31   -6.306529321495e-22    2.350988701645e-38
    32   -2.816324767054e-22    5.877471754111e-39
    33   -4.564023520793e-22    2.350988701645e-38
    34   -5.048171278352e-22   -1.175494350822e-38
    35   -1.235240050581e-21    1.410593220987e-37
    36   -4.553667446961e-21    6.582768364605e-37
    37    1.441202831202e-20   -3.009265538105e-36
    38    1.721082237025e-19   -2.407412430484e-35
    39    6.207157891655e-20   -7.222237291452e-35
    40    7.146353514748e-20   -1.444447458290e-34
    41    4.093767677967e-18   -3.851859888774e-34
    42    4.584306172730e-17    0.000000000000e+00
    43    1.480587747365e-16   -6.162975822039e-32
    44   -8.814246736929e-16   -9.860761315263e-32
    45    2.464532746834e-15    3.944304526105e-31
    46    1.167284214099e-14    3.155443620884e-30
    47    8.743371872756e-14    0.000000000000e+00
    48    4.866602394126e-13   -2.524354896707e-29
    49   -7.704689330399e-13    4.038967834732e-28
    50   -3.746288316322e-12   -4.038967834732e-28
    51   -5.637262824299e-11    0.000000000000e+00
    52   -1.232565537431e-11    6.462348535571e-27
    53    7.379077730738e-10   -5.169878828456e-26
    54    5.406687198959e-09    0.000000000000e+00
    55    4.420360776556e-08    2.274746684521e-24
    56    2.095390720542e-07   -4.963083675318e-24
    57    1.277537797613e-06    1.985233470127e-23
    58    1.045738588693e-05    0.000000000000e+00
    59    7.922585756711e-05    6.352747104407e-22
    60    5.387369903630e-04   -5.082197683526e-21
    61    5.526456339875e-03   -4.065758146821e-20
    62    5.192869350298e-02    0.000000000000e+00
    63    5.761745426019e-01   -4.336808689942e-19
