     0    1.169345718731e+01    3.469446951954e-17
     1    5.235858655332e-01    0.000000000000e+00
     2    5.568757666939e-02    0.000000000000e+00
     3    6.573155898515e-03    0.000000000000e+00
     4    6.508763295997e-04    3.388131789017e-21
     5    7.461003335245e-05   -8.470329472543e-22
     6    6.554822696872e-06    5.293955920339e-23
     7    8.497224160927e-07    2.646977960170e-23
     8    1.767060461907e-07   -4.135903062765e-25
     9    6.440817567270e-08   -1.654361225106e-24
    10    4.307162383445e-09   -4.135903062765e-25
    11   -6.463802991630e-10    0.000000000000e+00
    12   -1.890670728903e-10    3.877409121342e-26
    13    3.077691248998e-11   -3.231174267785e-27
    14    2.022538130291e-11    0.000000000000e+00
    15    1.775496326313e-12    2.524354896707e-28
    16   -8.760219724615e-13    1.262177448354e-28
    17   -1.457404813640e-13    0.000000000000e+00
    18   -1.111412958350e-14   -2.761013168274e-30
    19    2.132319146177e-15    0.000000000000e+00
    20   -2.690058562239e-16   -4.930380657631e-32
    21   -2.651292128566e-16   -1.232595164408e-32
    22   -7.714240649938e-19    1.155557966632e-33
    23   -3.965969662293e-18    2.696301922142e-33
    24   -1.224688390744e-18    2.214819436045e-33
    25   -6.168860586570e-20   -9.629649721936e-35
    26   -5.252251468407e-20   -1.203706215242e-35
    27    1.407121186555e-20   -3.761581922631e-36
    28   -3.151406507469e-21   -7.523163845263e-37
    29    2.107464116904e-21    4.701977403289e-37
    30    3.192092858145e-22    7.052966104934e-38
    31    6.632456556163e-23   -1.175494350822e-38
    32   -7.161561037666e-23    0.000000000000e+00
    33   -1.685681115417e-22    1.175494350822e-38
    34   -4.493051117062e-23   -2.350988701645e-38
    35    9.507405951919e-23    0.000000000000e+00
    36    1.224274807534e-21    7.523163845263e-37
    37    7.103858501685e-21    0.000000000000e+00
    38    7.042503811629e-20   -1.504632769053e-36
    39   -3.919062049670e-19    0.000000000000e+00
    40    1.115293548152e-18   -9.629649721936e-35
    41    1.391145799917e-17    5.777789833162e-34
    42    3.068766286378e-17    1.540743955510e-33
    43    1.585057175560e-16    0.000000000000e+00
    44    1.595662735757e-15   -9.860761315263e-32
    45    4.514720938468e-15    0.000000000000e+00
    46    1.152282618180e-14    1.577721810442e-30
    47    7.187758159962e-14   -3.155443620884e-30
    48    3.692818159238e-13    9.466330862652e-30
    49    2.176709418985e-12    1.262177448354e-29
    50    8.715826265651e-12   -1.009741958683e-28
    51    3.530125154084e-11   -1.312664546288e-27
    52    1.978820748887e-10    0.000000000000e+00
    53    1.188741957364e-09    3.231174267785e-26
    54    3.783287625182e-09    2.067951531383e-25
    55    2.274699422276e-08    6.203854594148e-25
    56    1.303764593900e-07   -3.308722450212e-24
    57    8.759797627814e-07    0.000000000000e+00
    58    7.640479552190e-06   -1.058791184068e-22
    59    5.815737871855e-05    0.000000000000e+00
    60    4.769427617095e-04    0.000000000000e+00
    61    4.967942968776e-03    0.000000000000e+00
    62    5.105866392933e-02   -1.829591166069e-19
    63    5.181365049099e-01    8.673617379884e-19
