     0    1.191053066141e+01    2.602085213965e-18
     1    5.296265695770e-01   -1.084202172486e-18
     2    5.174774320746e-02    0.000000000000e+00
     3    5.532113822809e-03    6.776263578034e-21
     4    6.675755517485e-04   -5.082197683526e-21
     5    6.825875978027e-05   -7.411538288475e-22
     6    9.481495455558e-06   -5.293955920339e-23
     7    1.511216821209e-06   -3.970466940255e-23
     8    2.426722080368e-07    3.308722450212e-24
     9    2.440090826933e-08   -8.271806125530e-25
    10    1.901979775853e-09    0.000000000000e+00
    11    2.964091777648e-10    5.169878828456e-26
    12    6.622620544372e-11   -1.292469707114e-26
    13    2.016612062306e-11   -1.615587133893e-27
    14    1.412654765809e-11    1.009741958683e-28
    15    2.299612428438e-12    0.000000000000e+00
    16    1.249804427383e-13    2.524354896707e-29
    17    3.309461113023e-14   -3.155443620884e-30
    18    1.115193079263e-14    0.000000000000e+00
    19    2.241748804108e-15   -1.972152263053e-31
    20    1.961701624548e-15   -4.930380657631e-32
    21    5.069501585482e-16   -3.697785493223e-32
    22    2.312503332099e-16   -6.162975822039e-33
    23    5.237846072663e-17    0.000000000000e+00
    24    1.128465824769e-17    3.851859888774e-34
    25    2.070626408526e-18   -2.407412430484e-35
    26    3.708835555283e-19   -1.203706215242e-35
    27    1.597031610655e-20   -1.128474576789e-36
    28   -3.740823841187e-21    9.403954806578e-37
    29   -3.485530107967e-22    0.000000000000e+00
    30   -6.092782461831e-22    0.000000000000e+00
    31   -1.171764358514e-22    0.000000000000e+00
    32   -2.270984411071e-22   -1.763241526233e-38
    33   -5.924510500179e-22   -4.701977403289e-38
    34    1.289249097123e-21    1.880790961316e-37
    35    4.311004691844e-21    7.523163845263e-37
    36    2.241164944618e-21    0.000000000000e+00
    37    7.459160432670e-20    0.000000000000e+00
    38   -3.035256197551e-19    0.000000000000e+00
    39   -3.322077785958e-18    2.407412430484e-34
    40    1.346356843818e-18   -1.925929944387e-34
    41    1.401085814050e-17   -1.925929944387e-34
    42    1.372913619239e-17   -7.703719777549e-34
    43    3.264011571627e-17    0.000000000000e+00
    44   -1.029231925743e-15    5.546678239835e-32
    45    9.440269139073e-16   -1.972152263053e-31
    46   -1.744396186479e-14   -3.944304526105e-30
    47   -6.370936927232e-14   -6.310887241768e-30
    48   -2.277459648183e-13   -7.573064690122e-29
    49    1.388751019879e-12   -1.009741958683e-28
    50    3.724111355043e-11   -4.038967834732e-28
    51    2.563600728840e-10    0.000000000000e+00
    52    6.498074821360e-10    3.231174267785e-27
    53    2.207541806083e-09   -1.292469707114e-26
    54    8.525904748367e-09    1.033975765691e-25
    55    3.467481359882e-08    9.305781891222e-25
    56    1.997107793296e-07   -3.308722450212e-24
    57    1.372650772782e-06    3.308722450212e-24
    58    9.577918430361e-06    0.000000000000e+00
    59    8.739171538772e-05    0.000000000000e+00
    60    7.539744973248e-04    0.000000000000e+00
    61    6.956906295274e-03   -1.016439536705e-20
    62    5.921645319791e-02   -5.421010862428e-20
    63    5.357054878486e-01    0.000000000000e+00
