     0    1.155374635314e+01    0.000000000000e+00
     1    4.866085994604e-01    0.000000000000e+00
     2    4.571157280333e-02   -9.486769009248e-20
     3    4.717711435315e-03    1.524659305058e-20
     4    5.995332954185e-04   -1.694065894509e-21
     5    7.371357423890e-05    3.176373552204e-22
     6    1.062450760870e-05    0.000000000000e+00
     7    1.342945032794e-06   -6.617444900424e-24
     8    2.549439705921e-07    4.135903062765e-25
     9    4.303486799104e-08    0.000000000000e+00
    10    1.254071764107e-08    0.000000000000e+00
    11    2.594668197350e-09    2.584939414228e-26
    12    1.030325624646e-09    0.000000000000e+00
    13    3.138386635858e-10    0.000000000000e+00
    14    1.194763420423e-10    8.077935669463e-28
    15    1.278431796147e-11    1.009741958683e-28
    16    2.270580512325e-12    0.000000000000e+00
    17    2.649515128175e-13   -6.310887241768e-30
    18    1.942331903314e-14    4.733165431326e-30
    19    2.137100735564e-15    9.860761315263e-31
    20   -2.433005690418e-15   -1.972152263053e-31
    21    3.788383295238e-16   -4.930380657631e-32
    22    3.237490653346e-16    6.162975822039e-33
    23    1.477070633191e-16    3.081487911020e-33
    24    3.456049028012e-17   -1.155557966632e-33
    25    1.151017621942e-17   -1.925929944387e-34
    26    1.534391234394e-18    0.000000000000e+00
    27   -3.316697652226e-20    6.018531076210e-36
    28   -2.900215746127e-20    0.000000000000e+00
    29   -1.217558117904e-21    9.403954806578e-37
    30    2.030462839651e-21    0.000000000000e+00
    31    1.599200170139e-22    2.350988701645e-38
    32    2.092755184948e-22    0.000000000000e+00
    33    3.822844416806e-22    3.526483052467e-38
    34    5.343458109152e-22   -1.880790961316e-37
    35    3.705145905187e-21    1.128474576789e-36
    36    1.416442493405e-20    7.523163845263e-37
    37    3.277838384183e-20   -4.513898307158e-36
    38    6.325736792121e-20    3.009265538105e-36
    39    2.327312011990e-19    0.000000000000e+00
    40   -5.141769001693e-19    0.000000000000e+00
    41    1.512141855140e-18   -1.540743955510e-33
    42    4.329901102921e-17    2.311115933265e-33
    43    1.442084391395e-16    6.162975822039e-33
    44    1.948094500089e-16   -4.314083075427e-32
    45    8.257617385395e-16    4.930380657631e-32
    46   -2.718704104427e-15    3.944304526105e-31
    47   -1.610641863776e-14    1.577721810442e-30
    48    8.544215071710e-14    0.000000000000e+00
    49    5.737777958752e-13    6.310887241768e-30
    50    1.740572707067e-12   -1.767048427695e-28
    51    2.592790563430e-11   -1.514612938024e-27
    52    1.530102141426e-10    1.777145847282e-26
    53    6.128065706818e-10    0.000000000000e+00
    54    3.328248324927e-09    0.000000000000e+00
    55    1.684218444079e-08    0.000000000000e+00
    56    1.195635447018e-07   -1.240770918830e-24
    57    9.031610358988e-07   -1.985233470127e-23
    58    7.187043316025e-06   -2.646977960170e-23
    59    5.473203051737e-05    0.000000000000e+00
    60    4.629304951980e-04   -3.388131789017e-21
    61    4.256057549684e-03    1.355252715607e-20
    62    4.395814184913e-02   -2.710505431214e-19
    63    4.981150856752e-01   -8.673617379884e-19
