     0    1.147162369682e+01   -2.081668171172e-17
     1    5.531914464844e-01    3.469446951954e-18
     2    5.159687404356e-02    2.168404344971e-19
     3    4.960568377549e-03    2.032879073410e-20
     4    4.948417439645e-04    2.117582368136e-21
     5    6.316149019769e-05    1.058791184068e-22
     6    8.792609211101e-06    2.646977960170e-23
     7    6.984702124299e-07   -9.926167350636e-24
     8    1.119102571987e-07    3.308722450212e-24
     9    2.641927242158e-08    8.271806125530e-25
    10    4.784833825360e-09    1.033975765691e-25
    11    7.575489155059e-10    0.000000000000e+00
    12    2.932107881170e-11    0.000000000000e+00
    13    9.994520491681e-12    0.000000000000e+00
    14    4.134807676493e-12    0.000000000000e+00
    15   -7.737848267327e-14    3.786532345061e-29
    16    2.697791513584e-14   -1.893266172530e-29
    17   -6.031869362820e-15   -2.366582715663e-30
    18   -2.850409917314e-15    9.860761315263e-31
    19    2.080731269862e-15    5.546678239835e-32
    20    3.581763033539e-16   -4.930380657631e-32
    21    1.589271998900e-16   -3.697785493223e-32
    22    2.024107879959e-17    0.000000000000e+00
    23    1.204569399199e-17   -7.703719777549e-34
    24    7.040341231883e-18   -1.925929944387e-34
    25    9.968555575489e-19    2.407412430484e-35
    26    2.458231562940e-19   -6.018531076210e-36
    27    1.746056149027e-20    0.000000000000e+00
    28   -3.306586695484e-22    1.504632769053e-36
    29    7.833965197900e-22   -4.701977403289e-38
    30    5.873474005828e-22   -1.175494350822e-38
    31   -4.731723926538e-23    1.175494350822e-38
    32   -2.835631074120e-22    1.028557556970e-38
    33   -1.099896845820e-21    4.701977403289e-38
    34   -1.783378669698e-21    0.000000000000e+00
    35   -1.403870158948e-21   -4.231779662960e-37
    36   -8.056704533221e-21    1.128474576789e-36
    37   -4.310470277968e-20    3.009265538105e-36
    38    7.379346970090e-20    1.354169492147e-35
    39    9.166579363024e-19    1.203706215242e-35
    40    8.383995273821e-19    1.685188701339e-34
    41   -1.635896855429e-17    2.696301922142e-33
    42   -6.734305254781e-17    0.000000000000e+00
    43   -1.566038449773e-16   -4.005934284325e-32
    44    7.824401866310e-16   -3.697785493223e-32
    45    3.319570846412e-15   -9.860761315263e-32
    46    1.839270922242e-14   -9.860761315263e-32
    47    1.454505514004e-14    0.000000000000e+00
    48    1.582837327768e-13    0.000000000000e+00
    49    9.425537469536e-13   -1.009741958683e-28
    50    1.078749495691e-11    0.000000000000e+00
    51    3.866102892980e-11    0.000000000000e+00
    52    3.175713010441e-10   -1.292469707114e-26
    53    1.262685302922e-09    7.754818242685e-26
    54    2.218214393265e-09    0.000000000000e+00
    55    1.083046182792e-08    0.000000000000e+00
    56    6.934327146909e-08    4.135903062765e-25
    57    5.866358497781e-07   -1.488925102595e-23
    58    4.674502905243e-06   -3.970466940255e-23
    59    5.601714205322e-05    2.117582368136e-22
    60    5.238051649657e-04   -8.470329472543e-22
    61    5.452159507606e-03    1.694065894509e-21
    62    4.849286061033e-02   -4.336808689942e-19
    63    4.846519429050e-01    0.000000000000e+00
