     0    1.168764222143e+01    0.000000000000e+00
     1    5.212417266416e-01   -3.252606517457e-19
     2    4.694255501042e-02    2.710505431214e-20
     3    5.275744577318e-03    0.000000000000e+00
     4    5.751807379966e-04    0.000000000000e+00
     5    6.952430514904e-05   -4.235164736272e-22
     6    8.319158178208e-06   -1.058791184068e-22
     7    1.236910199584e-06   -3.308722450212e-24
     8    3.291215390825e-07    1.654361225106e-24
     9    4.864886100833e-08    8.271806125530e-25
    10    6.350464378148e-09   -5.169878828456e-26
    11    1.286376307357e-09   -5.169878828456e-26
    12    3.921147159533e-10    1.292469707114e-26
    13    4.583865455356e-11   -1.817535525629e-27
    14    9.575848973208e-12    0.000000000000e+00
    15    2.644073872887e-12    2.524354896707e-29
    16    6.718533832241e-13    1.893266172530e-29
    17    1.048001046214e-13    2.366582715663e-30
    18    2.387501046633e-14    1.676329423595e-30
    19    5.729325990180e-16   -2.465190328816e-31
    20    1.399328655959e-15    0.000000000000e+00
    21    2.956605233685e-17   -1.540743955510e-33
    22    3.371805462971e-18    3.851859888774e-34
    23   -5.876894992569e-18   -2.888894916581e-34
    24   -1.316680324729e-18    2.166671187436e-34
    25   -3.010062102518e-19   -6.018531076210e-35
    26   -7.323372015143e-20    9.027796614315e-36
    27   -1.185429694769e-20    1.504632769053e-36
    28    2.441311512317e-21    1.410593220987e-37
    29    1.100458870394e-21   -1.763241526233e-37
    30   -2.157389815306e-22    2.350988701645e-38
    31   -1.340985735619e-22   -5.877471754111e-39
    32   -6.070345913996e-23    2.938735877056e-39
    33   -3.520265092446e-24    2.938735877056e-39
    34    6.299565591837e-22    0.000000000000e+00
    35    5.981121239823e-21    1.880790961316e-37
    36    1.844583460950e-20   -2.821186441973e-37
    37    1.120525936741e-20   -1.504632769053e-36
    38    5.876338926684e-19    2.407412430484e-35
    39    2.445980294964e-18    4.814824860968e-35
    40   -8.921706818911e-19    0.000000000000e+00
    41   -3.575631273133e-17   -3.081487911020e-33
    42   -5.419900284263e-16    0.000000000000e+00
    43   -2.342685689896e-15    0.000000000000e+00
    44   -1.248409232676e-14    0.000000000000e+00
    45   -3.322907981352e-14    0.000000000000e+00
    46   -3.311398572528e-13   -1.262177448354e-29
    47   -4.021570418388e-13    0.000000000000e+00
    48   -2.564144848215e-12    5.048709793414e-29
    49   -3.667214860443e-13    3.029225876049e-28
    50   -1.106267995141e-11   -4.038967834732e-28
    51   -2.711834587129e-11   -6.462348535571e-27
    52   -3.487394495231e-11    0.000000000000e+00
    53    1.374239606894e-09    0.000000000000e+00
    54    6.505413329363e-09    0.000000000000e+00
    55    2.866671446138e-08    8.271806125530e-25
    56    1.904911438505e-07    1.240770918830e-24
    57    1.375644076066e-06    2.646977960170e-23
    58    9.248243886551e-06    0.000000000000e+00
    59    8.146524508305e-05   -4.235164736272e-22
    60    5.999725351931e-04    0.000000000000e+00
    61    5.029250526187e-03    0.000000000000e+00
    62    5.095780210800e-02    1.084202172486e-19
    63    5.428453574318e-01   -8.673617379884e-19
