     0    1.167209575566e+01    1.734723475977e-18
     1    5.301624482794e-01    4.336808689942e-19
     2    5.430443235717e-02    0.000000000000e+00
     3    7.292187202638e-03    0.000000000000e+00
     4    8.690990249472e-04    0.000000000000e+00
     5    1.125486658461e-04    0.000000000000e+00
     6    1.870093279197e-05   -2.117582368136e-22
     7    2.140075682978e-06   -3.970466940255e-23
     8    2.723864935915e-07    3.308722450212e-24
     9    5.107469152498e-08    0.000000000000e+00
    10    5.205498017574e-09   -5.169878828456e-26
    11    1.154113702914e-09    7.754818242685e-26
    12    1.022313039068e-10   -3.231174267785e-27
    13    4.832383385398e-11   -8.077935669463e-28
    14    9.771901539219e-12    4.038967834732e-28
    15    2.246142076042e-12    5.048709793414e-29
    16    2.992243799716e-13   -3.786532345061e-29
    17    2.129710948184e-14    3.155443620884e-30
    18   -2.535870108179e-14   -1.183291357832e-30
    19   -5.309098848972e-15   -1.972152263053e-31
    20   -1.528281374834e-15   -2.465190328816e-32
    21   -3.456626387028e-16    0.000000000000e+00
    22   -5.990512803678e-17    0.000000000000e+00
    23   -1.408890445255e-17    0.000000000000e+00
    24   -7.867653552816e-19    4.814824860968e-35
    25   -1.920979014189e-19    1.203706215242e-35
    26   -1.519772309095e-19   -6.018531076210e-36
    27   -1.893699134487e-20    0.000000000000e+00
    28   -1.101800327514e-20    0.000000000000e+00
    29   -1.266278497978e-21    0.000000000000e+00
    30   -3.207968662259e-22    5.877471754111e-39
    31   -9.320396097200e-23    5.877471754111e-39
    32   -7.408924588346e-23   -2.938735877056e-39
    33    4.895952867134e-22   -2.350988701645e-38
    34    1.988140702209e-21   -1.410593220987e-37
    35    3.813548621446e-21    9.403954806578e-38
    36    2.062710817846e-20   -1.128474576789e-36
    37    2.395836682765e-20    0.000000000000e+00
    38    2.192067238831e-19    0.000000000000e+00
    39    2.274663584045e-18    1.925929944387e-34
    40    5.514430830811e-18    0.000000000000e+00
    41    2.157194601363e-17    0.000000000000e+00
    42    3.648203490047e-17    0.000000000000e+00
    43   -2.632847930280e-16    4.930380657631e-32
    44    2.482920042023e-17    9.860761315263e-32
    45    1.475256565729e-15    3.944304526105e-31
    46   -9.842785751123e-15    3.155443620884e-30
    47    1.707638263834e-14    0.000000000000e+00
    48   -3.549991972228e-13    0.000000000000e+00
    49   -1.327987193458e-12   -1.262177448354e-28
    50   -8.162012950397e-12    4.038967834732e-28
    51   -5.311038468127e-11    0.000000000000e+00
    52   -2.563911043363e-10    3.231174267785e-27
    53    1.594913168785e-09   -6.462348535571e-26
    54    5.786509997790e-09   -2.067951531383e-25
    55    5.442977873701e-08   -1.033975765691e-24
    56    3.592483780398e-07    0.000000000000e+00
    57    1.486429322606e-06    1.323488980085e-23
    58    9.085413498679e-06    0.000000000000e+00
    59    6.813558696740e-05    0.000000000000e+00
    60    6.401409044337e-04    0.000000000000e+00
    61    4.700848684064e-03    6.776263578034e-21
    62    5.273088962759e-02   -1.084202172486e-19
    63    5.119855757416e-01   -1.734723475977e-18
