     0    1.187719712108e+01   -1.387778780781e-17
     1    5.895940800540e-01    0.000000000000e+00
     2    5.176962668652e-02    2.168404344971e-19
     3    6.068025722134e-03    2.710505431214e-20
     4    8.907508372194e-04   -3.388131789017e-21
     5    1.420679173900e-04    1.694065894509e-21
     6    2.255615737815e-05    0.000000000000e+00
     7    4.699972018387e-06    7.940933880509e-23
     8    6.141590424381e-07    3.722312756489e-24
     9    1.865672230139e-07    0.000000000000e+00
    10    6.195285093223e-08    2.067951531383e-25
    11    1.446443070154e-08   -4.135903062765e-25
    12    2.189843234503e-09    0.000000000000e+00
    13    2.044721653097e-10   -1.292469707114e-26
    14    2.178328421912e-11    4.846761401678e-27
    15   -1.981546486466e-13    3.029225876049e-28
    16   -1.396030789640e-12    6.310887241768e-29
    17   -2.138134157129e-13   -1.735493991486e-29
    18   -3.478218736459e-15    3.155443620884e-30
    19    1.342763409498e-14    0.000000000000e+00
    20    3.791591704166e-15    9.860761315263e-32
    21    9.916756905516e-16    2.465190328816e-32
    22    1.432317365467e-16    0.000000000000e+00
    23   -6.234149227327e-17    0.000000000000e+00
    24   -1.115612047863e-17   -7.703719777549e-34
    25   -6.798067890043e-19    0.000000000000e+00
    26   -5.105236371440e-19   -2.407412430484e-35
    27   -1.092364116212e-19    0.000000000000e+00
    28   -7.534614917479e-22   -1.504632769053e-36
    29    1.858273378458e-21    0.000000000000e+00
    30   -2.714065394251e-22    4.701977403289e-38
    31    9.557742436574e-23   -2.938735877056e-39
    32    3.801259481642e-22    1.175494350822e-38
    33    1.370485468183e-22    1.175494350822e-38
    34    5.531746376551e-23    7.052966104934e-38
    35    1.179915712847e-21    9.403954806578e-38
    36    9.191580129504e-21   -1.128474576789e-36
    37   -5.087464175226e-20    0.000000000000e+00
    38   -4.205941501707e-20    1.203706215242e-35
    39    5.626621430949e-19    1.444447458290e-34
    40    2.140570419366e-18   -3.851859888774e-34
    41    5.234399604648e-17   -1.925929944387e-33
    42    1.020766091457e-16    0.000000000000e+00
    43    5.845574435945e-16    0.000000000000e+00
    44    1.671800378150e-15    4.437342591868e-31
    45    1.004842786622e-14   -1.577721810442e-30
    46   -4.360668220398e-15    6.310887241768e-30
    47    1.765341964886e-13   -6.310887241768e-30
    48    1.543246648460e-12    0.000000000000e+00
    49    5.037558931993e-12   -4.038967834732e-28
    50    1.993824626850e-11    0.000000000000e+00
    51    5.716361460257e-11    8.077935669463e-28
    52   -1.020125189109e-10    0.000000000000e+00
    53   -1.363821929847e-09   -1.033975765691e-25
    54   -5.442489823250e-10    0.000000000000e+00
    55    2.736615603264e-08    0.000000000000e+00
    56    2.171314541913e-07   -3.308722450212e-24
    57    1.408058590559e-06    1.323488980085e-23
    58    1.216241276407e-05    0.000000000000e+00
    59    9.615054857730e-05    8.470329472543e-22
    60    6.663445185491e-04   -6.776263578034e-21
    61    5.982591325895e-03   -2.710505431214e-20
    62    5.342553059094e-02    2.168404344971e-19
    63    5.790330834842e-01   -1.734723475977e-18
