     0    1.195544994586e+01    6.938893903907e-18
     1    5.313888476666e-01   -1.084202172486e-19
     2    5.051655273937e-02    4.336808689942e-19
     3    4.786210141756e-03   -1.016439536705e-19
     4    4.947092675273e-04    8.470329472543e-22
     5    6.677352536303e-05    2.117582368136e-22
     6    9.098167636937e-06   -1.323488980085e-23
     7    7.506672472985e-07    1.323488980085e-23
     8    1.394413716033e-07   -6.617444900424e-24
     9    3.047238815343e-08   -2.067951531383e-25
    10    2.871327349238e-09    0.000000000000e+00
    11    4.789235723890e-10    1.809457589960e-25
    12    2.406178271090e-10   -1.938704560671e-26
    13    3.490646738248e-11    0.000000000000e+00
    14    3.320525354608e-12    2.019483917366e-28
    15    1.983170435686e-13    5.048709793414e-29
    16    2.144688819495e-13   -2.524354896707e-29
    17    4.697084885765e-14    0.000000000000e+00
    18    1.313700421956e-14   -7.888609052210e-31
    19    4.343576622785e-15    3.944304526105e-31
    20    1.175709201692e-15   -9.860761315263e-32
    21    1.656369913472e-16    2.465190328816e-32
    22    1.749604420183e-17   -6.162975822039e-33
    23    2.471309301525e-18    0.000000000000e+00
    24   -2.741029151348e-18    3.851859888774e-34
    25   -8.473799742803e-19   -6.018531076210e-36
    26   -1.471044439926e-19   -6.018531076210e-36
    27   -6.780970403376e-20    0.000000000000e+00
    28   -1.576346045502e-20    1.692711865184e-36
    29    3.152090800395e-22   -3.291384182302e-37
    30    5.500475962986e-22   -8.816207631167e-39
    31   -6.127627154583e-24    5.877471754111e-39
    32   -2.037145235138e-22   -1.175494350822e-38
    33    1.367425746254e-22    0.000000000000e+00
    34    3.452896347643e-22    0.000000000000e+00
    35    4.806669523559e-21   -3.761581922631e-37
    36   -2.699675195804e-21    3.761581922631e-37
    37   -8.005470992960e-20   -3.009265538105e-36
    38   -7.516890671682e-19    9.629649721936e-35
    39   -5.542872415081e-18   -3.851859888774e-34
    40   -1.395427557784e-17    3.851859888774e-34
    41   -5.136664746207e-17    1.540743955510e-33
    42   -1.225563947999e-16    3.081487911020e-33
    43   -4.236906609422e-16    2.465190328816e-32
    44   -9.921246048632e-16    0.000000000000e+00
    45   -1.672541694050e-14    1.972152263053e-31
    46   -8.514749212164e-14   -7.888609052210e-31
    47   -1.671053044339e-13   -4.733165431326e-30
    48   -4.220965786877e-13   -2.603240987229e-29
    49    7.678233628836e-13    0.000000000000e+00
    50    2.385278530509e-11    0.000000000000e+00
    51    8.828081198419e-11    1.615587133893e-27
    52   -1.581668698280e-10    0.000000000000e+00
    53   -1.350735779089e-09   -5.169878828456e-26
    54   -3.613371848357e-09    4.135903062765e-25
    55    1.301142787634e-08   -2.481541837659e-24
    56    8.346488974287e-08   -3.308722450212e-24
    57    1.410835308865e-06    5.293955920339e-23
    58    1.195791679192e-05   -2.646977960170e-22
    59    8.070712411177e-05    8.470329472543e-22
    60    6.619755469061e-04    5.082197683526e-21
    61    5.903702219400e-03    1.524659305058e-20
    62    5.353532022607e-02    1.084202172486e-19
    63    5.404696129743e-01   -2.195509399283e-18
