     0    1.144254607164e+01    6.938893903907e-18
     1    4.877565297183e-01    0.000000000000e+00
     2    4.468273615027e-02    5.421010862428e-20
     3    4.888298603368e-03    1.355252715607e-20
     4    5.407321370253e-04    3.388131789017e-21
     5    5.885338623215e-05   -4.235164736272e-22
     6    7.934984639792e-06    2.646977960170e-23
     7    1.167937938017e-06    0.000000000000e+00
     8    2.682084687600e-07    2.481541837659e-24
     9    3.803815486057e-08    3.722312756489e-24
    10    1.206278266917e-08    2.067951531383e-25
    11    1.690995929082e-09    0.000000000000e+00
    12   -1.751714166650e-10   -1.292469707114e-26
    13   -5.550054644939e-11   -1.373249063809e-26
    14   -3.004062346775e-11   -8.077935669463e-28
    15    7.160440489239e-13    1.009741958683e-28
    16    1.052194370607e-12   -1.640830682860e-28
    17    1.090913291128e-14    7.888609052210e-30
    18    1.485049563768e-14    0.000000000000e+00
    19    1.123081441905e-14   -5.916456789158e-31
    20    2.813500634391e-15   -3.204747427460e-31
    21   -5.397384151498e-17   -3.697785493223e-32
    22   -4.631720440741e-17   -1.271113763296e-32
    23   -2.061975375046e-17    2.503708927703e-33
    24    5.405641009227e-18   -7.222237291452e-34
    25    7.320408055751e-18    2.648153673532e-34
    26    8.452207445401e-19   -3.611118645726e-35
    27    7.646303932639e-20    4.137740114894e-36
    28    1.572048155818e-20    1.316553672921e-36
    29    5.307427975660e-21   -3.761581922631e-37
    30    1.650749935992e-21   -9.403954806578e-38
    31    2.060062240640e-22    3.526483052467e-38
    32    1.216013837939e-22    7.346839692639e-40
    33    3.032537610557e-23   -7.346839692639e-40
    34    3.062228057901e-23   -5.877471754111e-39
    35    7.001218377687e-23    2.350988701645e-38
    36    1.729358457381e-21   -1.880790961316e-37
    37   -8.199883923839e-21    0.000000000000e+00
    38   -9.554681995397e-21   -6.018531076210e-36
    39    1.034795189318e-19    1.203706215242e-35
    40    1.123967780529e-18    9.629649721936e-35
    41    7.015371057334e-18    1.925929944387e-34
    42    2.358272848128e-17    0.000000000000e+00
    43    1.282088436706e-16   -3.081487911020e-33
    44    2.501403826595e-16   -1.540743955510e-32
    45    2.098821780137e-15    0.000000000000e+00
    46    5.981273428415e-15    3.451266460342e-31
    47    6.553897794192e-15    1.183291357832e-30
    48    4.561937370896e-14   -1.577721810442e-30
    49   -2.037903560988e-13    2.208810534619e-29
    50   -8.979894107939e-13    0.000000000000e+00
    51   -6.895490516606e-12    2.145701662201e-28
    52   -3.850347963618e-11    1.615587133893e-27
    53    3.270174615680e-11    0.000000000000e+00
    54    1.355678825604e-09    0.000000000000e+00
    55    1.544703664561e-08   -1.033975765691e-25
    56    9.275653662846e-08    0.000000000000e+00
    57    9.840180224050e-07   -1.323488980085e-23
    58    7.827988327443e-06   -1.588186776102e-22
    59    6.409216706758e-05    4.235164736272e-22
    60    5.107770329329e-04   -2.541098841763e-21
    61    4.495785599177e-03    6.776263578034e-21
    62    4.589022236798e-02   -1.084202172486e-19
    63    4.864166170453e-01    9.215718466127e-19
