     0    1.200900992432e+01    6.938893903907e-18
     1    5.042675088607e-01   -2.602085213965e-18
     2    4.969816634382e-02    1.084202172486e-19
     3    5.093075057585e-03    1.355252715607e-20
     4    4.820916682218e-04   -4.658681209899e-21
     5    5.432940065846e-05    1.058791184068e-21
     6    8.134444092826e-06    0.000000000000e+00
     7    1.225633789630e-06    9.926167350636e-24
     8    2.010186073944e-07   -1.654361225106e-24
     9    2.838671680292e-08    2.067951531383e-25
    10    7.596111228693e-09    1.033975765691e-25
    11    1.153114973490e-09    0.000000000000e+00
    12    3.221612244269e-10   -6.462348535571e-27
    13    8.046298945453e-11    0.000000000000e+00
    14    2.958988304185e-11   -6.058451752097e-28
    15    6.369152094098e-12   -1.009741958683e-28
    16    4.736181220868e-13    1.262177448354e-29
    17    4.894848377294e-14   -6.310887241768e-30
    18    1.100944254769e-14    0.000000000000e+00
    19    2.346054251157e-15   -1.972152263053e-31
    20    2.220581711583e-16    9.860761315263e-32
    21    2.851057055879e-17    3.081487911020e-33
    22   -9.077750654551e-17    1.540743955510e-33
    23   -3.434584894621e-17    0.000000000000e+00
    24   -4.394425012553e-18    2.888894916581e-34
    25   -1.217142831208e-18    1.444447458290e-34
    26   -7.335842542633e-19    1.805559322863e-35
    27   -1.201433184681e-19   -3.009265538105e-35
    28    7.813612114683e-21    6.018531076210e-36
    29   -1.318332421553e-21   -9.403954806578e-38
    30   -4.602980759773e-22   -4.701977403289e-38
    31    1.628853852855e-22    0.000000000000e+00
    32   -1.142204394723e-22   -2.204051907792e-39
    33   -2.443798047537e-22   -1.763241526233e-38
    34   -4.384670417736e-22   -2.938735877056e-38
    35   -1.663003687458e-21   -9.403954806578e-38
    36   -6.751062829660e-21   -1.880790961316e-37
    37   -9.304710342940e-21    0.000000000000e+00
    38    2.337021229268e-20    3.009265538105e-36
    39   -4.480410907529e-19    4.814824860968e-35
    40    5.129958611940e-19   -1.444447458290e-34
    41    1.750097981765e-18   -1.733336949949e-33
    42   -7.626174674260e-17    4.622231866529e-33
    43   -8.474376409715e-17    3.081487911020e-33
    44   -7.379940711458e-16    4.930380657631e-32
    45   -2.764859526660e-15    3.944304526105e-31
    46   -6.510808526433e-15   -1.577721810442e-30
    47    7.616363571982e-14    2.208810534619e-29
    48    1.689928713341e-13    0.000000000000e+00
    49   -1.044768019094e-12   -2.019483917366e-28
    50    3.879768417721e-12    5.048709793414e-28
    51    1.824424829534e-11    2.625329092576e-27
    52    1.636550799132e-10   -6.462348535571e-27
    53    6.952021535003e-10    7.754818242685e-26
    54    6.617862048790e-09    1.033975765691e-25
    55    4.622038372965e-08   -4.135903062765e-25
    56    2.578595578771e-07    0.000000000000e+00
    57    1.732952479307e-06    1.323488980085e-23
    58    1.006082317503e-05   -5.293955920339e-23
    59    8.621240034178e-05    1.058791184068e-21
    60    6.490684808144e-04   -5.082197683526e-21
    61    5.289649181537e-03   -9.486769009248e-20
    62    5.186337949770e-02    4.675621868844e-19
    63    5.658266049629e-01    0.000000000000e+00
