     0    1.200373918281e+01    6.938893903907e-18
     1    5.117469181826e-01   -5.421010862428e-19
     2    4.765094769567e-02    0.000000000000e+00
     3    5.261522619397e-03    6.776263578034e-21
     4    6.780591495880e-04    3.388131789017e-21
     5    7.960805671206e-05    0.000000000000e+00
     6    1.069875506415e-05    0.000000000000e+00
     7    1.206415337221e-06    1.323488980085e-23
     8    6.134117359457e-08    3.308722450212e-24
     9    5.786943052404e-09    8.271806125530e-25
    10    4.356707552168e-09   -1.033975765691e-25
    11   -6.466393944618e-12   -1.292469707114e-26
    12   -1.053883217460e-10    3.231174267785e-27
    13   -2.792519321176e-12   -2.827277484312e-27
    14    5.387246864817e-12    2.019483917366e-28
    15    4.363757367357e-12   -3.786532345061e-29
    16    6.028355821484e-13    6.310887241768e-30
    17   -1.714794917117e-13    6.310887241768e-30
    18   -4.969346148781e-14   -1.577721810442e-30
    19   -7.366758862458e-15   -1.972152263053e-31
    20   -1.656220276327e-15    2.465190328816e-32
    21   -1.266514142522e-16    1.540743955510e-32
    22    3.028672937217e-16   -1.232595164408e-32
    23    7.097588441951e-17   -7.703719777549e-34
    24    8.259696594795e-18    1.733336949949e-33
    25   -5.921591344315e-19    1.925929944387e-34
    26   -2.135366335636e-19   -4.513898307158e-35
    27   -1.246476181176e-20   -3.761581922631e-36
    28   -2.657091166928e-21    0.000000000000e+00
    29   -1.237638422609e-21    0.000000000000e+00
    30    3.557865970795e-22    2.938735877056e-39
    31    1.204636396946e-22    0.000000000000e+00
    32   -2.052667679846e-23   -1.469367938528e-39
    33    2.117323726847e-22   -8.816207631167e-39
    34    1.820112898757e-21    9.403954806578e-38
    35    7.208072767358e-21   -1.175494350822e-38
    36    4.372585345597e-20    1.316553672921e-36
    37    1.091653081831e-19    0.000000000000e+00
    38    1.509096523555e-19    4.814824860968e-35
    39   -1.731173820427e-18   -2.407412430484e-35
    40   -1.536518104514e-18   -9.629649721936e-35
    41   -2.026005062313e-17   -7.703719777549e-34
    42   -7.867216067130e-17   -1.540743955510e-33
    43    3.325757739777e-16    0.000000000000e+00
    44    3.761882567375e-16    0.000000000000e+00
    45    9.539079343149e-16    9.860761315263e-32
    46   -4.480646542253e-15    6.902532920684e-31
    47    9.913519136320e-16   -7.888609052210e-30
    48    1.747073599153e-13   -1.262177448354e-29
    49    1.413431664257e-12    0.000000000000e+00
    50    2.712989464495e-12   -8.077935669463e-28
    51    2.472429212136e-11    2.423380700839e-27
    52    9.417960449693e-11    0.000000000000e+00
    53    5.416704011199e-10   -1.292469707114e-26
    54    2.830585971636e-09    2.584939414228e-26
    55    2.242950102278e-08    2.067951531383e-25
    56    2.046622963028e-07    0.000000000000e+00
    57    1.217566410749e-06   -2.646977960170e-23
    58    8.741124111815e-06    1.058791184068e-22
    59    5.993729412307e-05    6.352747104407e-22
    60    4.162297990217e-04    2.541098841763e-21
    61    4.555923862131e-03   -1.355252715607e-20
    62    4.542129435980e-02   -1.084202172486e-19
    63    5.472685584213e-01    6.505213034913e-19
