     0    1.150651205168e+01    6.938893903907e-18
     1    5.313928138664e-01    0.000000000000e+00
     2    4.481766063548e-02   -2.168404344971e-19
     3    4.914834413921e-03    0.000000000000e+00
     4    5.329457431281e-04    8.470329472543e-22
     5    5.372536553405e-05    4.235164736272e-22
     6    5.852926784090e-06   -5.293955920339e-23
     7    1.132145332050e-06    2.150669592638e-23
     8    1.297078134210e-07   -1.240770918830e-24
     9    1.128190964895e-08   -6.203854594148e-25
    10    3.004464083330e-09   -2.584939414228e-25
    11    6.773027822863e-10   -2.584939414228e-26
    12    4.333028635659e-11    6.866245319044e-27
    13   -9.877431100924e-12    8.077935669463e-28
    14    1.716289537528e-11   -1.009741958683e-28
    15    2.303712853016e-12    0.000000000000e+00
    16    4.188716426521e-13   -2.208810534619e-29
    17    1.414809669005e-13    9.466330862652e-30
    18    5.119480719844e-14    3.155443620884e-30
    19    7.219985302123e-15   -4.930380657631e-32
    20   -1.619580665099e-18   -1.972152263053e-31
    21   -4.367292416212e-16    2.426671729928e-32
    22   -2.282938835738e-16   -7.703719777549e-34
    23   -5.068564628443e-17   -1.011113220803e-33
    24   -2.278040829205e-17   -9.148167235839e-34
    25   -3.938590322491e-18    2.407412430484e-35
    26   -6.604819019136e-19   -2.031254238221e-35
    27   -1.493434732145e-19   -1.128474576789e-36
    28   -1.978376786416e-20    1.880790961316e-37
    29   -2.346506837847e-21    0.000000000000e+00
    30   -5.008950382666e-22   -3.526483052467e-38
    31   -7.947817036132e-23    0.000000000000e+00
    32   -1.683580687718e-22    1.175494350822e-38
    33   -8.466808318203e-22    1.175494350822e-37
    34   -2.033957840933e-21   -4.701977403289e-38
    35    6.727629326970e-22    7.993361585592e-37
    36    1.476962678077e-22   -3.009265538105e-36
    37   -2.785151472815e-20    6.018531076210e-36
    38   -6.538916945063e-20   -2.407412430484e-35
    39   -5.517970122972e-19    0.000000000000e+00
    40   -3.405855210315e-18   -9.629649721936e-34
    41    1.442304609225e-17   -7.703719777549e-34
    42    1.871711489200e-16    1.848892746612e-32
    43    9.381040025571e-16    2.465190328816e-32
    44    2.570353707828e-15    2.465190328816e-31
    45    1.141749926055e-14    6.409494854921e-31
    46   -3.660648500175e-16   -1.577721810442e-30
    47   -5.271944688685e-14   -3.786532345061e-29
    48    2.673326576201e-14    5.048709793414e-29
    49    3.350002906465e-13   -2.524354896707e-29
    50    6.625314737483e-12    1.009741958683e-28
    51    2.513561818483e-11   -1.615587133893e-27
    52    1.707599920404e-11    7.270142102517e-27
    53    6.792573205987e-11    6.462348535571e-27
    54    2.436703576522e-09    1.292469707114e-25
    55    2.341907104870e-08    0.000000000000e+00
    56    1.891790795064e-07   -9.098986738083e-24
    57    1.634316289577e-06   -1.323488980085e-23
    58    1.176342096619e-05    5.293955920339e-23
    59    8.342413595935e-05    2.117582368136e-22
    60    6.861245328698e-04    0.000000000000e+00
    61    4.816771219702e-03   -1.355252715607e-20
    62    5.257123402674e-02   -1.084202172486e-19
    63    5.404765799251e-01    3.361026734705e-18
