     0    1.266952431426e+01   -6.938893903907e-18
     1    6.530558105754e-01   -3.903127820948e-18
     2    5.899730020701e-02   -3.794707603699e-19
     3    5.949265393546e-03    1.016439536705e-20
     4    7.310791405229e-04    0.000000000000e+00
     5    1.110117471338e-04   -4.235164736272e-22
     6    1.355576475846e-05    0.000000000000e+00
     7    2.271639426903e-06   -1.323488980085e-23
     8    3.636211388122e-07   -3.308722450212e-24
     9    1.150640585768e-07    0.000000000000e+00
    10    2.156009349898e-08    0.000000000000e+00
    11    2.989461933244e-09   -5.169878828456e-26
    12    7.021649865560e-10    1.615587133893e-27
    13    1.596353592987e-10    4.846761401678e-27
    14    2.444573695333e-11    6.058451752097e-28
    15    2.510785829655e-12   -1.009741958683e-28
    16    3.309075112346e-13   -2.524354896707e-29
    17    2.102736970969e-14    0.000000000000e+00
    18   -1.799542183875e-14   -2.366582715663e-30
    19   -4.151624064267e-15    0.000000000000e+00
    20   -3.912683551471e-16    1.232595164408e-32
    21    1.874793102958e-16    2.465190328816e-32
    22    3.522302626290e-17    0.000000000000e+00
    23    6.625940027198e-18    3.851859888774e-34
    24    2.076450476226e-18    6.740754805355e-34
    25   -2.813295872056e-19    0.000000000000e+00
    26    3.072127904363e-19    0.000000000000e+00
    27    1.779178119140e-19   -1.203706215242e-35
    28    4.608959091221e-20    3.009265538105e-36
    29    1.122331758847e-20    1.880790961316e-37
    30    3.814921620742e-21    9.403954806578e-38
    31    1.081134639847e-21   -4.114230227878e-38
    32    3.418663641179e-22    1.175494350822e-38
    33   -1.054258725854e-24    3.526483052467e-38
    34   -4.492705073790e-22   -2.350988701645e-37
    35   -1.821841981675e-21    9.403954806578e-37
    36    1.312575379846e-20    0.000000000000e+00
    37    1.034524221682e-19   -1.053242938337e-35
    38    1.064923781641e-18   -6.018531076210e-35
    39    3.437063116848e-18   -1.925929944387e-34
    40    1.134988544855e-17    1.540743955510e-33
    41    6.704366955216e-17   -3.081487911020e-33
    42    5.375126984595e-16   -1.232595164408e-32
    43    2.119895882151e-16    4.314083075427e-32
    44   -3.278893192478e-15   -9.860761315263e-32
    45   -7.776859387441e-15   -5.916456789158e-31
    46   -2.292733606302e-14   -1.577721810442e-30
    47    1.972597035386e-13   -1.262177448354e-29
    48    8.999717383324e-13    5.048709793414e-29
    49   -2.275780697706e-12   -1.009741958683e-28
    50   -2.944157421615e-11    8.077935669463e-28
    51   -2.439694503320e-11    3.231174267785e-27
    52    1.115866824889e-10   -1.680210619248e-25
    53    1.298701305037e-10    3.618915179919e-25
    54    1.570876169813e-08    1.654361225106e-24
    55    8.439533604135e-08   -4.963083675318e-24
    56    2.994285545870e-07   -2.481541837659e-23
    57    2.187788924330e-06   -1.588186776102e-22
    58    1.037719994793e-05    0.000000000000e+00
    59    8.421640383864e-05   -3.176373552204e-21
    60    6.763643152487e-04    1.185846126156e-20
    61    5.698438515476e-03    0.000000000000e+00
    62    5.468070999974e-02   -3.252606517457e-19
    63    5.840208528323e-01   -6.505213034913e-19
