     0    1.232777599272e+01   -1.040834085586e-17
     1    5.540382439373e-01    1.734723475977e-18
     2    5.122369644149e-02    0.000000000000e+00
     3    4.928714653985e-03   -1.355252715607e-20
     4    5.548125223811e-04   -8.470329472543e-22
     5    6.123189667971e-05   -4.235164736272e-22
     6    1.184227756172e-05    0.000000000000e+00
     7    1.883207362922e-06   -1.323488980085e-23
     8    2.070929541412e-07    0.000000000000e+00
     9    4.938634940277e-08    0.000000000000e+00
    10    6.184717885590e-10   -1.033975765691e-25
    11    8.872869720146e-10   -2.584939414228e-26
    12   -1.881749926142e-12    3.554291694564e-26
    13   -1.062763798773e-10    0.000000000000e+00
    14   -1.715086636397e-11    3.231174267785e-27
    15    5.952945990830e-12    0.000000000000e+00
    16   -1.286989116153e-12    1.009741958683e-28
    17   -2.978883332977e-13   -6.310887241768e-30
    18   -6.739863635346e-14   -3.155443620884e-30
    19   -1.268627596313e-14    0.000000000000e+00
    20   -2.412660831266e-15   -1.479114197289e-31
    21   -2.167653528014e-16    6.162975822039e-33
    22   -3.088587152055e-17   -1.540743955510e-33
    23   -5.105756565467e-18    7.703719777549e-34
    24   -9.848779567249e-20    1.925929944387e-34
    25   -3.027693733513e-19    4.814824860968e-35
    26    5.035922341619e-20    3.009265538105e-36
    27   -8.525812246275e-20    4.513898307158e-36
    28   -2.057074328393e-20   -2.256949153579e-36
    29   -3.398976586700e-21    1.880790961316e-37
    30   -7.401047024811e-22   -4.701977403289e-38
    31   -4.608536033490e-23   -2.938735877056e-39
    32   -8.549178160704e-23    7.346839692639e-39
    33    1.229425141432e-22   -1.910178320086e-38
    34    1.587069444926e-22    7.052966104934e-38
    35   -4.327200311880e-21   -2.821186441973e-37
    36   -1.965544163505e-21    7.523163845263e-37
    37    4.873161724203e-20    0.000000000000e+00
    38    3.670496740322e-20    0.000000000000e+00
    39    4.444448584852e-19   -9.629649721936e-35
    40    4.186919114433e-18    0.000000000000e+00
    41    5.262857524044e-17   -3.081487911020e-33
    42    1.505600277934e-16   -6.162975822039e-33
    43    1.281556449289e-16   -1.232595164408e-32
    44    8.265612255258e-16   -9.860761315263e-32
    45    5.337977176070e-15    0.000000000000e+00
    46    2.731330189261e-14    0.000000000000e+00
    47    4.715983443515e-15    0.000000000000e+00
    48    1.868661269972e-13   -3.786532345061e-29
    49    2.693697714036e-12    1.514612938024e-28
    50    1.607832297463e-11    2.019483917366e-28
    51    1.101339672317e-10   -1.009741958683e-28
    52    4.517439712013e-10   -1.938704560671e-26
    53    1.671590398831e-09   -3.877409121342e-26
    54    9.049707902963e-09    2.067951531383e-25
    55    5.572456282146e-08    3.101927297074e-25
    56    3.759042755671e-07   -9.098986738083e-24
    57    2.960783152995e-06    1.488925102595e-23
    58    1.884348309882e-05   -2.382280164153e-22
    59    1.170966578434e-04    4.235164736272e-22
    60    7.666149219629e-04    3.388131789017e-21
    61    5.340074487115e-03   -1.270549420881e-20
    62    4.767295164102e-02   -2.168404344971e-19
    63    5.041845102849e-01    0.000000000000e+00
