     0    1.158159512203e+01   -3.469446951954e-18
     1    5.409197609673e-01    0.000000000000e+00
     2    5.492600304512e-02    0.000000000000e+00
     3    5.498167436219e-03    0.000000000000e+00
     4    9.574111243596e-04    0.000000000000e+00
     5    1.200987457468e-04    1.694065894509e-21
     6    2.105627844897e-05    4.235164736272e-22
     7    2.483904200278e-06   -2.117582368136e-22
     8    4.179777950712e-07   -2.646977960170e-23
     9    8.074081397702e-08    0.000000000000e+00
    10    1.900567407366e-08    0.000000000000e+00
    11    8.266630014704e-09    1.033975765691e-25
    12    1.027326070253e-09   -1.033975765691e-25
    13    1.442816947281e-10   -1.534807777198e-26
    14    1.794970813931e-11    2.423380700839e-27
    15   -2.385684557542e-12   -6.058451752097e-28
    16   -2.247486555899e-12   -1.009741958683e-28
    17    6.664780699108e-14   -1.262177448354e-29
    18    6.248453145064e-15    5.522026336547e-30
    19    3.528746188419e-14   -7.888609052210e-31
    20    6.437865946145e-15   -1.972152263053e-31
    21    7.953243806495e-16   -1.232595164408e-32
    22    9.336698483841e-17    1.078520768857e-32
    23   -2.843651915894e-18    5.392603844284e-33
    24    4.548677892403e-18    7.703719777549e-34
    25   -3.187758900475e-18    1.540743955510e-33
    26   -1.213233031819e-18   -1.925929944387e-34
    27   -1.914514391250e-19    1.805559322863e-35
    28    1.591078482018e-20   -7.523163845263e-37
    29    9.073029833436e-21   -1.880790961316e-36
    30    2.544259834561e-21    0.000000000000e+00
    31    3.619038986472e-22    0.000000000000e+00
    32    1.216513553840e-22    1.175494350822e-38
    33    9.046482000561e-23   -1.175494350822e-38
    34   -1.795359924957e-22    0.000000000000e+00
    35   -4.608618899557e-21   -4.701977403289e-37
    36   -1.614917498337e-20   -9.403954806578e-37
    37   -4.877847964395e-20    0.000000000000e+00
    38    5.408822153375e-20    0.000000000000e+00
    39    7.029182037053e-19   -2.407412430484e-35
    40    3.912213452480e-18   -9.629649721936e-35
    41    1.554694005079e-17    1.540743955510e-33
    42    2.712394826220e-17    3.081487911020e-33
    43    4.722006869560e-17    0.000000000000e+00
    44   -4.041809968638e-16    0.000000000000e+00
    45   -4.488461166496e-15    0.000000000000e+00
    46   -1.095772619235e-14    1.972152263053e-30
    47   -2.940258579913e-14   -9.466330862652e-30
    48   -2.457298450369e-13    0.000000000000e+00
    49    1.460139415868e-12   -3.029225876049e-28
    50   -2.883679969142e-13    8.077935669463e-28
    51    6.333610277192e-11    9.693522803356e-27
    52    5.094626937269e-10    6.462348535571e-26
    53    2.851947144720e-09   -5.169878828456e-26
    54    1.357684494812e-08    6.203854594148e-25
    55    6.244331464443e-08   -8.271806125530e-25
    56    3.209297412796e-07   -1.654361225106e-24
    57    1.171536131275e-06    1.158052857574e-23
    58    7.583591678936e-06    0.000000000000e+00
    59    5.240829409803e-05    2.117582368136e-22
    60    4.500567936130e-04    6.776263578034e-21
    61    4.711604987445e-03    0.000000000000e+00
    62    4.932557272304e-02    0.000000000000e+00
    63    5.136278104223e-01    8.673617379884e-19
