     0    1.161227545343e+01    0.000000000000e+00
     1    5.121044441582e-01    6.505213034913e-19
     2    5.841792253813e-02   -1.084202172486e-19
     3    5.592056886039e-03    4.065758146821e-20
     4    5.512708060546e-04   -8.470329472543e-22
     5    7.012569267638e-05    0.000000000000e+00
     6    8.641646323291e-06    2.646977960170e-23
     7    1.293933161709e-06   -2.646977960170e-23
     8    1.672592340114e-07   -1.654361225106e-24
     9    2.119767286735e-08   -1.318319101256e-24
    10    3.088068537564e-09    1.938704560671e-26
    11    5.034469193196e-10   -1.938704560671e-26
    12    1.105263949705e-10    3.231174267785e-27
    13   -3.620220971401e-12   -1.211690350419e-27
    14   -7.381989297558e-12   -6.058451752097e-28
    15   -1.312220813824e-12   -1.640830682860e-28
    16   -3.890438806376e-13    3.786532345061e-29
    17   -1.273121286916e-13    3.155443620884e-30
    18   -3.967006707512e-14   -2.267975102510e-30
    19   -9.772804242039e-15    6.902532920684e-31
    20   -1.934748446715e-15    1.479114197289e-31
    21   -1.145656266961e-16    0.000000000000e+00
    22   -6.912813513219e-17   -1.540743955510e-33
    23   -1.145239580836e-17    7.703719777549e-34
    24   -8.458757901657e-18    0.000000000000e+00
    25   -2.268952816608e-18    1.444447458290e-34
    26   -1.046219208462e-19    1.083335593718e-34
    27    1.030361897900e-19    2.407412430484e-35
    28   -6.794398971306e-21   -7.523163845263e-37
    29   -2.815389617504e-21   -2.256949153579e-36
    30    1.081437732130e-21    9.403954806578e-38
    31    1.445550965898e-22   -9.403954806578e-38
    32   -2.067330692900e-22   -2.350988701645e-38
    33   -2.050120074606e-22    1.175494350822e-38
    34   -5.216034231945e-22   -4.701977403289e-38
    35   -5.961576392407e-22    0.000000000000e+00
    36   -6.707907644958e-21    4.701977403289e-37
    37   -2.783588241997e-20    0.000000000000e+00
    38   -2.255799876857e-19    3.009265538105e-36
    39   -6.346362617122e-19   -2.407412430484e-35
    40   -2.315614787551e-18    0.000000000000e+00
    41   -6.486222166438e-18   -5.777789833162e-34
    42   -2.157011256403e-17    4.622231866529e-33
    43   -3.465537047981e-17    1.540743955510e-33
    44    8.520441258083e-17   -3.697785493223e-32
    45   -1.870730137535e-17    9.860761315263e-32
    46   -4.896117718873e-16   -1.183291357832e-30
    47    2.859287431620e-14   -1.577721810442e-30
    48    8.795354273426e-14   -1.262177448354e-29
    49    5.933618640396e-13    0.000000000000e+00
    50    2.976206947863e-12   -8.835242138475e-29
    51    1.327846711533e-11   -6.058451752097e-28
    52    7.797158925879e-11    0.000000000000e+00
    53    4.372528171346e-10    0.000000000000e+00
    54    1.999269946893e-09   -1.033975765691e-25
    55    1.245049652586e-08    1.240770918830e-24
    56    7.045788275838e-08    6.203854594148e-25
    57    6.642970869166e-07    1.654361225106e-23
    58    6.092112548464e-06   -5.293955920339e-23
    59    5.803566719520e-05   -4.235164736272e-22
    60    4.506026632944e-04    0.000000000000e+00
    61    4.609275391451e-03    1.355252715607e-20
    62    4.971905971192e-02   -4.336808689942e-19
    63    5.204313249225e-01   -1.734723475977e-18
