   0   -2.993016821897e-03   -1.579203713801e-16
   1    4.319669987336e-04    2.118333191787e-16
   2    1.882201037541e-03    1.064348083828e-18
   3    2.688237706994e-04    4.201144762024e-16
   4    9.930068681432e-04    6.264014425571e-17
   5    1.748594980006e-03   -9.356828277824e-17
   6   -3.704128544838e-03   -1.876017310662e-17
   7   -5.003378356275e-03   -3.081384323651e-16
   8    6.791734490424e-04    6.650847797007e-17
   9   -5.585286354874e-04    7.029923927712e-17
  10    9.228124342139e-04   -3.639345515175e-17
  11    1.303028729523e-04   -3.300558119697e-17
  12   -2.462437899734e-04    1.172530797473e-17
  13    1.124261177732e-03    1.751194248112e-17
  14    2.502446172008e-03    6.601821044758e-17
  15    1.643531935417e-03   -5.232093848708e-18
