   0   -1.474693512237e-05   -1.023227859808e-17
   1    2.789234689061e-05    1.394011313517e-17
   2    9.315412522275e-05    3.189152158221e-17
   3    6.895003908693e-05    3.074228644626e-17
   4   -7.703539340859e-05   -2.416774153527e-17
   5   -3.017588931013e-05    1.895112522816e-18
   6    1.312269078992e-04    4.126296912626e-17
   7   -4.456913694675e-05   -1.546232564024e-17
   8   -2.151019861355e-05   -6.609821584040e-18
   9   -7.422059038806e-06    2.114866915711e-18
  10    2.241614187862e-04    8.586864837653e-17
  11   -3.797370818827e-05   -1.232149032310e-17
  12   -1.825261321175e-04   -6.161822679185e-17
  13   -1.268967654885e-04   -3.976071719567e-17
  14    1.247928297347e-04    3.860445594921e-17
  15   -4.034163686716e-05   -1.058492377716e-17
