   0   -1.527443014888e-04   -2.195395253159e-17
   1   -1.112275564840e-03   -3.602582966383e-17
   2    3.138451379010e-05   -2.793123520103e-17
   3   -2.882577928241e-04   -2.757626973194e-17
   4    4.359115690814e-04   -1.669746616159e-17
   5   -4.349018842630e-05   -4.566120742547e-17
   6    4.609442249258e-04    4.135851016650e-17
   7    2.933022868158e-04   -8.757701725745e-19
   8   -5.916797202392e-04   -3.428835816352e-17
   9   -5.814108484614e-04   -8.852188621930e-18
  10   -1.215089383781e-04    2.008231724136e-17
  11    1.924091407294e-04    7.420086122766e-17
  12   -1.620110785193e-04   -8.898689557706e-18
  13   -1.644294166410e-04   -2.965431403664e-17
  14    3.716211224369e-04    2.533444705706e-17
  15    1.594207473212e-04    4.798030874387e-19
