   0   -2.422093914917e-03    3.387641219861e-16
   1   -1.151636051332e-03    1.351756768790e-16
   2   -1.440606235062e-03    1.663118372592e-16
   3   -1.045057872963e-04   -6.918681743301e-17
   4    1.921013617543e-03   -3.146504103635e-16
   5    6.794585105925e-04    1.273300527684e-16
   6    5.688596584743e-05    2.910744685646e-16
   7   -6.398607548717e-04    1.321697915498e-16
   8    5.599196315887e-04    1.138339051937e-16
   9   -5.463517644976e-05   -1.819531219169e-16
  10    1.530283437619e-04   -1.636918387370e-16
  11    3.334805358407e-04   -1.785704944919e-17
  12    1.707612559557e-04    1.082649344306e-16
  13   -1.534469562852e-03   -3.475372831724e-17
  14    1.873941532565e-04    6.339026174530e-17
  15   -1.745870754427e-03    2.313711191010e-16
