   0   -1.033923902930e-05   -1.713545950823e-17
   1   -8.607677104071e-05   -7.561237467296e-17
   2   -1.232882383333e-04   -1.082330302277e-16
   3   -8.012561414929e-05   -6.639701495131e-17
   4    3.697814174336e-05    2.778645402854e-17
   5    5.199593223021e-05    4.094509692594e-17
   6   -1.809631806097e-05   -2.070754265973e-17
   7    6.421618043791e-05    5.928228766015e-17
   8    6.774834695093e-06   -4.547636125740e-19
   9   -1.275372221613e-04   -1.071131461004e-16
  10    5.757954354025e-05    5.056986323899e-17
  11   -7.452432237040e-06   -1.724219491942e-17
  12    3.894485546184e-05    3.584199136618e-17
  13    6.089165311617e-05    5.117254862795e-17
  14   -1.732184940139e-05   -8.285141854373e-18
  15   -4.697763685141e-05   -4.107049341765e-17
