   0   -2.136141734974e-03   -5.439151149292e-16
   1   -2.374337798710e-03   -1.175570071704e-16
   2    8.953349442378e-04    6.230567414042e-18
   3    4.752683246602e-04    1.374767214751e-16
   4    1.337921210964e-03    9.336498216988e-17
   5   -1.434352682630e-04    2.793528273580e-16
   6   -2.218771605325e-03   -4.261530640659e-16
   7   -6.228420302761e-04   -1.152145024046e-16
   8    5.467709760755e-04   -2.275216086880e-17
   9   -1.036788358937e-03   -2.038339695426e-16
  10   -6.258773467242e-04   -1.258634854864e-16
  11   -6.884136114459e-04   -5.172473935813e-17
  12    1.568084199503e-03    2.201618277445e-16
  13   -7.404610126433e-04   -6.348229910483e-17
  14    2.691876199528e-04    6.505859849696e-17
  15   -7.954800414881e-05    1.335482349800e-16
