   0   -2.760429472717e-05    2.566558892808e-17
   1   -2.345424016476e-04    1.020352996477e-16
   2   -1.421103366417e-04    7.539776066625e-17
   3   -2.361662332738e-04    1.092065901928e-16
   4    4.187983040375e-05   -1.969997161989e-18
   5    6.579137745521e-05   -1.775256309475e-17
   6   -1.405137384126e-05    3.032405593833e-18
   7   -9.095043875894e-05    3.936485797468e-17
   8   -4.712790135639e-05    3.065863905371e-17
   9   -4.326237819694e-05    9.612427557238e-18
  10   -5.704594199386e-05    4.693555406834e-17
  11   -1.717763822384e-04    6.235682347860e-17
  12   -1.641945895817e-04    5.883216951462e-17
  13    3.594045911240e-05   -2.487446751121e-17
  14    6.967288898703e-05   -1.372392724064e-17
  15    1.052657017226e-04   -5.126957398378e-17
