   0   -3.860845468641e-06    5.235554456005e-18
   1   -1.089313798003e-05    8.258489818913e-18
   2    4.371945362664e-05   -3.662393298810e-17
   3   -6.885601174863e-06    1.614585311397e-18
   4   -1.866752134998e-05    1.178458661794e-17
   5    3.388451145536e-06   -9.714514184208e-18
   6   -7.490254434059e-05    4.511448007616e-17
   7    2.480637937006e-05   -1.725581813362e-17
   8    2.206861531530e-05   -1.823545150501e-17
   9    5.210916873639e-05   -4.449391031156e-17
  10   -6.289835852318e-05    4.831895787024e-17
  11   -1.388868078880e-06   -6.039042110382e-18
  12    1.475558016641e-06   -5.363437773019e-18
  13   -3.697394981122e-05    3.510433818596e-17
  14    8.312744257145e-05   -5.592677969492e-17
  15    6.076820070685e-06   -8.046945021503e-18
