   0   -1.232501131039e-03   -2.026782924291e-16
   1   -1.832874332254e-03   -5.715941775379e-17
   2    5.521817206027e-04    4.540168176074e-17
   3    1.702119862710e-04    2.556501175815e-16
   4    7.162920771130e-05    1.991862714558e-18
   5   -6.397458688669e-04   -9.937332593042e-17
   6    1.232324952869e-03    8.963168202107e-17
   7    3.797984727879e-04    4.681856294685e-17
   8   -2.286746983430e-05    5.915101704290e-18
   9    8.722664422183e-05    9.681814796003e-17
  10    7.232438951551e-04    2.049022200038e-17
  11   -4.028404516166e-04   -1.929265291050e-16
  12    7.951892882828e-04    1.316425473788e-16
  13   -6.047556369888e-04   -1.900401739191e-16
  14   -3.584136668819e-04   -1.658876973958e-16
  15    4.358738051820e-05   -4.708571600875e-17
