   0   -5.782467631593e-06    3.737617639145e-18
   1   -1.159068339001e-04    3.051810066373e-17
   2   -6.081945928772e-05    1.912201279861e-17
   3    6.583722911347e-08   -5.894676775096e-18
   4    1.374267268841e-04   -5.722899373789e-17
   5   -8.210436702794e-05    3.294227303624e-17
   6   -1.215703798817e-04    3.448425725642e-17
   7    1.184160409507e-04   -3.987216565240e-17
   8   -5.906484518020e-06    4.311643456887e-18
   9    1.187784779837e-06   -1.480039981816e-17
  10    8.373775752262e-05   -4.147934156863e-17
  11   -1.523879357712e-05    8.395599771129e-18
  12   -5.155072349788e-05    1.826227469571e-17
  13    7.883894937858e-05   -3.161996520511e-17
  14    7.077303405771e-05   -1.806729931824e-17
  15   -1.109895810368e-05    1.373198281162e-17
