   0   -4.708945133678e-04    1.108229934202e-16
   1    1.014933151524e-03   -1.242484616394e-16
   2    6.344509196395e-04   -9.874959931593e-17
   3    3.710595625286e-04   -3.884524307518e-17
   4   -8.029037572157e-05    1.908477891025e-17
   5   -1.551378248322e-04    4.716585520191e-17
   6    1.771377296739e-04   -2.807188699474e-17
   7    1.329672585654e-03   -1.420111819649e-16
   8   -5.301069556141e-04    7.201597523828e-17
   9    1.942430889737e-04   -7.826863345745e-17
  10   -1.225317464712e-04    8.669452438710e-17
  11    3.118083661299e-04   -4.873735483614e-17
  12   -4.151067359475e-05    3.138582962738e-17
  13   -1.022430891892e-03    8.176522290929e-17
  14   -2.302638084890e-04   -6.632939864732e-18
  15   -4.564250139932e-04    5.611802507355e-17
