   0   -1.951986576299e-05   -3.531678322020e-17
   1    5.067193497258e-05    4.976379116239e-17
   2    5.598275742335e-05    3.985283098514e-17
   3    4.969841451429e-05    4.643055420482e-17
   4   -1.305525918157e-04   -1.097640120888e-16
   5   -2.290458917668e-06   -7.958164280482e-18
   6    6.634550320408e-05    6.296165819167e-17
   7   -1.552866978468e-04   -1.326299089314e-16
   8   -5.510869370059e-05   -4.887233821582e-17
   9   -1.006600037293e-04   -9.302280114796e-17
  10    6.990619261742e-05    7.991709394830e-17
  11    1.262295463967e-04    1.029101602462e-16
  12    1.305389056160e-04    1.279005335352e-16
  13   -1.278814083123e-04   -1.264774850655e-16
  14   -1.454987829549e-05   -2.002950965432e-17
  15   -2.092151764139e-06    6.936558037581e-18
