   0   -2.051426677484e-04   -9.858933080805e-17
   1   -1.377985407258e-04   -3.788269007469e-17
   2    1.429808326212e-04    3.117721409854e-17
   3   -2.612965579967e-04   -2.462452736802e-17
   4   -9.122590059776e-04   -2.382926749403e-16
   5    6.325986214378e-04    1.710918081778e-16
   6    2.450856358589e-04    6.207304401798e-17
   7   -2.068531769854e-04   -2.426328350404e-17
   8    4.114997608264e-04    9.252054861071e-17
   9    1.751938681740e-04    2.142617557324e-17
  10    1.558134553663e-04    5.016232839869e-17
  11   -4.440837570711e-04   -1.544154222793e-16
  12   -4.074255116605e-04   -1.360657426467e-16
  13   -2.010677527867e-04   -5.467608752724e-17
  14    3.224213695338e-04    5.680414202682e-17
  15   -8.591179960346e-05    1.592932404776e-17
