   0   -9.616489414084e-05   -1.045176753650e-16
   1   -2.197209510825e-04   -1.585969687751e-16
   2   -4.344967512014e-04   -2.513605012383e-16
   3    2.702519365253e-05    2.775099614765e-17
   4    9.747020067904e-05    3.554856716500e-17
   5    1.472916930216e-04    5.609067975060e-17
   6   -4.040759152793e-05    1.288054897832e-17
   7   -7.950410845833e-05   -5.626958513059e-17
   8    2.254540005588e-04    7.896931716304e-17
   9   -1.670781716253e-04   -9.732755735954e-17
  10    8.041651065894e-06   -2.162284514672e-18
  11   -8.721950825092e-05   -4.522019977819e-17
  12   -9.751591946048e-05   -6.061410515448e-17
  13   -1.776540813129e-04   -8.565520581993e-17
  14   -3.945160532258e-05   -8.240780902714e-17
  15    1.146689106199e-04    3.836249832315e-17
