   0   -4.750152853757e-04    5.807313399616e-17
   1   -5.260888709647e-04   -8.882712068261e-17
   2    4.698507867608e-05   -4.523734181340e-19
   3    2.493266868216e-04    7.186894712973e-17
   4   -5.999066650950e-04    1.489345800491e-17
   5   -9.084683109564e-04    1.136056648196e-16
   6   -6.328559230075e-05   -6.388349027401e-17
   7   -3.459611919760e-04    3.082664951355e-17
   8   -9.985973337187e-04    9.007847296895e-17
   9   -4.791449320733e-04    5.106642783495e-17
  10    4.055264872507e-04   -4.414659156196e-17
  11    6.746328741534e-04    4.103155252941e-17
  12    1.572386245547e-04   -7.494390298619e-17
  13   -1.417951096054e-04    1.108731541653e-17
  14   -2.020546292134e-04    1.961026593237e-17
  15    7.206827276580e-04   -2.711564243617e-17
