   0   -2.070600031360e-06    0.000000000000e+00
   1   -1.260058271225e-05   -1.917077119980e-18
   2   -2.503177012483e-05   -3.514641386629e-18
   3   -9.921153781253e-05    7.348795626590e-18
   4    3.810032533880e-05   -7.987821333250e-19
   5    1.844128619161e-05    9.585385599900e-19
   6   -1.278315403574e-05    6.709769919930e-18
   7   -2.421115328323e-05   -3.195128533299e-19
   8   -3.094472349345e-05    3.674397813295e-18
   9   -5.720394251905e-05    6.070744213270e-18
  10   -1.256907747279e-05    1.917077119980e-18
  11   -6.430530433132e-05   -9.585385599900e-19
  12   -6.247674700879e-05   -3.195128533299e-19
  13   -1.678293482020e-05    3.514641386629e-18
  14    6.030432465947e-06   -2.875615679969e-18
  15   -3.083954548797e-05   -3.195128533299e-19
