   0   -1.229241615221e-04   -4.923668991003e-18
   1    1.819899284717e-04   -1.481899857963e-17
   2   -7.068083696758e-05    3.305013923542e-17
   3    2.668052087544e-04   -6.235707057630e-17
   4    5.401672237471e-04   -8.876604981925e-18
   5   -1.307043190121e-04   -1.492682223221e-17
   6   -3.548504598985e-04   -2.187769041185e-17
   7    8.287498857867e-05    1.659759181359e-18
   8   -6.304991849218e-05    6.028314509617e-17
   9   -2.311073316549e-04   -1.201395076803e-17
  10   -2.785464727482e-04    7.961566294877e-18
  11   -7.759782210193e-05   -3.232700317491e-17
  12    1.178984263412e-04   -4.441367263861e-17
  13   -6.954768892175e-04   -6.316518838828e-17
  14   -4.134645092261e-04   -3.536074186294e-17
  15    3.367880799941e-04    1.166861239950e-17
