   0   -1.217145693936e-03    6.971946059307e-17
   1    8.343453731409e-04   -3.938932945746e-17
   2   -1.107725186380e-04   -4.718035715744e-17
   3    1.878385180556e-04    7.595957095937e-17
   4   -2.121641364619e-04    1.648819370041e-16
   5    1.660373410174e-04    4.947084524314e-17
   6    1.055108959314e-03   -9.219176186667e-17
   7    1.942273409025e-04    5.641007468476e-17
   8    2.685706964780e-04   -2.318522773377e-17
   9   -2.604220453244e-04   -1.164870753580e-16
  10   -2.186395189685e-04    7.210811477336e-17
  11   -2.090062833948e-04   -3.274697734620e-17
  12   -2.600635882011e-04   -1.203706451359e-16
  13   -6.566383951141e-04   -3.541975792120e-17
  14   -3.004538895264e-04    5.895811042957e-17
  15    2.138304339965e-04    4.422872108608e-17
