   0   -3.828955376737e-04    8.689811857202e-17
   1    3.196657517590e-04   -7.103330871526e-17
   2   -3.076498942574e-04    8.841126656763e-18
   3    4.968598885911e-04   -2.813927194298e-17
   4   -6.701180899143e-04    1.433876714046e-16
   5    3.254706376010e-04    4.779289508004e-17
   6   -9.095493193355e-04    1.444876871806e-16
   7   -4.740896950509e-04    6.248712532892e-17
   8    3.473156065526e-04   -3.072181584612e-17
   9    3.448523553250e-05    4.316948939497e-19
  10   -1.971208635573e-04   -1.021851057370e-17
  11    2.444021381983e-04    2.680816432969e-18
  12   -2.518188027882e-04    6.550683124513e-17
  13    2.233963484870e-04   -1.165929182306e-16
  14    7.503512102358e-04   -1.351124985353e-16
  15    1.513085519065e-04   -7.582596328036e-17
