   0   -9.205629659352e-05    3.834771404668e-17
   1    2.093106744582e-04   -4.572650067957e-17
   2    8.916797700512e-05    6.015908620579e-19
   3   -1.106648905961e-04   -2.595012674497e-17
   4   -3.406451378439e-05    3.266023712414e-17
   5    3.696927438533e-04   -7.060981121423e-17
   6    1.508618102556e-04   -6.337853513909e-17
   7    3.113268479252e-05    1.055898721507e-17
   8   -1.288565755316e-04    3.109962477463e-17
   9    4.418539018461e-04   -1.005528283737e-16
  10   -1.809034166451e-04    5.152707943124e-17
  11   -3.369376460466e-04    5.633094727941e-17
  12   -2.315967331749e-04    6.528133084983e-17
  13   -1.104139638013e-05   -7.287181906988e-18
  14    1.328516852187e-04   -5.004038509009e-17
  15   -2.673593319303e-05    2.261209654547e-17
