   0   -3.511315637043e-04   -1.830744917968e-16
   1   -3.110399594746e-04   -6.860332726768e-17
   2   -1.091297280229e-05   -1.047841321149e-16
   3   -8.836743891164e-04   -1.325885637626e-16
   4   -5.156949495414e-04   -3.457881675441e-17
   5    4.088661809617e-05   -1.638627457943e-17
   6   -6.230960706970e-04   -1.894813561356e-16
   7   -7.159784417655e-05    5.853089752743e-20
   8   -1.581600621711e-06    6.616023158873e-17
   9   -5.363690935932e-04   -1.335860418807e-16
  10   -4.529594732203e-04   -1.118418077542e-16
  11    9.373542788366e-04    2.152354246032e-16
  12    5.486171172542e-04    1.346986136762e-16
  13    3.482159944131e-04    6.165169251002e-17
  14   -7.840968212573e-05    2.116704962140e-17
  15    3.673099165228e-04    4.166462488693e-17
