   0   -5.768882540173e-05   -5.396796621852e-17
   1   -7.435850825180e-05   -4.321373210555e-17
   2   -1.412157023993e-04   -8.460521892848e-17
   3    4.359552101341e-05   -2.375904324008e-18
   4    3.450174775904e-04    1.580091367426e-16
   5    3.218004456347e-04    1.538953517257e-16
   6    3.979958744794e-04    1.743573193333e-16
   7    2.128268739370e-06   -2.345873569768e-17
   8   -1.138326325557e-04   -3.891004196825e-17
   9   -7.201958276072e-05   -4.633594564777e-17
  10   -1.881097001751e-04   -7.955593175206e-17
  11   -4.449358719307e-04   -2.064325253082e-16
  12   -2.631099304134e-05   -7.247486137658e-18
  13    1.011796745363e-04    3.383486264416e-17
  14   -2.811935034522e-04   -1.138201930599e-16
  15    2.642039476126e-05    4.018538827298e-17
