   0   -1.372592844749e-03    1.151699362534e-16
   1    3.833219895219e-04   -4.487415360819e-17
   2   -6.173026534212e-04   -2.894524768454e-18
   3   -4.968741938833e-04    9.077017735292e-17
   4   -8.729883585958e-04    1.024362419661e-16
   5   -2.721209155155e-04    1.552961586581e-17
   6   -4.440152560526e-04   -5.952306834732e-17
   7    1.350279561592e-03    9.361186052657e-19
   8   -6.721559247314e-04    1.474823900477e-16
   9    3.791561249882e-04   -1.022843494582e-16
  10   -7.630472535769e-04   -3.379894799977e-17
  11   -2.285358600814e-04   -1.960727388598e-16
  12    4.945774472092e-04   -6.188133690498e-17
  13   -2.082268977700e-03    6.679225103054e-17
  14    1.092058450154e-03   -4.581559002377e-17
  15   -8.173704763179e-04   -2.727418797847e-18
