   0   -2.037970971573e-04   -3.486839101172e-17
   1   -1.914088508444e-04   -2.112920090429e-17
   2    7.689088349424e-05    4.144616230559e-17
   3    5.090562229785e-04    5.305770705499e-17
   4    4.992667102271e-04    7.123936764761e-17
   5   -4.749528480400e-05    2.605053939205e-17
   6    4.671143507296e-04    1.049421531103e-16
   7   -3.848367212272e-04    6.217405050653e-17
   8    8.086740460266e-05   -1.844087975989e-17
   9   -1.216091077836e-04   -2.625254224061e-17
  10    2.774433844138e-04    2.690425560721e-17
  11   -1.403316963463e-04    2.761823991532e-17
  12    5.756105435278e-04    9.520453603776e-17
  13    4.709597655600e-04    9.576155497178e-17
  14    1.157806661545e-04   -1.545416092958e-17
  15    1.609025226148e-04   -2.427354408541e-17
