   0   -3.079291046964e-03    9.857245706072e-17
   1   -2.650856228132e-03    1.163581693885e-16
   2   -3.594778885355e-03   -9.032171004782e-17
   3    2.738200601572e-03   -1.362385134876e-16
   4   -8.799538027089e-04    2.297115320642e-16
   5   -1.252181938687e-03    2.479908634687e-16
   6    1.477211056900e-03   -1.776632706789e-16
   7    1.533369435342e-03    1.004532243370e-19
   8    1.072602542232e-03   -3.436890254277e-16
   9   -8.566880350454e-04    1.122843542573e-16
  10   -1.456412765985e-03    1.526872650750e-16
  11   -2.419398822823e-04    1.578918828885e-16
  12   -1.447084133578e-03    9.709094662655e-17
  13    1.577708960404e-03   -2.223972605840e-16
  14   -1.306934042606e-03   -1.022971687080e-16
  15   -3.833783002574e-04   -1.417224450630e-16
