   0   -4.619035568196e-05   -1.810911075016e-17
   1    5.423988068026e-05    4.596109104267e-18
   2    1.328543784217e-04    1.170666164338e-17
   3   -6.421384244728e-06    1.005942973501e-17
   4    5.055513319217e-05    6.891984351366e-18
   5    6.891188643371e-05   -8.277911872639e-19
   6   -2.015423869868e-04   -4.403502073164e-17
   7    2.815118188734e-04    6.423846368443e-17
   8   -2.402024981269e-05   -8.481348147619e-18
   9   -1.728698513133e-04   -5.275080984262e-17
  10    8.283904925968e-05    5.675039720612e-18
  11    1.915399252664e-04    1.264696351905e-17
  12    2.045341145070e-04    6.801241472545e-17
  13   -7.586101965645e-06   -4.977804256769e-17
  14    6.116204322025e-05    2.708033551416e-17
  15    7.206287635944e-05   -3.228297310958e-18
