   0   -2.862188496660e-05   -7.127555239262e-18
   1   -8.427175452127e-05    5.544126681227e-18
   2    9.039169522075e-05    2.966773172498e-17
   3    1.188649460467e-04    6.484670414030e-18
   4    9.742173989783e-05   -1.162830952303e-17
   5   -5.155775473614e-05   -1.117127972486e-17
   6    6.528543187343e-06   -9.878448727501e-18
   7    2.119229757279e-05   -1.519038182629e-18
   8   -1.749009500433e-06   -2.177732501349e-19
   9   -4.211411541655e-04   -7.381993257397e-17
  10   -1.094356785555e-04   -2.194157256244e-17
  11   -1.324375360097e-04   -1.767803221601e-17
  12   -2.240860515300e-04   -3.443506896103e-17
  13   -1.035940704037e-04   -2.952970142616e-17
  14    1.245872781734e-05    9.573023073267e-19
  15   -4.215527709978e-06   -8.840366294747e-18
