   0   -2.554543353831e-04   -7.097850700263e-18
   1   -5.716339314221e-04   -1.858825861391e-17
   2   -9.028487761530e-07   -4.969749782034e-17
   3    1.762041242605e-05   -8.627520002594e-18
   4    6.694783113677e-05   -2.618845793246e-18
   5   -2.648613443867e-04    3.418237520264e-18
   6    2.326762244331e-04   -7.414297924609e-18
   7    6.790000538226e-05   -1.325239366604e-17
   8    2.142541063961e-04   -3.606163187518e-17
   9    2.116789609488e-04   -2.012724326978e-17
  10    6.625377377697e-04   -7.951876080945e-17
  11   -3.755848139933e-04    1.252677650159e-17
  12   -1.343863618730e-03   -3.641438882958e-17
  13    1.388698615798e-04   -1.404090039177e-17
  14    8.303713889151e-05    9.520012368066e-17
  15    3.333893847740e-04    5.609106353162e-17
