   0   -5.756199666039e-04    1.491647421745e-16
   1    1.470547927495e-06    3.177333623685e-17
   2   -2.032554116940e-04    1.275544858884e-16
   3   -8.495289120456e-04    4.081735738623e-17
   4   -1.661562089353e-03    2.206138684944e-16
   5    5.392758668133e-04    1.003637252884e-17
   6    1.970628441228e-03   -4.311332066264e-16
   7    7.389566904643e-04   -7.177280450900e-17
   8    6.064231841936e-05    8.124586051175e-18
   9    1.001022671408e-03   -2.096109596311e-16
  10    2.582203485104e-04   -5.476654183965e-17
  11    1.108353627278e-03   -2.608088851148e-16
  12    1.085838546479e-04   -3.271466926549e-17
  13    5.110058076405e-04   -5.821942565200e-17
  14   -4.889535231136e-04    7.400773104094e-17
  15   -1.848872777928e-04    8.788336382716e-17
