   0   -6.180347379632e-06    3.312057889602e-18
   1   -4.944985165734e-06    4.085060908592e-18
   2   -2.435969993478e-05    7.907224891226e-18
   3   -8.273263088099e-05    2.327229285830e-17
   4    8.882709812434e-05   -2.545731980126e-17
   5    2.756892471954e-05   -1.867018594884e-18
   6    5.941732955639e-05   -2.006099258284e-17
   7    3.899400308815e-05   -2.720338743137e-18
   8   -5.828814999549e-05   -9.419337792749e-19
   9    5.791136203425e-05   -1.910545775169e-17
  10    1.541764926646e-04   -3.827565949327e-17
  11    5.452213905007e-05   -5.777095699485e-18
  12    7.408240211104e-05   -2.509452961297e-17
  13    6.808856671214e-05   -1.079225479007e-17
  14    9.456183577800e-05   -2.202586043485e-17
  15   -5.549808198786e-06   -2.929001711127e-18
