   0   -8.689940164720e-04   -0.000000000000e+00
   1    2.276520137083e-04   -9.818380927333e-17
   2   -2.433085691145e-04    3.272793642444e-17
   3   -3.075837977226e-04    2.618234913956e-17
   4   -4.388974285765e-04   -0.000000000000e+00
   5   -2.350624134457e-03    7.200146013378e-17
   6   -1.066604848183e-04   -6.545587284889e-17
   7    1.147570635912e-03   -1.636396821222e-17
   8   -1.354811980058e-04    6.545587284889e-17
   9    8.382142916029e-05    5.563749192157e-17
  10   -4.419229173310e-04   -6.545587284889e-18
  11   -8.253847318923e-04    6.545587284889e-18
  12    6.994292508319e-04    6.218307920646e-17
  13   -5.368240283096e-04   -6.545587284889e-17
  14   -2.848835587650e-04   -6.545587284889e-18
  15   -1.123783265224e-03    1.963676185467e-17
