   0   -1.884990524154e-03   -1.928078921632e-16
   1   -1.311614673572e-03    1.112674774876e-16
   2    1.195404862816e-03    1.575404581563e-16
   3   -5.040744734469e-04   -1.613945294895e-17
   4   -4.933974664081e-04    1.482933088568e-16
   5    1.503109418056e-04   -9.835699810442e-17
   6   -1.881329439914e-04    1.542650375896e-16
   7    2.971747728953e-04   -3.222154214710e-16
   8    2.003727071909e-03    2.856439790691e-16
   9   -2.643865847982e-04    7.324204580060e-17
  10   -5.975524849260e-05   -1.187407940313e-16
  11    1.243713237119e-03    2.323140497190e-16
  12   -8.067907318139e-04    6.478269549192e-17
  13   -1.807312703008e-04    3.895884560112e-17
  14    2.183025444795e-03    1.020059317675e-16
  15   -1.468752028646e-03    2.006868712913e-18
