   0   -3.003721348591e-04   -8.466281937659e-17
   1    5.292261198172e-06    2.383569757908e-17
   2   -9.353901585117e-05   -3.627230234814e-17
   3    7.234172002592e-04    6.346800135371e-17
   4    7.293036720374e-05    2.182299799966e-17
   5   -2.344883534591e-04   -6.190874090084e-17
   6   -1.714267062140e-04   -1.838668061592e-17
   7    3.561854333567e-04    1.406324556246e-16
   8   -2.752551262185e-04   -6.765399739794e-17
   9   -6.075847224975e-04   -1.241099433000e-16
  10   -7.230138939082e-04   -1.403773628703e-16
  11    3.768555294029e-04    1.339247149037e-16
  12    6.104838406458e-04    1.110494307794e-16
  13    1.952551221711e-04   -3.269198337594e-18
  14    3.673837565230e-04    8.641013940414e-17
  15    2.644719089129e-04    1.123140395095e-16
