   0   -2.979824936731e-04   -1.533188637119e-17
   1    1.669970491165e-04    1.771159218963e-17
   2    1.288864566196e-04    5.889384078175e-17
   3   -4.288330465670e-04   -1.678168190200e-17
   4   -5.552967210226e-04   -1.811861992748e-17
   5    3.913555933021e-04    5.223076134159e-17
   6    3.062511625076e-04   -2.470159431469e-17
   7    2.119827638428e-04    1.070272481981e-16
   8   -3.501003120451e-04    2.549001018674e-17
   9   -1.198900032455e-04   -6.917280144188e-18
  10   -7.337232884152e-04   -2.654182066955e-17
  11   -5.657060922830e-04   -4.521721415340e-17
  12   -2.553980263334e-04    8.761477702372e-18
  13    2.894485432474e-04   -3.854926164122e-17
  14    1.282141709218e-04    3.587871590034e-17
  15   -1.526887371264e-04    1.715324996715e-17
