   0   -1.421652166506e-04    6.354013640153e-17
   1   -8.577492216154e-04    2.327200136914e-16
   2   -8.129475439793e-04    1.843192220452e-16
   3    9.470622456820e-05   -5.558184517679e-17
   4    3.110688805952e-04   -1.145230504290e-16
   5   -3.645275731447e-04    1.079370778030e-16
   6   -3.219840813284e-05   -2.192709201877e-17
   7    7.431868205097e-05   -3.646450139115e-17
   8   -5.499690644954e-05   -2.609851618496e-17
   9    1.787966713487e-04   -7.834503672314e-17
  10   -2.500808437001e-04   -1.162511242209e-17
  11   -5.375722884834e-05   -1.843303343939e-17
  12    9.926352916161e-05    9.587362996136e-18
  13    2.676828799401e-05   -4.437081840572e-17
  14   -4.073874778077e-04    6.191748412002e-17
  15    7.227768875714e-04   -1.337222118025e-16
