   0   -1.976557904099e-03    9.871769273567e-18
   1   -5.676348262122e-04    1.128927392253e-17
   2    5.435540495312e-04    7.761678435041e-17
   3    1.456819768859e-03    5.559262744952e-17
   4    9.401728729898e-04   -2.702723441176e-17
   5   -2.075932751514e-04    1.091078664817e-16
   6    2.111007648190e-04   -1.732831257061e-16
   7   -5.198423282592e-04    1.098876186462e-16
   8    3.074458576258e-04   -1.784596044901e-16
   9    6.784351345793e-04   -2.287448898299e-16
  10   -4.740228496766e-04   -3.336745678430e-17
  11    5.883193318953e-05    2.946839199568e-17
  12    1.265085240904e-04    3.423527381975e-17
  13   -2.716091201554e-04   -4.868058074222e-17
  14   -5.594641301194e-04   -6.276939959173e-17
  15    1.700510774711e-03    7.472761782845e-17
