   0   -2.230101503743e-04   -3.979090225013e-17
   1   -3.044729550474e-04   -1.224142098955e-17
   2    5.140673273846e-04    6.070693600132e-18
   3    3.076859733341e-06    2.016994765511e-17
   4   -5.030039800026e-04   -3.425742618936e-18
   5   -6.085848421410e-05   -4.555178823266e-19
   6   -7.463249921421e-05   -1.992183882413e-17
   7   -2.206119006259e-04   -4.455080947568e-17
   8   -9.066587846342e-05   -3.793177064017e-17
   9    3.483572154486e-04   -2.081020185889e-18
  10   -1.043230738051e-04    2.298683649813e-18
  11   -5.406728184390e-04   -1.128953732372e-16
  12   -4.092299145931e-04   -4.148257662696e-17
  13    6.105478849381e-04    1.473143745667e-16
  14   -4.778125832177e-04   -2.604765118222e-17
  15    3.766045692812e-04    3.359810209999e-17
