   0   -3.933144655506e-03    1.671057643523e-16
   1    1.732766290134e-03   -1.969526587914e-16
   2    3.273344675361e-03   -8.346204866548e-17
   3    2.036374036242e-04    1.656229473100e-17
   4   -7.343278020481e-04    5.041322995973e-17
   5   -8.828281875916e-05   -1.205006397198e-17
   6    8.632996785091e-04   -2.132960394531e-16
   7    1.362798130971e-03   -2.656834646267e-16
   8   -3.262704965420e-04    9.048393677567e-17
   9   -6.943697465436e-04    2.584465953507e-16
  10   -6.758855262547e-04   -2.741841749984e-17
  11   -2.223834416834e-03    1.939057023352e-17
  12   -2.005275956911e-03   -1.245071313414e-16
  13   -3.929843828980e-03    2.366630457929e-16
  14    2.844503154015e-03   -8.827752971626e-17
  15    3.573782188034e-03   -2.021692421436e-17
