   0   -2.712646868773e-04    6.582780305844e-17
   1   -7.882067728996e-04    1.578077738487e-16
   2    2.530810240530e-05    3.167169293915e-17
   3    1.247618747437e-03   -1.861222757700e-16
   4   -1.457866848831e-04   -6.082123292714e-18
   5   -2.520074939665e-04    2.692022980445e-17
   6   -7.863914969018e-04    9.474960449042e-18
   7   -5.428205400067e-04    6.220603154652e-17
   8    5.412895335267e-04   -5.104896636132e-17
   9    1.058518343155e-03   -1.613492276106e-16
  10   -1.275079385738e-04    3.375667692753e-17
  11    7.028044285171e-04   -7.064637658973e-17
  12    3.892117377739e-04   -2.162530608514e-17
  13   -2.901771873428e-04    3.338009974033e-17
  14   -6.656634841129e-06   -2.844911855253e-17
  15    1.400515787661e-05   -6.752711892798e-17
