   0   -4.082015278439e-07   -9.930602043560e-19
   1    7.993896568966e-06    8.375929096827e-18
   2   -8.028570787207e-06   -9.907696592696e-18
   3    1.046750193028e-05    8.334671383068e-18
   4   -3.461865060681e-06   -5.558684334287e-18
   5   -1.703411683442e-05   -1.923044917244e-17
   6   -5.994017571271e-06   -6.156105452366e-18
   7    1.468312267307e-05    1.920805066144e-17
   8    9.761461687319e-06    1.038410255937e-17
   9   -4.416925101265e-06   -5.514545957166e-18
  10    1.858091632713e-05    2.018982511157e-17
  11    1.205343076569e-05    1.253362288512e-17
  12    1.073715028932e-05    1.263490834487e-17
  13    1.221524497238e-08    1.149784385202e-18
  14    5.403827668759e-06    8.204589469414e-18
  15    1.245444932344e-07    1.514940188442e-19
