   0   -5.733155971122e-06   -1.063327631677e-18
   1   -2.200184475335e-05   -1.795161706433e-19
   2   -8.726585407389e-05   -7.560929025352e-18
   3   -3.776675751554e-05   -1.907306155008e-18
   4   -1.860331253417e-05   -1.102929365688e-17
   5    2.213454701516e-06    4.990238908646e-18
   6    5.277646196771e-05    1.092471468993e-19
   7    8.703355741641e-05    1.126103372202e-17
   8    1.534132416463e-05   -4.159793448668e-18
   9    1.790611519261e-05    1.128858517428e-18
  10    8.169931958890e-05    1.820965697392e-17
  11   -4.649335687707e-06    4.087986616560e-18
  12    1.138175404509e-04    7.364878715275e-18
  13    1.716844825302e-05    1.568120596122e-17
  14    9.197764366602e-09   -2.125802309322e-18
  15    8.192408870047e-05    1.397719039497e-17
