   0   -2.873811955811e-06    6.399091504655e-18
   1   -1.022746267423e-05    8.751780024067e-18
   2   -1.398117405092e-05    1.330737502834e-17
   3   -3.783619966503e-05    4.287759881785e-17
   4    2.288553500781e-05   -2.980830575295e-17
   5    6.435979593073e-05   -7.278394383565e-17
   6    3.970579601997e-05   -5.418132570943e-17
   7   -1.054348328392e-05    8.350785868877e-18
   8   -1.984835582993e-05    2.586225010994e-17
   9    4.780207477800e-05   -5.227918436300e-17
  10   -4.013610787548e-05    4.336789707887e-17
  11    1.094888497101e-05   -1.030780662247e-17
  12    1.782886544949e-05   -1.721476797710e-17
  13    4.899939900850e-05   -4.796596275685e-17
  14   -5.353271496193e-05    5.922399283100e-17
  15    6.017350034434e-06   -5.758347014854e-18
