   0   -3.093041234135e-04   -3.514597451482e-17
   1   -3.556157214390e-04   -4.753991971242e-17
   2    8.849065148899e-04    3.856027685286e-17
   3    3.218950952629e-05    4.869013317039e-17
   4   -4.528710590541e-04   -1.596691328425e-17
   5   -5.107343205655e-04    3.736967923240e-17
   6    1.646995595096e-04   -1.797841984931e-17
   7    3.638449801871e-04    7.003824748233e-18
   8    3.052676242269e-04    3.686919660429e-17
   9   -2.109193274792e-04    1.144735435792e-17
  10   -6.366822433091e-04   -7.522392402642e-17
  11    3.005004004947e-04   -2.197827545349e-17
  12    4.004544315038e-04    9.083775750465e-18
  13    5.295221014176e-04   -1.287160947147e-17
  14   -4.272060219720e-04   -9.456348442839e-17
  15   -3.662791277265e-04   -3.838298608045e-17
