   0   -1.247775423011e-04    1.736226893938e-17
   1    3.937465156996e-04   -1.251213899166e-17
   2    4.492283820007e-04   -2.629346941841e-17
   3    1.349952494802e-04   -4.039606158482e-17
   4    9.750589093747e-05    3.137529721024e-18
   5    1.237640683983e-04   -1.853192069613e-17
   6    8.691180754440e-04   -4.558511315914e-17
   7   -2.072407415428e-04   -4.636070838829e-19
   8   -6.565691908670e-04   -1.446741168567e-18
   9   -1.829567121651e-04    1.024850343482e-17
  10    4.098779348766e-05    9.549981342944e-18
  11   -6.798781343572e-05    1.713172946982e-17
  12    1.203486121493e-04   -2.172190655239e-18
  13   -4.269775698849e-04    3.218638847362e-17
  14    2.003435230032e-04   -1.641880241521e-17
  15   -1.533792083935e-04   -6.691233844733e-18
