   0   -4.541127609496e-05    7.481558615973e-18
   1    3.713330522884e-04   -8.144092357301e-18
   2    1.988359805281e-04    5.317294701230e-18
   3   -1.711951209970e-04    2.131800211089e-18
   4   -1.749943042602e-04    8.430006953495e-18
   5   -1.037874574603e-04    1.378664098182e-17
   6    1.573164046087e-04   -1.894427385199e-17
   7   -1.786083853579e-04    1.022403063174e-17
   8   -5.833097291272e-05    1.527922863340e-17
   9    2.572965632016e-04   -3.615806576473e-17
  10    3.199600515938e-04   -5.179418778786e-17
  11    8.453925864766e-05   -4.719501205700e-18
  12    1.810111439964e-04   -3.735557023813e-17
  13    1.371516172232e-04   -3.149814956503e-17
  14   -5.303101862907e-05    4.476887639411e-17
  15   -2.590836711022e-04    3.331265633279e-17
