   0   -8.139228184987e-04    9.502176578315e-17
   1    8.317267670328e-04   -6.755450082194e-17
   2    1.578920606425e-03   -6.646289822045e-18
   3   -1.560399326986e-03    2.146130372203e-16
   4   -1.553064012855e-03    3.681089224038e-17
   5   -7.306252199515e-04    1.313355574957e-16
   6    5.832786936758e-05   -5.725042324151e-17
   7   -3.854861753719e-04    9.832305016158e-18
   8    2.230737913838e-04   -2.252359892664e-17
   9   -3.855375531360e-04    6.368097135274e-17
  10   -3.006395118969e-04   -7.430522971864e-17
  11    4.777392677229e-04   -4.055650581919e-17
  12   -9.639062686652e-04    6.893539251771e-17
  13    6.838051370114e-04    2.343228301006e-17
  14   -5.233323090514e-04    1.154397339672e-17
  15   -2.793780068242e-05    9.031778661191e-17
