   0   -6.503821882236e-04   -1.189169713099e-16
   1    2.734596505981e-04   -6.560349588032e-17
   2   -1.976638695982e-04    1.590568061606e-17
   3    8.992830469163e-04    9.353863695238e-17
   4   -4.922154206579e-04    2.295380805396e-17
   5    3.165496782895e-04    2.327652441885e-17
   6    2.300762083484e-04    7.766088931547e-17
   7   -5.955272520999e-05    4.268869968162e-17
   8    5.776038177379e-04   -4.912380662493e-17
   9    1.162741482475e-03    1.261182976886e-16
  10    3.557164256273e-04    3.251989426117e-17
  11   -3.853629763147e-04    1.516393195302e-16
  12    9.275160724455e-04    6.780615925081e-17
  13    1.692662096975e-03    1.122742430293e-16
  14    1.403654703852e-04   -8.060243403008e-17
  15    1.317432552087e-04    1.487543545176e-17
