   0   -1.921778378340e-05    1.362761678792e-17
   1   -2.455180540214e-04    9.483746451400e-17
   2   -5.743229313359e-05    9.168933554437e-18
   3   -1.655751581100e-04    5.967930687885e-17
   4    2.817010012636e-05   -1.680172723326e-17
   5    1.426561775918e-04   -4.084579842179e-17
   6    6.312585440519e-05   -1.946153830738e-17
   7   -1.682909553396e-05    1.229398897614e-17
   8    2.474179090706e-04   -9.259086867634e-17
   9    3.565738466237e-04   -1.210722068491e-16
  10    7.451285376897e-05   -2.544568615201e-17
  11   -5.021256684925e-05    2.820180260841e-19
  12    1.403636912239e-04   -5.560739948947e-17
  13    7.675085470239e-07    3.621478924019e-18
  14    8.270516773329e-05   -4.976515847375e-17
  15   -4.928473729846e-05    1.796097133148e-17
