   0   -9.046385873037e-05    1.267152924266e-17
   1    8.515090846837e-05    3.205092311187e-17
   2    2.181232276683e-04   -2.478021647421e-17
   3    2.207581417546e-04   -1.546110948648e-17
   4    5.669600734118e-04   -6.082706807890e-17
   5    3.814826259714e-05   -1.534329690679e-17
   6    8.094845673856e-05   -6.725300720489e-18
   7   -2.070614802485e-04   -2.393527947119e-18
   8   -5.376406293187e-04    6.299748231860e-17
   9   -4.056516898992e-04   -2.212471031914e-18
  10    4.147660583461e-05   -2.613600984714e-17
  11   -1.046104555221e-04   -1.907247766844e-17
  12   -3.197599160149e-05    2.652658162795e-17
  13   -1.488683992208e-04    3.576926791585e-17
  14   -2.082158785573e-04    1.458269429888e-17
  15    3.013050989549e-04    1.902417942116e-17
