   0   -6.041776024370e-04    1.091572364038e-16
   1   -2.256174762535e-04   -1.450204999602e-18
   2    3.641593865991e-04    1.076641504016e-17
   3   -9.441234924600e-05    4.400487804251e-17
   4   -4.714171875783e-04    1.271825128133e-16
   5    8.349327430880e-05   -2.391598279961e-17
   6    1.203166180681e-04   -1.664179102644e-16
   7    2.495340475426e-04    7.476484980301e-18
   8    1.408452893999e-04    5.004209705116e-17
   9    3.649414427391e-05    5.128190551527e-17
  10   -2.516271929742e-04   -4.003457079651e-17
  11    5.504040943743e-04   -8.246813840230e-17
  12    1.685664790837e-04   -3.160110377049e-17
  13   -1.243318939310e-03    1.668943171257e-16
  14   -1.756533205813e-04   -5.235556186534e-17
  15    2.465570460464e-04   -8.503823737739e-17
