   0   -2.661116207508e-04   -3.259977892645e-17
   1   -4.550194740788e-04   -4.598187611832e-17
   2    2.559777926353e-04    1.386807261477e-17
   3    8.908835503642e-07   -1.986751865397e-17
   4   -9.367466048604e-05    2.323981375852e-17
   5   -2.342037770351e-04    1.463211350232e-17
   6   -1.973539046671e-04   -6.279910376783e-17
   7    9.814030854690e-04    5.830187845030e-17
   8    6.273401129709e-04   -1.418289389468e-18
   9   -2.231775501737e-04    3.522957991989e-17
  10   -1.660684321138e-05    4.244916826417e-17
  11    6.075425990754e-04    4.264654249778e-17
  12    1.557231800158e-04   -3.392800370156e-17
  13    9.348578889632e-04    3.371770254275e-17
  14    7.450033405762e-05    4.440747443562e-17
  15    2.659852942021e-04   -1.818836592726e-18
