   0   -8.761314171198e-04   -3.943447858542e-16
   1    5.213151162574e-04    3.079213621393e-16
   2   -1.114645534631e-04   -1.236711692238e-16
   3   -5.100505184434e-04   -1.509345692405e-16
   4    7.548034759700e-05   -7.502701578309e-17
   5   -8.913736373005e-04   -2.071750505837e-16
   6   -1.453265100300e-04   -7.214004669820e-17
   7   -5.823188461134e-04   -1.179053771090e-16
   8    1.251111597814e-04   -4.705939278966e-18
   9   -1.440353385468e-03   -3.833016320622e-16
  10   -3.171444659521e-04   -8.935081989102e-18
  11    1.151472058624e-03    2.295616365910e-16
  12    1.131939262597e-03    2.974623468224e-16
  13    9.200161652190e-04    2.201934324695e-16
  14   -1.259863338210e-04    6.366070022090e-17
  15   -4.147337052000e-04   -1.118019155234e-17
