   0   -5.291823708840e-04    1.532371845600e-17
   1   -4.327005364498e-04    8.818883241042e-18
   2    4.337051031027e-04    3.936337345518e-18
   3   -3.708434642376e-04   -3.549392745673e-17
   4    8.260792236694e-05    1.111778821361e-16
   5    6.371945321199e-05    4.185332938196e-18
   6   -3.233380899486e-04   -7.193708536569e-17
   7    1.642926660211e-04   -3.813408307597e-17
   8    2.909817656648e-04   -4.252232637139e-17
   9   -1.761425814118e-04    2.550311078163e-18
  10   -5.223475301544e-04   -2.819244326927e-17
  11    2.785922642599e-07    3.064340326533e-17
  12   -1.010509904709e-04   -1.896854022267e-17
  13    1.986548877678e-04    5.331070824091e-17
  14    1.538985835930e-04   -3.287568438917e-17
  15    5.514108823250e-04   -4.884694782280e-17
