   0   -4.851564697546e-04   -2.347590678850e-16
   1   -5.083883746664e-04   -1.498997747835e-16
   2    2.520374017564e-04    1.245589138535e-16
   3   -2.452656085019e-04   -5.933995445354e-17
   4   -4.934781652823e-04   -7.782098002591e-17
   5    8.841575294713e-04    3.190669890401e-16
   6    1.891780205605e-05   -5.204624476040e-18
   7   -8.958667241753e-04   -1.507214433757e-16
   8   -9.245089083237e-04   -1.454241445330e-16
   9   -2.012226395289e-04   -1.444843054450e-17
  10   -6.527497919019e-04   -1.359186683214e-16
  11    3.527900663440e-04    1.171448845760e-16
  12    4.937109317026e-04   -5.266540635880e-18
  13    6.551343912135e-07    9.063856167873e-17
  14    1.083560616764e-04    3.110665315857e-17
  15   -9.265167255745e-05   -1.752548025427e-17
