   0   -3.834388607004e-03   -1.512449816040e-16
   1   -5.669259405757e-04   -6.617918887582e-17
   2   -3.091426177921e-04    5.577598159284e-17
   3    1.346133232666e-03   -3.532426913683e-17
   4   -3.737999738240e-04   -2.799646492039e-17
   5   -4.481076023694e-04    3.280261652135e-16
   6    4.071098075618e-04    7.677681059491e-17
   7   -1.363964452641e-03   -8.189852348824e-17
   8   -1.246926317808e-03    4.415561736256e-17
   9    1.681943338687e-05    1.928253287929e-16
  10   -1.579231647073e-04   -7.186230751798e-17
  11   -9.363606017380e-04   -1.147138760005e-16
  12    4.688116484482e-05   -1.778194705372e-16
  13    4.376458483063e-04   -8.761547759075e-17
  14    6.592038794968e-04   -6.949632710120e-17
  15   -2.550636605414e-03    1.421895063506e-16
