   0   -1.226992478067e-04    4.919162522591e-17
   1    1.010166832539e-04    9.265564837534e-18
   2   -6.930455378810e-05    8.973357999480e-18
   3   -7.065099465616e-05   -5.950647612373e-19
   4   -1.004419042519e-04   -4.258512982178e-17
   5    4.861583834202e-04   -5.564053178233e-17
   6   -4.876221561508e-04    6.823186026078e-17
   7    7.014501115317e-05   -7.555052685958e-17
   8   -7.847358522316e-05    3.909653078101e-17
   9    7.543614436613e-04   -1.585950963077e-16
  10    7.205287959888e-06   -3.903925180690e-18
  11   -1.990261364610e-04    4.727474677478e-17
  12    1.471776465436e-04   -3.442181946558e-17
  13    4.398877084938e-04   -1.324506369160e-16
  14   -5.954947447294e-04    1.611834351755e-16
  15    4.290410101029e-04   -6.017828411837e-17
