     0    1.164245607801e+01    6.938893903907e-18
     1    5.274517020865e-01   -1.734723475977e-18
     2    4.998186957203e-02   -1.084202172486e-19
     3    5.400942474912e-03    1.355252715607e-20
     4    6.964898083252e-04    0.000000000000e+00
     5    9.691531611414e-05    0.000000000000e+00
     6    1.374541512075e-05    1.058791184068e-22
     7    1.904422450126e-06    0.000000000000e+00
     8    2.690497995735e-07   -1.654361225106e-24
     9    3.930008114473e-08    2.067951531383e-25
    10    7.737076238233e-09    1.033975765691e-25
    11    1.925076982513e-09    0.000000000000e+00
    12    3.005267684384e-10   -6.462348535571e-27
    13    3.273119568151e-11    0.000000000000e+00
    14    5.465401868351e-12   -4.038967834732e-28
    15    7.891803691612e-13   -2.524354896707e-28
    16    4.593072006729e-13   -6.310887241768e-30
    17    1.394764565217e-13    2.366582715663e-30
    18    2.129579774445e-14   -1.972152263053e-31
    19    3.844228916564e-15   -4.930380657631e-32
    20    3.921179185950e-16    2.465190328816e-32
    21    3.803023438273e-17    9.244463733059e-33
    22    9.202501512205e-19    1.540743955510e-33
    23    2.746130527839e-18    0.000000000000e+00
    24    3.725574451884e-19    2.407412430484e-35
    25    3.067931065375e-19    6.018531076210e-36
    26    7.818704913267e-20    6.018531076210e-36
    27    6.144175471382e-21   -1.880790961316e-37
    28   -4.181384257850e-21    0.000000000000e+00
    29   -4.193139424666e-22    4.701977403289e-38
    30   -1.568057594171e-22    4.701977403289e-38
    31   -6.122289951884e-23   -5.877471754111e-39
    32   -1.603290375328e-23    1.102025953896e-39
    33    9.406999410765e-24    0.000000000000e+00
    34    2.318081919961e-22   -2.350988701645e-38
    35    1.544294690298e-21    1.410593220987e-37
    36    5.227469000221e-21   -3.761581922631e-37
    37    4.646349122087e-21   -1.504632769053e-36
    38    4.299271867139e-20    1.504632769053e-36
    39    5.760670053988e-19   -1.203706215242e-35
    40    2.183747789624e-18    5.416677968589e-35
    41    1.257138067821e-17    0.000000000000e+00
    42    2.703877488313e-17    1.540743955510e-33
    43    1.114846822560e-16    3.081487911020e-33
    44    7.591485275980e-16    1.232595164408e-32
    45    6.163087247194e-15    9.860761315263e-32
    46    3.497434078790e-14    0.000000000000e+00
    47    1.046329425813e-13   -1.577721810442e-30
    48    2.923552752713e-13    0.000000000000e+00
    49    1.366989385984e-12    0.000000000000e+00
    50    7.333629811324e-12    0.000000000000e+00
    51    3.314461392504e-11    0.000000000000e+00
    52    1.869114047125e-10    0.000000000000e+00
    53    9.065658134010e-10    2.584939414228e-26
    54    4.144720316905e-09   -2.584939414228e-26
    55    2.378869226219e-08    6.203854594148e-25
    56    1.745599054207e-07    2.067951531383e-24
    57    8.114409001386e-07    6.617444900424e-24
    58    6.778260348185e-06    5.293955920339e-23
    59    6.626007773461e-05    2.117582368136e-22
    60    5.971730289598e-04    1.694065894509e-21
    61    5.470156068651e-03   -3.388131789017e-21
    62    5.067897983726e-02    5.421010862428e-20
    63    5.416475297809e-01   -1.734723475977e-18
