     0    1.185966509056e+01   -3.469446951954e-18
     1    5.440150355164e-01   -8.131516293641e-20
     2    6.034195306906e-02   -1.219727444046e-19
     3    7.106235683263e-03   -1.355252715607e-20
     4    7.831268939897e-04   -5.082197683526e-21
     5    1.109631859575e-04    1.694065894509e-21
     6    1.954349248185e-05    3.176373552204e-22
     7    2.767656926793e-06    5.293955920339e-23
     8    4.522304843606e-07   -6.617444900424e-24
     9    3.146002893747e-08    3.308722450212e-24
    10    6.494106670844e-10   -5.169878828456e-25
    11    9.662776016779e-10    0.000000000000e+00
    12    1.662377746420e-11   -1.292469707114e-26
    13   -1.596545268022e-11   -9.693522803356e-27
    14   -1.312176285362e-11   -3.433122659522e-27
    15    3.909882353483e-12    2.019483917366e-28
    16    1.135175828117e-12   -3.029225876049e-28
    17   -5.063534881616e-14   -3.155443620884e-29
    18   -1.153461291903e-13   -7.888609052210e-31
    19   -4.604271680091e-14   -7.888609052210e-31
    20   -5.640862481723e-15   -2.958228394579e-31
    21   -3.816861693581e-16   -4.930380657631e-32
    22    1.894283383886e-16    6.162975822039e-33
    23    8.168795410538e-17    0.000000000000e+00
    24    1.483952050194e-17    0.000000000000e+00
    25    5.370222928663e-18    0.000000000000e+00
    26    9.646226281741e-19    0.000000000000e+00
    27    1.996297136953e-19    6.018531076210e-36
    28    3.704716580595e-20    7.523163845263e-37
    29    8.824523415515e-21    0.000000000000e+00
    30    1.062639961452e-21    3.526483052467e-38
    31    2.763001477401e-22   -5.877471754111e-39
    32    3.155476707693e-23    0.000000000000e+00
    33   -8.523613820733e-23    1.028557556970e-38
    34   -3.027008663883e-22   -1.175494350822e-38
    35   -7.431653182479e-22    0.000000000000e+00
    36   -3.349997360799e-21    1.880790961316e-37
    37    7.208522607731e-21    0.000000000000e+00
    38    7.947962379437e-20   -6.018531076210e-36
    39    6.970960033142e-19   -3.009265538105e-35
    40    1.173045707087e-18   -1.444447458290e-34
    41    1.124142595416e-17   -3.851859888774e-34
    42    4.773197264708e-17    1.540743955510e-33
    43    3.590926258233e-16    6.162975822039e-33
    44    6.814761194792e-16    0.000000000000e+00
    45    1.801968232430e-15    4.930380657631e-32
    46    9.281397418181e-15    1.183291357832e-30
    47    7.321264787002e-14   -5.522026336547e-30
    48    2.957593903052e-13   -1.262177448354e-29
    49    5.436580823756e-13    2.524354896707e-29
    50    5.791264034450e-12   -2.019483917366e-28
    51    3.688398134875e-11    1.009741958683e-27
    52    2.603218823858e-10   -8.077935669463e-28
    53    1.232430595307e-09   -2.584939414228e-26
    54    3.303506302340e-09    2.584939414228e-26
    55    1.822732788734e-08   -2.067951531383e-25
    56    1.560103880637e-07    0.000000000000e+00
    57    1.204258687475e-06   -6.617444900424e-24
    58    5.645932416015e-06    0.000000000000e+00
    59    4.399974492118e-05    0.000000000000e+00
    60    4.347788630727e-04    8.470329472543e-22
    61    4.624011705975e-03    0.000000000000e+00
    62    4.817072300575e-02    0.000000000000e+00
    63    5.282984035114e-01   -4.336808689942e-19
