     0    1.122279157611e+01   -3.469446951954e-18
     1    5.120224755288e-01   -8.673617379884e-19
     2    5.547929670839e-02   -3.794707603699e-19
     3    6.455464622463e-03    2.032879073410e-20
     4    7.257379024093e-04   -5.929230630780e-21
     5    1.056100463577e-04    1.694065894509e-21
     6    1.217123010208e-05   -2.646977960170e-23
     7    1.049737742661e-06    1.654361225106e-23
     8    1.320303200350e-07   -4.135903062765e-25
     9    1.982566480151e-08   -1.550963648537e-25
    10    3.089049228950e-09    2.584939414228e-26
    11    2.323788624548e-11    1.292469707114e-26
    12   -2.629567252689e-11   -1.615587133893e-27
    13    8.722188782423e-12   -2.019483917366e-28
    14    2.539304679556e-12    2.019483917366e-28
    15    3.920091313404e-13    1.262177448354e-29
    16   -1.491047968405e-13    9.466330862652e-30
    17   -1.791118950392e-14    7.888609052210e-31
    18    6.141539766753e-15    0.000000000000e+00
    19    6.044899835592e-16    4.930380657631e-32
    20    5.094934236571e-17    6.162975822039e-33
    21    4.386015787039e-17    0.000000000000e+00
    22    1.535622534375e-17    5.777789833162e-34
    23   -6.618885488975e-19    4.814824860968e-35
    24   -1.376355850464e-18   -7.222237291452e-35
    25   -1.354089920710e-19   -1.203706215242e-35
    26   -3.377571381414e-20   -1.504632769053e-36
    27   -4.163467400413e-21    0.000000000000e+00
    28   -4.433643759425e-24   -1.880790961316e-37
    29   -5.172323664356e-23   -4.701977403289e-38
    30   -1.646187902491e-22    0.000000000000e+00
    31   -3.062545079077e-23    2.938735877056e-39
    32   -1.222357397086e-23   -1.469367938528e-39
    33    3.327636038798e-23    1.469367938528e-39
    34    2.271464484561e-23   -1.175494350822e-38
    35    2.855122518393e-22   -9.403954806578e-38
    36   -1.752912785719e-21    0.000000000000e+00
    37   -1.006065854299e-20   -3.009265538105e-36
    38    1.775128745277e-20    0.000000000000e+00
    39    1.287308783774e-19    2.407412430484e-35
    40    1.563072770757e-19    0.000000000000e+00
    41   -5.232532146690e-19   -9.629649721936e-35
    42   -1.210701062380e-18   -1.925929944387e-33
    43   -5.248440179407e-17   -6.162975822039e-33
    44   -4.151512389975e-16    4.930380657631e-32
    45    1.066189394806e-15    0.000000000000e+00
    46    8.208033072848e-15   -7.888609052210e-31
    47    5.081344846679e-14    0.000000000000e+00
    48   -3.829573664258e-14    5.048709793414e-29
    49    2.755556664125e-14   -4.038967834732e-28
    50    3.776991134413e-12   -1.615587133893e-27
    51    2.708725559744e-11    3.231174267785e-27
    52    1.710308451358e-10    2.584939414228e-26
    53    7.137864329312e-10    0.000000000000e+00
    54    3.970142085730e-09    2.584939414228e-25
    55    1.781148995136e-08   -4.135903062765e-25
    56    1.659015742600e-07    3.308722450212e-24
    57    1.292688382075e-06    6.617444900424e-24
    58    7.794054837296e-06   -1.058791184068e-22
    59    6.113701645938e-05   -4.235164736272e-22
    60    5.766403764909e-04    0.000000000000e+00
    61    5.012529481520e-03    0.000000000000e+00
    62    4.972318222125e-02   -1.084202172486e-19
    63    5.398625734372e-01    8.673617379884e-19
