     0    1.162753149712e+01    0.000000000000e+00
     1    5.663413523413e-01    0.000000000000e+00
     2    5.292658494046e-02   -2.168404344971e-19
     3    6.296983229733e-03    0.000000000000e+00
     4    7.600802302927e-04   -7.623296525289e-21
     5    1.035370506737e-04   -8.470329472543e-22
     6    1.549224278054e-05    0.000000000000e+00
     7    3.000436380068e-06    5.293955920339e-23
     8    5.096955351646e-07   -6.617444900424e-24
     9    5.379888337640e-08    1.654361225106e-24
    10    8.708083809481e-09    0.000000000000e+00
    11    1.217879604929e-09   -1.033975765691e-25
    12    6.767547294694e-11   -4.846761401678e-27
    13    2.689974527721e-12   -1.615587133893e-26
    14    1.112048905833e-11    6.058451752097e-28
    15    1.632928803915e-12   -2.271919407037e-28
    16   -6.855682582513e-14    0.000000000000e+00
    17   -8.456917208658e-14   -3.155443620884e-30
    18   -2.858377427096e-14   -3.944304526105e-31
    19   -6.212571023330e-15   -7.888609052210e-31
    20   -1.130164312928e-15   -4.930380657631e-32
    21   -3.018527337923e-16    1.972152263053e-31
    22   -2.838628743462e-17    0.000000000000e+00
    23   -5.246468089173e-18    6.162975822039e-33
    24   -2.775031675054e-18    0.000000000000e+00
    25   -8.021759885465e-19   -9.629649721936e-35
    26   -2.976650238048e-19   -1.805559322863e-35
    27    3.863332401972e-20   -1.203706215242e-35
    28    7.086912526572e-21    6.206610172342e-36
    29   -3.530763922186e-22   -5.642372883947e-37
    30    2.525856902073e-22   -2.174664549021e-37
    31    7.407083767471e-23    2.938735877056e-38
    32   -9.573015748367e-25    1.469367938528e-38
    33   -4.249125399905e-24    1.763241526233e-38
    34   -3.625601437103e-23    1.175494350822e-38
    35   -2.985976224781e-24    9.403954806578e-38
    36    5.056187737828e-23    0.000000000000e+00
    37   -4.655268232023e-21    0.000000000000e+00
    38    1.188333396746e-20    0.000000000000e+00
    39   -1.163594350038e-20    4.814824860968e-35
    40    1.008410361550e-18    9.629649721936e-35
    41    1.190041441873e-17   -1.925929944387e-34
    42    4.207440445268e-17    7.703719777549e-34
    43   -1.760108994211e-17   -6.162975822039e-33
    44   -1.028815349111e-15    0.000000000000e+00
    45   -2.924852550374e-15    4.930380657631e-32
    46   -4.619212948038e-15   -7.888609052210e-31
    47   -1.262030250428e-14    7.888609052210e-30
    48    1.581304805027e-13   -1.262177448354e-29
    49   -2.096181834863e-14    5.048709793414e-29
    50    1.641907708760e-13    5.048709793414e-29
    51    7.634823780333e-12    4.038967834732e-28
    52    7.353116704457e-11   -3.231174267785e-27
    53    4.107493393281e-10   -1.292469707114e-26
    54    1.438823937672e-09    5.169878828456e-26
    55    2.541518530488e-08   -4.135903062765e-25
    56    1.804341204364e-07    4.963083675318e-24
    57    1.160304944447e-06   -2.812414082680e-23
    58    8.552813446074e-06    2.646977960170e-23
    59    7.225933167973e-05    2.117582368136e-22
    60    6.614225958353e-04    4.235164736272e-22
    61    4.994864273087e-03    1.355252715607e-20
    62    4.635477547301e-02   -3.388131789017e-20
    63    5.022036594158e-01   -4.336808689942e-19
