     0    1.148623270495e+01    6.938893903907e-18
     1    5.250327104153e-01   -1.734723475977e-18
     2    5.492632214854e-02    2.168404344971e-19
     3    5.901083255690e-03    1.355252715607e-20
     4    6.329120006049e-04    8.470329472543e-22
     5    7.253624636094e-05    2.117582368136e-22
     6    1.001131985524e-05    0.000000000000e+00
     7    1.150183352941e-06   -6.203854594148e-25
     8    2.121850595969e-07   -1.447566071968e-24
     9    4.238776583496e-08   -8.271806125530e-25
    10    7.660560228756e-09    6.203854594148e-25
    11    1.504627558793e-09    1.550963648537e-25
    12    1.609774141342e-10    1.615587133893e-27
    13    4.493708135155e-11   -1.615587133893e-27
    14    6.446493543511e-12    2.524354896707e-28
    15    1.148834508715e-12   -1.640830682860e-28
    16    3.959480219799e-13    2.524354896707e-29
    17   -9.510511042642e-15    1.104405267309e-29
    18   -1.040612724466e-14    7.888609052210e-31
    19   -4.775231743522e-15    6.902532920684e-31
    20   -1.796338158197e-16   -2.465190328816e-32
    21    3.593726676372e-17   -1.232595164408e-32
    22    2.873533596085e-17    3.081487911020e-33
    23    1.009266687833e-17   -2.311115933265e-33
    24    3.035912975333e-18    9.629649721936e-35
    25    7.808626914760e-19   -4.212971753347e-35
    26    1.598940096759e-19   -6.018531076210e-36
    27    5.005533687871e-21    3.009265538105e-36
    28    4.585378009775e-22   -1.880790961316e-37
    29    4.435250528583e-22   -7.052966104934e-38
    30    6.939168709169e-23    2.938735877056e-39
    31   -3.500772430491e-23    7.346839692639e-40
    32   -3.452689167370e-23    7.346839692639e-40
    33   -3.904058598601e-24    2.204051907792e-39
    34   -2.006900179881e-22    4.408103815584e-39
    35   -1.109201278497e-21   -4.701977403289e-38
    36   -8.398925966302e-21    5.642372883947e-37
    37   -3.331057593222e-20   -1.128474576789e-36
    38   -4.340091849491e-21   -4.513898307158e-36
    39    5.399297680413e-19   -4.814824860968e-35
    40    4.390654007768e-18   -1.925929944387e-34
    41    1.638338894764e-18    0.000000000000e+00
    42   -2.291824129399e-17   -7.703719777549e-34
    43    1.592696371295e-16   -1.540743955510e-33
    44    1.643675779369e-15   -4.930380657631e-32
    45    5.367141820508e-15   -9.860761315263e-32
    46    5.701251490803e-15   -7.888609052210e-31
    47    1.866564525457e-14    1.577721810442e-30
    48    6.522793453858e-14   -1.577721810442e-29
    49    4.490281171044e-13    2.524354896707e-29
    50    3.922517135121e-12    0.000000000000e+00
    51    4.120415894890e-12    0.000000000000e+00
    52    5.476761871463e-11   -4.038967834732e-27
    53    4.858118697244e-10    1.292469707114e-26
    54    2.129559036350e-09    3.231174267785e-26
    55    2.068461326980e-08    1.033975765691e-25
    56    1.384758091843e-07   -8.271806125530e-25
    57    9.147775010441e-07    3.308722450212e-24
    58    7.992146657436e-06   -1.323488980085e-22
    59    5.518282277512e-05   -7.940933880509e-23
    60    4.852087718827e-04   -8.470329472543e-22
    61    4.975957337742e-03    6.776263578034e-21
    62    4.383394983995e-02    5.421010862428e-20
    63    4.992205918574e-01   -6.505213034913e-19
