     0    1.175179481958e+01    3.469446951954e-18
     1    5.510805072200e-01    1.734723475977e-18
     2    5.002925026611e-02    0.000000000000e+00
     3    4.919724051158e-03    2.032879073410e-20
     4    6.071366197560e-04    0.000000000000e+00
     5    6.034417382901e-05    2.117582368136e-22
     6    6.843427456971e-06   -5.293955920339e-23
     7    1.042135966806e-06   -3.308722450212e-24
     8    1.617635319259e-07    0.000000000000e+00
     9    2.910613980109e-08   -2.067951531383e-25
    10    2.795888216018e-09    1.033975765691e-25
    11    5.064597075029e-10    6.462348535571e-27
    12    1.530150727810e-10   -8.077935669463e-28
    13    3.993340044255e-11    1.615587133893e-27
    14    1.004613286011e-11    0.000000000000e+00
    15    5.126282465261e-12    5.048709793414e-29
    16    8.624549181823e-13   -1.262177448354e-29
    17    8.750496048663e-14   -2.366582715663e-30
    18    2.522572862083e-14    1.380506584137e-30
    19    4.695597564946e-15   -1.972152263053e-31
    20    8.834772060529e-16   -3.081487911020e-32
    21    1.194692471371e-16    1.848892746612e-32
    22    2.248499646652e-17    7.703719777549e-34
    23    5.998811274446e-18    0.000000000000e+00
    24    1.925906531270e-18    1.444447458290e-34
    25    3.946071311410e-19    0.000000000000e+00
    26    2.407482679068e-20   -7.523163845263e-37
    27   -8.058044287384e-21    1.128474576789e-36
    28   -8.249438783486e-21    0.000000000000e+00
    29   -2.128048725571e-21   -3.526483052467e-38
    30   -5.484812474931e-22   -5.877471754111e-39
    31   -1.578174966501e-22   -1.763241526233e-38
    32   -9.333519337708e-23    0.000000000000e+00
    33   -2.015685979345e-22   -1.057944915740e-37
    34    1.043553275880e-21    1.175494350822e-38
    35    5.890940231654e-21    0.000000000000e+00
    36    3.286538894725e-20   -3.009265538105e-36
    37    5.138807607753e-20    1.203706215242e-35
    38   -3.860253156734e-19   -7.222237291452e-35
    39   -1.565817663829e-18    0.000000000000e+00
    40   -4.008668877163e-18    0.000000000000e+00
    41    3.849662132815e-18    3.081487911020e-33
    42   -7.207742041149e-17    0.000000000000e+00
    43   -1.867428146951e-16    1.232595164408e-32
    44   -8.469651846813e-16    0.000000000000e+00
    45   -2.408887531881e-15   -1.479114197289e-31
    46   -3.286371773216e-14    1.577721810442e-30
    47   -2.880931469730e-15   -1.577721810442e-30
    48   -6.861149694841e-14    0.000000000000e+00
    49    1.269290312941e-13    0.000000000000e+00
    50    1.103992852569e-12    0.000000000000e+00
    51    9.366766634154e-12    0.000000000000e+00
    52    3.182508413297e-11    0.000000000000e+00
    53   -1.827310164784e-10    6.462348535571e-27
    54    7.800940139901e-10    3.101927297074e-25
    55    1.612599657971e-08   -2.067951531383e-25
    56    4.890192044396e-08   -6.617444900424e-24
    57    5.057636889622e-07    2.646977960170e-23
    58    7.764442702113e-06   -1.323488980085e-22
    59    6.354401683983e-05    1.164670302475e-21
    60    7.158511343427e-04    0.000000000000e+00
    61    6.113808855217e-03    1.355252715607e-20
    62    5.297677948211e-02    0.000000000000e+00
    63    5.423176425330e-01    3.469446951954e-18
