     0    1.132892974812e+01    0.000000000000e+00
     1    5.119490024349e-01    8.673617379884e-19
     2    5.257027054953e-02   -1.084202172486e-19
     3    5.620778868934e-03   -2.710505431214e-20
     4    8.021571601268e-04    1.355252715607e-20
     5    1.035396335028e-04   -1.694065894509e-21
     6    6.971727376667e-06   -4.235164736272e-22
     7    8.500517705833e-07    2.646977960170e-23
     8    1.397714807973e-07    0.000000000000e+00
     9    9.047071639738e-10    3.308722450212e-24
    10    7.568497697793e-09    0.000000000000e+00
    11    2.318082685969e-09    0.000000000000e+00
    12    6.045476061314e-10    0.000000000000e+00
    13    9.663683275658e-11    0.000000000000e+00
    14    1.339711874857e-11    1.615587133893e-27
    15    5.037521479003e-12   -8.077935669463e-28
    16    5.080369655964e-13   -5.048709793414e-29
    17    5.004470499663e-13    2.524354896707e-29
    18    8.572307806404e-14    0.000000000000e+00
    19    1.079325271433e-14    3.944304526105e-31
    20   -1.233016013827e-15    0.000000000000e+00
    21    2.787687875650e-16    4.930380657631e-32
    22   -1.106764541606e-16    0.000000000000e+00
    23   -2.429739500200e-17    3.081487911020e-33
    24   -2.463628450980e-18    0.000000000000e+00
    25    1.802980957203e-19   -1.925929944387e-34
    26   -1.289352206354e-22    0.000000000000e+00
    27    8.372806348425e-20    0.000000000000e+00
    28    3.211063748452e-20   -3.009265538105e-36
    29    8.205616583628e-22    0.000000000000e+00
    30   -7.996757758888e-22   -1.410593220987e-37
    31   -2.538530163142e-22   -2.350988701645e-38
    32    1.012731379442e-22    0.000000000000e+00
    33   -2.750491636105e-23    2.350988701645e-38
    34    5.541613950816e-23   -1.175494350822e-38
    35    4.007174540704e-22   -7.052966104934e-38
    36    3.057487244080e-21   -3.761581922631e-37
    37    3.313942798646e-21    0.000000000000e+00
    38   -6.959943160677e-20   -9.027796614315e-36
    39   -5.659529594992e-19    1.203706215242e-35
    40   -2.466125366216e-18    0.000000000000e+00
    41   -8.432329626186e-18    5.777789833162e-34
    42   -3.723222807325e-17    2.696301922142e-33
    43   -2.054131613736e-18   -5.392603844284e-33
    44   -7.735951886025e-20    1.232595164408e-32
    45   -4.780452054688e-16    1.232595164408e-31
    46    4.859596453417e-15   -3.944304526105e-31
    47    2.479795474567e-14    5.916456789158e-31
    48    2.470884639199e-13    0.000000000000e+00
    49    1.211513939060e-12   -1.893266172530e-29
    50    4.940593709238e-12    2.019483917366e-28
    51    2.408713656238e-11   -1.413638742156e-27
    52    1.266295045813e-11    1.252080028767e-26
    53   -4.982707021043e-11   -6.462348535571e-27
    54    2.110146338449e-09    0.000000000000e+00
    55    9.214521925529e-09    0.000000000000e+00
    56    1.342908509686e-07    2.481541837659e-24
    57    1.198695868915e-06   -6.617444900424e-24
    58    8.789669513129e-06   -2.646977960170e-23
    59    7.277557850315e-05   -8.470329472543e-22
    60    6.137839316125e-04    8.470329472543e-22
    61    5.553409034401e-03    1.355252715607e-20
    62    5.053475953007e-02   -1.084202172486e-19
    63    4.937331063460e-01    0.000000000000e+00
