     0    1.183557811907e+01   -6.938893903907e-18
     1    5.325127027142e-01   -1.734723475977e-18
     2    5.007018840964e-02   -2.168404344971e-19
     3    4.399569148185e-03    1.355252715607e-20
     4    5.157398266290e-04    5.082197683526e-21
     5    6.503681077613e-05   -5.293955920339e-23
     6    7.792613207668e-06    5.293955920339e-23
     7    1.376867357707e-06   -2.646977960170e-23
     8    1.592363817492e-07   -3.308722450212e-24
     9    3.946433493170e-08    0.000000000000e+00
    10    7.077542592765e-09    2.067951531383e-25
    11    6.031162210973e-10    9.693522803356e-27
    12    1.130719555485e-10    4.038967834732e-28
    13    3.132287065935e-11    0.000000000000e+00
    14    8.616484692689e-12    2.019483917366e-28
    15    2.042929188124e-12   -1.009741958683e-28
    16    3.156103265170e-13    0.000000000000e+00
    17    2.615757775065e-14   -6.310887241768e-30
    18   -1.846357987139e-14   -1.577721810442e-30
    19   -2.993563282341e-15    3.944304526105e-31
    20   -1.136934634871e-16    7.395570986447e-32
    21   -2.961624106620e-16    0.000000000000e+00
    22   -8.761794617745e-17    0.000000000000e+00
    23   -1.241457228117e-17    1.155557966632e-33
    24   -4.969840047836e-18   -1.925929944387e-34
    25    7.249205831465e-20    0.000000000000e+00
    26    2.113472177990e-20   -2.407412430484e-35
    27   -3.813560445091e-20    0.000000000000e+00
    28   -1.115283679504e-20   -8.463559325920e-37
    29   -5.619363748768e-21   -3.291384182302e-37
    30   -1.430572389869e-21    2.115889831480e-37
    31   -6.761749417260e-22    2.057115113939e-38
    32    2.071471732417e-24    2.350988701645e-38
    33    4.161382670253e-22   -2.350988701645e-38
    34    2.297063880279e-21    5.877471754111e-38
    35    1.360895375197e-20   -9.403954806578e-38
    36    4.925767065876e-20    3.009265538105e-36
    37    1.303498781665e-19   -7.523163845263e-36
    38   -2.442447630223e-19    3.009265538105e-36
    39    1.369244312999e-18   -4.814824860968e-35
    40    2.976092467142e-18    4.092601131823e-34
    41    2.623657183186e-17   -1.925929944387e-33
    42    8.660138608441e-17   -5.200010849846e-33
    43    8.349740843459e-16    6.162975822039e-33
    44    2.447523339949e-15    6.162975822039e-32
    45    1.713872695346e-14    2.958228394579e-31
    46    1.111266068671e-13    0.000000000000e+00
    47    1.626706883433e-13    3.155443620884e-30
    48   -3.830170050077e-13   -1.262177448354e-29
    49   -5.489405498253e-13    2.524354896707e-29
    50   -6.750292258775e-12    3.029225876049e-28
    51    2.133731817125e-11    5.654554968624e-27
    52   -2.263288883385e-11    6.462348535571e-27
    53    3.469712227642e-10    5.169878828456e-26
    54    2.399341269632e-09   -2.584939414228e-25
    55    1.921185156206e-08    7.754818242685e-25
    56    1.977760570671e-07    8.271806125530e-25
    57    1.419183088626e-06    3.308722450212e-24
    58    9.962518123903e-06   -2.646977960170e-23
    59    7.107709083937e-05    7.411538288475e-22
    60    6.088725975200e-04    0.000000000000e+00
    61    5.724955897207e-03    6.776263578034e-21
    62    5.363327648786e-02    0.000000000000e+00
    63    5.381462780904e-01   -3.469446951954e-18
