     0    1.175516664415e+01   -2.081668171172e-17
     1    5.321406087290e-01    8.673617379884e-19
     2    5.679109547377e-02   -1.084202172486e-19
     3    5.926324687255e-03   -2.032879073410e-20
     4    7.152410049650e-04    0.000000000000e+00
     5    9.619343934406e-05    1.270549420881e-21
     6    1.022341851373e-05    7.940933880509e-23
     7    1.082477001667e-06   -2.646977960170e-23
     8    1.261696152917e-07    9.926167350636e-24
     9    2.816715451551e-08   -8.271806125530e-25
    10    3.566242527298e-09    0.000000000000e+00
    11    3.814876214812e-10    3.101927297074e-25
    12    1.867082087722e-10   -2.584939414228e-26
    13    9.796686022110e-13    4.846761401678e-27
    14   -1.624753080718e-12   -4.038967834732e-28
    15   -2.007352666529e-15   -1.009741958683e-28
    16    3.133759885220e-13   -5.048709793414e-29
    17    1.094223041415e-13    0.000000000000e+00
    18    7.300034768193e-15    1.577721810442e-30
    19   -8.340415475126e-15   -3.944304526105e-31
    20    6.590976795013e-17    0.000000000000e+00
    21    2.568299180799e-16    2.465190328816e-32
    22    8.992363956953e-17    0.000000000000e+00
    23    5.933451314076e-18   -7.703719777549e-34
    24   -2.765619623782e-18    1.925929944387e-34
    25   -3.058957095128e-19    2.407412430484e-35
    26    1.255599157608e-20    6.018531076210e-36
    27   -7.481979172131e-21    0.000000000000e+00
    28    1.732571214420e-21   -1.504632769053e-36
    29    2.176324389097e-21   -9.403954806578e-38
    30    3.580602827707e-22    2.350988701645e-38
    31    1.468450989852e-22    0.000000000000e+00
    32    4.007719156773e-23    0.000000000000e+00
    33    1.442247772715e-23    7.346839692639e-40
    34    1.591989830042e-22    2.057115113939e-38
    35    6.548494254131e-22    0.000000000000e+00
    36   -1.878776799238e-21    0.000000000000e+00
    37   -1.972083788501e-20    7.523163845263e-37
    38   -8.579306198195e-20   -6.018531076210e-36
    39   -3.883119767626e-19   -2.407412430484e-35
    40   -4.769311067165e-19    0.000000000000e+00
    41   -7.857198703537e-19    9.629649721936e-35
    42   -2.034067838314e-19   -1.540743955510e-33
    43    3.979112533445e-17    3.081487911020e-33
    44    2.676992245626e-16    0.000000000000e+00
    45    6.884782105287e-16    1.479114197289e-31
    46    1.966694240333e-15    0.000000000000e+00
    47    3.715439294251e-14   -7.888609052210e-31
    48    2.087850229513e-13    1.262177448354e-29
    49    1.385065482905e-12    0.000000000000e+00
    50    6.238468078663e-12    0.000000000000e+00
    51    2.609819603276e-11    8.077935669463e-28
    52    1.409964308837e-10    0.000000000000e+00
    53    8.286650034159e-10    0.000000000000e+00
    54    6.154219074484e-09    0.000000000000e+00
    55    4.215075359175e-08   -4.135903062765e-25
    56    3.882678965109e-07    0.000000000000e+00
    57    2.251878944255e-06   -1.323488980085e-23
    58    1.007630793705e-05    2.646977960170e-23
    59    7.463584014119e-05    2.117582368136e-22
    60    6.262390524752e-04   -2.541098841763e-21
    61    5.823606583367e-03    1.016439536705e-20
    62    5.175713230180e-02   -9.486769009248e-20
    63    5.224262846580e-01   -1.301042606983e-18
