     0    1.209692433541e+01   -1.387778780781e-17
     1    5.265289476149e-01    2.168404344971e-19
     2    5.164408044864e-02    0.000000000000e+00
     3    5.280044108555e-03    6.776263578034e-21
     4    5.887210105544e-04   -3.388131789017e-21
     5    6.947330935217e-05   -4.235164736272e-22
     6    8.998414648341e-06    5.293955920339e-23
     7    1.003614121958e-06   -1.985233470127e-23
     8    9.238879984812e-08    0.000000000000e+00
     9    2.506696503314e-08    0.000000000000e+00
    10    4.404094826339e-09    3.101927297074e-25
    11    6.393756480168e-10   -6.462348535571e-27
    12   -4.808162517178e-12    4.846761401678e-27
    13   -3.342776080076e-11   -8.077935669463e-28
    14   -1.108317535892e-11   -8.077935669463e-28
    15   -1.439061606156e-12   -5.048709793414e-29
    16   -9.019427499516e-14    3.786532345061e-29
    17    3.167669096492e-14   -3.155443620884e-30
    18    6.090275011757e-15    1.972152263053e-31
    19    2.826257169922e-15   -6.902532920684e-31
    20    4.713515916827e-16    1.848892746612e-32
    21    2.372858721442e-16    1.540743955510e-32
    22    7.569158814653e-17    1.540743955510e-33
    23    9.184780994856e-18    0.000000000000e+00
    24    1.310885038843e-20   -1.203706215242e-34
    25    1.942453338935e-19    3.009265538105e-35
    26    3.071688482385e-20    7.523163845263e-37
    27    5.313386810771e-22    1.880790961316e-36
    28   -1.204912941988e-20   -3.761581922631e-37
    29   -2.332917985835e-21   -9.403954806578e-38
    30   -4.296893732239e-22   -2.350988701645e-38
    31   -5.551173854533e-23    0.000000000000e+00
    32    1.249318767167e-23    0.000000000000e+00
    33    6.718502670542e-23   -6.612155723375e-39
    34    3.021091049055e-22   -1.028557556970e-38
    35    5.069834033985e-22    3.526483052467e-38
    36    2.952532921583e-21    9.403954806578e-38
    37    1.889942670935e-20    7.523163845263e-37
    38    2.333691957660e-20    0.000000000000e+00
    39   -2.839494974608e-20    2.407412430484e-35
    40   -3.946727202008e-19    0.000000000000e+00
    41   -3.038477336557e-19    9.629649721936e-35
    42    5.592604707087e-18    0.000000000000e+00
    43    4.840492323918e-17   -4.622231866529e-33
    44    3.183617106866e-17    4.622231866529e-33
    45   -1.281372651385e-15   -2.711709361697e-31
    46   -5.331036585555e-15   -4.930380657631e-32
    47   -1.454061442936e-14    1.577721810442e-30
    48   -3.040145569511e-13    2.366582715663e-30
    49   -5.413496023430e-13    2.524354896707e-29
    50   -8.694209407602e-12    3.029225876049e-28
    51   -4.376808633740e-11    8.077935669463e-28
    52   -2.838021798798e-10    6.462348535571e-27
    53   -6.668286335369e-10    0.000000000000e+00
    54   -3.466861213221e-09   -1.033975765691e-25
    55   -7.221374284325e-10    0.000000000000e+00
    56    7.479428223702e-08    6.617444900424e-24
    57    9.719120255151e-07   -2.316105715148e-23
    58    9.174162539080e-06   -1.455837878093e-22
    59    7.093086963896e-05    2.117582368136e-22
    60    6.074217974290e-04   -2.964615315390e-21
    61    5.928772487326e-03    1.355252715607e-20
    62    5.395117149553e-02   -2.337810934422e-19
    63    5.698654898793e-01   -3.686287386451e-18
