     0    1.179927598234e+01    0.000000000000e+00
     1    5.072699502792e-01    4.336808689942e-19
     2    5.084216931716e-02    0.000000000000e+00
     3    5.783849775591e-03   -1.355252715607e-20
     4    6.798572269883e-04   -6.776263578034e-21
     5    1.035021356000e-04    8.470329472543e-22
     6    1.767412947186e-05   -1.058791184068e-22
     7    2.459820597886e-06    5.293955920339e-23
     8    2.616058802692e-07    1.323488980085e-23
     9    6.853682051847e-08    1.654361225106e-24
    10    2.069155834442e-08    0.000000000000e+00
    11    3.270292377973e-09   -1.033975765691e-25
    12    3.214163677199e-10    0.000000000000e+00
    13    1.811116827251e-11   -3.231174267785e-27
    14    1.262794099913e-12    0.000000000000e+00
    15    9.204128189062e-13   -4.038967834732e-28
    16    1.460421095868e-13   -2.019483917366e-28
    17    1.889885710040e-14   -1.262177448354e-29
    18   -3.741609858207e-15    0.000000000000e+00
    19    3.089802027034e-15    0.000000000000e+00
    20    1.555785692575e-15    0.000000000000e+00
    21    9.529460791028e-17   -9.244463733059e-33
    22    2.706945342498e-17    0.000000000000e+00
    23    6.758664299231e-18   -3.851859888774e-34
    24   -5.492292040552e-20   -6.018531076210e-35
    25    6.289292306136e-20   -4.814824860968e-35
    26    5.928520801806e-20    0.000000000000e+00
    27   -2.531650065153e-21   -3.009265538105e-36
    28    6.746062023561e-22   -3.291384182302e-37
    29   -2.699068902053e-21    1.880790961316e-37
    30   -1.911892020585e-22    2.350988701645e-38
    31   -3.479048580031e-23   -2.350988701645e-38
    32   -8.008423847958e-23    5.877471754111e-39
    33   -4.475782035194e-22    1.175494350822e-38
    34   -2.178751619616e-21   -9.403954806578e-38
    35   -4.354362772009e-21   -5.642372883947e-37
    36   -9.613214688235e-21    0.000000000000e+00
    37   -1.921309755851e-19    0.000000000000e+00
    38   -4.179920149858e-19   -4.814824860968e-35
    39   -2.072457277664e-18   -1.925929944387e-34
    40   -9.426272531892e-20    3.611118645726e-34
    41    1.988456929175e-17   -7.703719777549e-34
    42   -8.441314102111e-17    6.162975822039e-33
    43   -1.760028067626e-16   -6.162975822039e-33
    44    9.788173350437e-16   -2.465190328816e-32
    45    3.167217069594e-16   -9.860761315263e-32
    46    2.281843683231e-14   -5.916456789158e-31
    47    1.099352859170e-13   -3.944304526105e-30
    48    9.370256342684e-14    0.000000000000e+00
    49   -6.338556439352e-13   -7.573064690122e-29
    50   -1.981706115526e-11    0.000000000000e+00
    51   -5.020959868335e-11    0.000000000000e+00
    52    9.240921479351e-11    1.292469707114e-26
    53    2.212088203128e-09    5.169878828456e-26
    54    1.223737847358e-08    0.000000000000e+00
    55    7.030459076576e-08    3.308722450212e-24
    56    2.922156253702e-07    1.323488980085e-23
    57    2.031979502611e-06    0.000000000000e+00
    58    1.081528505849e-05    0.000000000000e+00
    59    4.986406096532e-05    2.117582368136e-22
    60    5.354834430878e-04   -1.185846126156e-20
    61    5.239452043372e-03    6.776263578034e-21
    62    5.143772935347e-02   -1.761828530289e-19
    63    5.132315574832e-01    4.336808689942e-19
