     0    1.166300896773e+01    6.938893903907e-18
     1    5.635256987517e-01    2.168404344971e-19
     2    5.302374459046e-02   -2.710505431214e-20
     3    5.395574457475e-03   -1.355252715607e-20
     4    4.808241485227e-04    0.000000000000e+00
     5    4.984226692664e-05   -4.235164736272e-22
     6    5.744249286305e-06    5.293955920339e-23
     7    9.104845013981e-07   -1.323488980085e-23
     8    1.119126729412e-07    0.000000000000e+00
     9    1.472478832344e-08    2.067951531383e-25
    10    1.190913020966e-09    1.550963648537e-25
    11    1.550401874303e-10   -1.292469707114e-26
    12    8.087555536527e-11   -6.462348535571e-27
    13    1.758173173513e-11   -4.038967834732e-28
    14    5.541408671720e-12    4.291403324402e-28
    15    1.147109348143e-12   -4.417621069238e-29
    16    3.338228475342e-13    0.000000000000e+00
    17    4.487023686244e-14   -2.366582715663e-30
    18    1.274228571323e-14    9.860761315263e-32
    19    1.609093005324e-15    4.930380657631e-32
    20    1.836606583565e-16    0.000000000000e+00
    21   -3.003799544996e-16    0.000000000000e+00
    22   -1.037793867043e-16   -5.392603844284e-33
    23   -1.600324250891e-17    0.000000000000e+00
    24   -4.715534850683e-18   -1.203706215242e-35
    25   -2.194544670872e-18    1.203706215242e-35
    26   -4.808810395912e-19    0.000000000000e+00
    27   -7.553537603653e-20   -1.880790961316e-37
    28   -6.756592805608e-21   -7.052966104934e-37
    29   -1.458506831509e-21   -9.697828394284e-38
    30   -4.683689367418e-23   -5.877471754111e-39
    31    4.095588868064e-23   -3.673419846320e-39
    32    4.221000716916e-23   -2.938735877056e-39
    33    9.327148855518e-23    5.877471754111e-39
    34    4.925504116056e-22   -2.350988701645e-38
    35    1.396672123641e-21    9.403954806578e-38
    36    3.739570430254e-22    1.128474576789e-36
    37    8.786533471238e-21    3.761581922631e-37
    38    5.370830196806e-20    6.018531076210e-36
    39    4.702601326437e-19    0.000000000000e+00
    40    2.919769500597e-18    1.925929944387e-34
    41    4.062295644401e-18    1.925929944387e-34
    42   -5.972873314116e-18    0.000000000000e+00
    43    1.157998880584e-17    0.000000000000e+00
    44    1.660964126079e-18   -7.395570986447e-32
    45    4.706448272197e-16   -4.930380657631e-32
    46   -4.095300581829e-16   -1.972152263053e-31
    47    1.828081360356e-14    7.888609052210e-31
    48    1.364556509081e-13    0.000000000000e+00
    49    1.154888123430e-12    0.000000000000e+00
    50    2.996513802751e-12    6.058451752097e-28
    51    6.356467665920e-12    4.038967834732e-28
    52    2.879149769443e-11    1.615587133893e-27
    53    1.227202158277e-10    0.000000000000e+00
    54    2.482672201291e-10   -1.033975765691e-25
    55    2.825863819164e-09    2.067951531383e-25
    56    8.218543227872e-08   -1.654361225106e-24
    57    7.747171914887e-07   -2.316105715148e-23
    58    8.099778676448e-06    0.000000000000e+00
    59    7.510529170823e-05    2.382280164153e-22
    60    6.480780682205e-04    1.694065894509e-21
    61    5.051634222269e-03    0.000000000000e+00
    62    5.115382565528e-02   -1.355252715607e-19
    63    5.357933403595e-01   -4.336808689942e-19
