     0    1.150165192183e+01    0.000000000000e+00
     1    5.339146114258e-01    0.000000000000e+00
     2    4.808481041728e-02   -8.131516293641e-20
     3    4.873825152320e-03    0.000000000000e+00
     4    5.892953332022e-04   -3.388131789017e-21
     5    8.056965471852e-05    4.235164736272e-22
     6    1.496059350348e-05   -3.176373552204e-22
     7    3.314718840061e-06    2.646977960170e-23
     8    3.373336974110e-07   -1.654361225106e-24
     9    4.291418127062e-08    2.067951531383e-24
    10    1.303462282144e-08   -1.033975765691e-25
    11    1.375996715491e-09   -5.169878828456e-26
    12    2.318101541782e-10    1.292469707114e-26
    13    1.634911067453e-11    0.000000000000e+00
    14    2.967225487614e-12    0.000000000000e+00
    15    3.038174368925e-12    1.009741958683e-28
    16    1.790016049275e-13    2.524354896707e-29
    17   -4.561456022412e-16   -3.155443620884e-29
    18   -2.654463986025e-14   -3.155443620884e-30
    19   -7.652896647596e-15   -3.944304526105e-31
    20   -4.264593199466e-16   -2.958228394579e-31
    21    1.041976905580e-16    0.000000000000e+00
    22   -1.060074110275e-17    0.000000000000e+00
    23    1.209016270550e-17   -3.851859888774e-34
    24    5.346769822342e-19    4.814824860968e-35
    25   -1.522154500555e-19    3.009265538105e-35
    26   -1.467463158707e-19   -1.504632769053e-36
    27   -3.418766196410e-20    3.761581922631e-37
    28   -2.975372416880e-21    9.403954806578e-38
    29    6.727166751705e-22    1.880790961316e-37
    30    2.915870855649e-22    2.350988701645e-38
    31    1.893669438816e-23    0.000000000000e+00
    32    5.481440950830e-25    0.000000000000e+00
    33    6.377008783510e-23   -2.938735877056e-39
    34    4.033613752666e-22   -2.350988701645e-38
    35    9.292564322236e-22   -2.350988701645e-37
    36    1.025632057031e-20   -9.403954806578e-38
    37    6.277598547835e-20   -3.009265538105e-36
    38    1.334408970344e-19   -4.814824860968e-35
    39    6.557572205466e-20    0.000000000000e+00
    40   -1.936364441854e-18    0.000000000000e+00
    41   -2.017683519279e-17    0.000000000000e+00
    42   -6.630958408899e-17    6.162975822039e-33
    43   -5.679298356576e-16   -2.311115933265e-32
    44   -2.071828422591e-15   -9.860761315263e-32
    45   -1.037768332614e-14   -5.916456789158e-31
    46   -5.475455476903e-14    1.972152263053e-30
    47   -4.015681078280e-13   -1.262177448354e-29
    48   -5.463412852934e-13    2.524354896707e-29
    49   -1.077192030856e-12   -1.009741958683e-28
    50    1.050152994473e-12    0.000000000000e+00
    51    3.133919735436e-11    0.000000000000e+00
    52    2.651779516333e-10   -6.462348535571e-27
    53    2.544825784722e-09   -5.169878828456e-26
    54    9.577956381431e-09    5.169878828456e-26
    55    4.641580511965e-08    8.271806125530e-25
    56    1.214240551586e-07   -6.617444900424e-24
    57    1.380509801389e-06    2.646977960170e-23
    58    9.815722866209e-06    5.293955920339e-23
    59    1.004499376275e-04    0.000000000000e+00
    60    7.790107363029e-04    1.694065894509e-21
    61    6.295805743271e-03   -2.710505431214e-20
    62    5.475958893109e-02   -1.084202172486e-19
    63    5.224505166156e-01    0.000000000000e+00
