     0    1.197924247192e+01    3.469446951954e-18
     1    5.259556619640e-01    4.336808689942e-19
     2    4.772266404278e-02    2.710505431214e-20
     3    4.938901220964e-03    3.388131789017e-21
     4    6.020682751769e-04    2.117582368136e-22
     5    7.054985915040e-05    2.117582368136e-22
     6    1.124776492142e-05    2.117582368136e-22
     7    1.701739302392e-06    0.000000000000e+00
     8    3.168239606742e-07   -6.617444900424e-24
     9    5.222225765323e-08    0.000000000000e+00
    10    1.033766497555e-08    8.271806125530e-25
    11   -1.232764660697e-09   -1.137373342260e-24
    12    9.762069536307e-11    7.754818242685e-26
    13   -1.818544395550e-11    0.000000000000e+00
    14    4.052813400062e-12    0.000000000000e+00
    15    3.452339627766e-12   -6.058451752097e-28
    16   -3.823749340837e-14    1.009741958683e-28
    17   -4.331788436959e-13   -5.048709793414e-29
    18   -1.792409522643e-13    3.155443620884e-30
    19   -4.873095674850e-14   -1.262177448354e-29
    20   -7.659129092362e-15    7.888609052210e-31
    21   -9.446436456892e-16    0.000000000000e+00
    22    1.188306646306e-17    1.972152263053e-31
    23   -2.484803597247e-17    3.081487911020e-33
    24   -4.804425800145e-18   -5.777789833162e-34
    25   -1.279418853037e-18    1.685188701339e-34
    26    7.289618970012e-20   -4.814824860968e-35
    27   -3.705235394819e-20    0.000000000000e+00
    28   -8.146577975514e-21   -7.523163845263e-37
    29   -6.294878031337e-22   -9.403954806578e-38
    30    1.869369017363e-21    1.410593220987e-37
    31    3.551988171185e-22    1.763241526233e-38
    32    1.985105003221e-22   -2.350988701645e-38
    33    4.036943798422e-22   -1.175494350822e-38
    34    5.751926056385e-22    4.701977403289e-38
    35    9.256804259225e-22   -4.701977403289e-38
    36   -8.185969077774e-22    0.000000000000e+00
    37    8.287411914027e-21    3.009265538105e-36
    38    2.529230232515e-20   -4.513898307158e-36
    39   -3.027149570509e-19   -6.018531076210e-35
    40    1.205700018413e-18    9.629649721936e-35
    41   -1.816066634867e-18    0.000000000000e+00
    42    2.790372642765e-17    0.000000000000e+00
    43   -3.661148043486e-17   -3.081487911020e-33
    44   -5.098038672008e-16   -2.465190328816e-32
    45   -5.226800367883e-15   -9.860761315263e-32
    46   -3.121538692022e-14   -3.944304526105e-31
    47   -6.095154134907e-14    0.000000000000e+00
    48   -3.391426928699e-14   -2.524354896707e-29
    49   -4.507207243558e-13   -5.048709793414e-29
    50   -9.619826534434e-12    0.000000000000e+00
    51   -1.248806174435e-11    1.615587133893e-27
    52    3.641108431792e-10    0.000000000000e+00
    53    4.092297016333e-09   -5.169878828456e-26
    54    1.629865278472e-08    0.000000000000e+00
    55    4.642603406754e-08    0.000000000000e+00
    56    3.507769780836e-07    0.000000000000e+00
    57    2.096451150491e-06    0.000000000000e+00
    58    1.263734597723e-05    5.293955920339e-23
    59    7.913203955780e-05    1.058791184068e-22
    60    7.131955659356e-04    0.000000000000e+00
    61    5.415818809207e-03    3.388131789017e-21
    62    5.294786088482e-02    0.000000000000e+00
    63    5.310489412385e-01    4.336808689942e-19
