     0    1.214244383722e+01   -3.469446951954e-18
     1    5.154738971068e-01   -1.734723475977e-18
     2    4.787452809682e-02    2.168404344971e-19
     3    4.183998770404e-03   -2.371692252312e-20
     4    5.019493962861e-04    1.694065894509e-21
     5    5.468191043275e-05    1.058791184068e-22
     6    7.507653185364e-06    0.000000000000e+00
     7    1.225396399998e-06    2.646977960170e-23
     8    3.709839440783e-07   -9.926167350636e-24
     9    3.990386591015e-08   -4.135903062765e-25
    10    9.202609863791e-09    3.101927297074e-25
    11    2.036675140961e-09   -5.169878828456e-26
    12    9.232351413528e-11   -3.069615554396e-26
    13   -2.173103047951e-11    5.654554968624e-27
    14    1.001886760630e-12   -1.615587133893e-27
    15   -2.042543320658e-12   -1.211690350419e-27
    16   -1.291282943804e-12   -1.514612938024e-28
    17   -2.569689666935e-13    0.000000000000e+00
    18   -3.309067222460e-14    6.310887241768e-30
    19   -2.263133980532e-14   -4.733165431326e-30
    20   -1.407279599913e-14   -7.888609052210e-31
    21   -3.214059486581e-15   -3.944304526105e-31
    22   -5.796269590207e-16   -2.465190328816e-32
    23   -9.388149194542e-17    0.000000000000e+00
    24   -8.501453612228e-18    0.000000000000e+00
    25    4.228177807386e-18   -9.629649721936e-34
    26   -2.074863296051e-18    0.000000000000e+00
    27   -5.183457540521e-19    1.203706215242e-35
    28   -1.412699123640e-19    6.018531076210e-36
    29   -1.997592196758e-20    1.504632769053e-36
    30   -1.933526757297e-21    2.821186441973e-37
    31   -5.470407653951e-22   -4.231779662960e-37
    32    2.347640358013e-22    2.350988701645e-37
    33    4.654862254130e-22   -1.175494350822e-38
    34    3.035802834361e-23    5.877471754111e-39
    35    1.142801512353e-21    1.057944915740e-37
    36    3.733042916449e-21    0.000000000000e+00
    37   -2.009949516843e-20    3.761581922631e-37
    38   -2.275830381277e-19    3.009265538105e-36
    39   -1.758473130908e-18   -4.814824860968e-35
    40   -3.431921616170e-18   -7.222237291452e-35
    41   -9.715363888827e-18    3.851859888774e-34
    42    4.228207117620e-17    0.000000000000e+00
    43    1.654252028694e-16    2.465190328816e-32
    44    2.810382760026e-16    0.000000000000e+00
    45    1.778185551396e-15    9.860761315263e-32
    46    7.232083395468e-15   -3.944304526105e-31
    47    7.202798570773e-14   -7.888609052210e-31
    48    1.626365594922e-13   -1.893266172530e-29
    49    4.601285695074e-13    1.009741958683e-28
    50    6.622992030045e-12    8.077935669463e-28
    51    1.705751142893e-11    4.846761401678e-27
    52    1.772900903230e-10    0.000000000000e+00
    53    6.503835728609e-10    0.000000000000e+00
    54    1.316762085504e-08   -1.033975765691e-25
    55    7.119645768537e-08    4.135903062765e-25
    56    2.774726127701e-07    1.240770918830e-24
    57    1.961132031576e-06    1.654361225106e-23
    58    2.387562216340e-05   -1.058791184068e-22
    59    1.454881641303e-04    8.470329472543e-22
    60    9.369118626882e-04    3.388131789017e-21
    61    6.757901770377e-03    2.710505431214e-20
    62    5.669247509919e-02    0.000000000000e+00
    63    5.672537041042e-01    5.204170427930e-18
