     0    1.245620938739e+01    6.938893903907e-18
     1    5.496946705228e-01   -8.673617379884e-19
     2    5.482819709271e-02   -2.168404344971e-19
     3    5.334491832706e-03    2.710505431214e-20
     4    7.489506427806e-04   -2.541098841763e-21
     5    1.014264187223e-04   -4.235164736272e-22
     6    1.362034693627e-05    5.293955920339e-23
     7    1.758390471721e-06    2.646977960170e-23
     8    2.641077968559e-07   -1.654361225106e-24
     9    1.266755266520e-08   -8.271806125530e-25
    10    2.428098471253e-09    0.000000000000e+00
    11    6.373740563716e-10   -3.877409121342e-26
    12    1.918134122107e-10   -1.615587133893e-27
    13    7.126072145281e-11    1.615587133893e-27
    14    9.436770547887e-12   -1.211690350419e-27
    15    3.407921303234e-12    1.009741958683e-28
    16    8.230542773188e-13   -1.893266172530e-29
    17    1.063519627051e-13   -1.577721810442e-30
    18    2.070159328948e-14    0.000000000000e+00
    19    2.342145979387e-15   -1.972152263053e-31
    20    1.039416646060e-15    2.465190328816e-32
    21    3.625399102762e-16    6.162975822039e-33
    22    3.215883005668e-18    9.244463733059e-33
    23   -1.234997040859e-17    0.000000000000e+00
    24   -3.099701887113e-18    1.925929944387e-34
    25   -6.248663548299e-19    4.814824860968e-35
    26   -1.023827371296e-19   -1.203706215242e-35
    27   -3.624477128752e-20    3.009265538105e-36
    28   -7.799041921411e-21   -1.880790961316e-37
    29   -2.252852487138e-21   -9.403954806578e-38
    30   -2.407001520397e-22    5.877471754111e-39
    31   -1.759605127683e-22    7.346839692639e-40
    32   -2.211580083485e-22    5.877471754111e-39
    33    1.944233683197e-24    0.000000000000e+00
    34    1.774081105359e-21    0.000000000000e+00
    35    8.639530942692e-21    1.880790961316e-37
    36    2.785878241984e-20    0.000000000000e+00
    37    1.354351950531e-19   -6.018531076210e-36
    38    1.150776850298e-19    1.203706215242e-35
    39    1.547333843017e-18    0.000000000000e+00
    40   -8.765673027465e-19   -1.203706215242e-34
    41   -1.660945720463e-17   -9.629649721936e-35
    42   -2.461437091477e-17   -7.703719777549e-34
    43    1.302629935754e-16   -1.232595164408e-32
    44   -6.916138458342e-17    0.000000000000e+00
    45   -4.207779798096e-15    7.888609052210e-31
    46   -1.296184634294e-14    1.577721810442e-30
    47   -1.002910587616e-13    3.155443620884e-30
    48   -3.388057571458e-13    0.000000000000e+00
    49   -1.032473978943e-12    0.000000000000e+00
    50   -9.660766618306e-13   -4.038967834732e-28
    51   -1.054259872252e-11    0.000000000000e+00
    52   -5.190769797642e-11    0.000000000000e+00
    53    3.656667829621e-10    3.231174267785e-27
    54    1.180321270051e-08    0.000000000000e+00
    55    5.807081236047e-08    1.240770918830e-24
    56    4.330947108594e-07    6.617444900424e-24
    57    2.746510785516e-06    0.000000000000e+00
    58    1.676714739063e-05    2.117582368136e-22
    59    9.528397796792e-05    0.000000000000e+00
    60    7.719296320956e-04    0.000000000000e+00
    61    6.438893920056e-03   -2.710505431214e-20
    62    5.986961370667e-02    0.000000000000e+00
    63    5.788618820236e-01    4.336808689942e-19
