     0    1.127004216548e+01    1.734723475977e-18
     1    5.176069567176e-01    1.734723475977e-18
     2    5.192204600965e-02    2.168404344971e-19
     3    5.451550827436e-03   -5.421010862428e-20
     4    6.694605913297e-04    0.000000000000e+00
     5    9.155138130023e-05    4.235164736272e-22
     6    1.068689117159e-05    0.000000000000e+00
     7    1.345781511909e-06    1.323488980085e-23
     8    1.868621831974e-07   -6.617444900424e-24
     9    3.763091997396e-08    4.135903062765e-25
    10    5.039338499923e-09    1.033975765691e-25
    11    8.916761952254e-10   -1.292469707114e-26
    12    3.170813599527e-10   -4.038967834732e-27
    13    7.450530173311e-11    2.019483917366e-28
    14    1.696731117496e-11    0.000000000000e+00
    15    4.087745160520e-12   -5.048709793414e-29
    16    6.008366307098e-13    0.000000000000e+00
    17    3.007158318107e-14   -1.972152263053e-30
    18    1.278842299435e-15    3.944304526105e-31
    19    3.716007218101e-15    9.860761315263e-32
    20    1.180858988317e-15   -7.395570986447e-32
    21    4.246094983749e-16   -1.232595164408e-32
    22    5.469988582954e-17    1.078520768857e-32
    23    1.884992476596e-17   -7.703719777549e-34
    24    2.616726065661e-18    9.629649721936e-35
    25    4.781279253387e-19    2.407412430484e-35
    26    2.849337579159e-19   -3.611118645726e-35
    27    5.095497266288e-20   -3.009265538105e-36
    28    2.175396362027e-20    1.504632769053e-36
    29    8.790711510276e-21    7.523163845263e-37
    30    1.512520507232e-21    9.403954806578e-38
    31    1.967617620034e-22    0.000000000000e+00
    32   -7.965865576141e-24    5.877471754111e-39
    33    7.194211656039e-22    0.000000000000e+00
    34   -7.797366257552e-22    1.175494350822e-38
    35    1.893973308964e-21    7.523163845263e-37
    36    4.533150963428e-20   -1.504632769053e-36
    37    6.153970120599e-20    1.203706215242e-35
    38   -1.162502967570e-19   -1.805559322863e-35
    39    3.166939745232e-19    0.000000000000e+00
    40   -1.699279793700e-18    0.000000000000e+00
    41   -1.150504198932e-17    3.851859888774e-34
    42   -6.114284632663e-17    9.244463733059e-33
    43   -1.840511512871e-16    0.000000000000e+00
    44    2.624025508347e-15    0.000000000000e+00
    45    1.023847221329e-14    1.380506584137e-30
    46    2.195146844754e-14    1.577721810442e-30
    47    1.498172569345e-13   -1.262177448354e-29
    48    4.219835378465e-13    0.000000000000e+00
    49    1.415142884784e-12    1.388395193189e-28
    50   -2.736204433258e-12   -4.543838814073e-28
    51   -1.607229342670e-11   -3.029225876049e-28
    52   -1.616406595406e-11    3.635071051258e-27
    53    6.316517884475e-10   -6.462348535571e-27
    54    6.435527829109e-09    9.047287949799e-26
    55    3.776194015193e-08   -2.067951531383e-25
    56    2.249204459428e-07    2.481541837659e-24
    57    1.027179434856e-06   -1.323488980085e-23
    58    7.321346882945e-06   -1.588186776102e-22
    59    7.010328762257e-05    1.058791184068e-21
    60    5.964489774522e-04    0.000000000000e+00
    61    5.246331552683e-03    1.355252715607e-20
    62    4.866376718354e-02   -1.626303258728e-19
    63    5.047448975183e-01   -4.336808689942e-19
