     0    1.184647544468e+01   -1.040834085586e-17
     1    5.592390228841e-01    8.673617379884e-19
     2    5.406044491435e-02    0.000000000000e+00
     3    7.018767412622e-03    8.131516293641e-20
     4    9.877624126016e-04    8.470329472543e-21
     5    1.224665681879e-04   -4.235164736272e-22
     6    1.589012821763e-05    0.000000000000e+00
     7    2.069775704911e-06   -4.301339185276e-23
     8    3.446730995512e-07    6.617444900424e-24
     9    5.529116300567e-08   -8.271806125530e-25
    10    1.116742475968e-08    3.101927297074e-25
    11    2.711202157996e-09    2.584939414228e-26
    12    8.050548806843e-10    3.877409121342e-26
    13    7.008187360149e-11    0.000000000000e+00
    14    2.091956709939e-11    0.000000000000e+00
    15    3.243128375434e-12    5.048709793414e-29
    16    8.209094561989e-13    2.524354896707e-29
    17    9.319662765435e-14    3.155443620884e-30
    18    6.668826583520e-15    0.000000000000e+00
    19    8.141211253776e-16    0.000000000000e+00
    20   -4.374785486555e-16   -2.465190328816e-32
    21   -2.863187134109e-16    2.465190328816e-32
    22    4.540516900305e-17   -1.540743955510e-33
    23   -3.693538991871e-18    0.000000000000e+00
    24    5.334676316154e-18    0.000000000000e+00
    25    3.924473245438e-19   -8.425943506694e-35
    26   -1.169473438371e-19    6.018531076210e-36
    27    2.402897661960e-21    2.256949153579e-36
    28   -4.963860756233e-21    5.642372883947e-37
    29   -9.928129796104e-22    9.403954806578e-38
    30   -5.223695363295e-22   -2.350988701645e-38
    31   -1.307939169095e-22   -2.938735877056e-39
    32   -8.680090447508e-23    0.000000000000e+00
    33   -6.163588979618e-22   -4.701977403289e-38
    34   -3.410960164396e-21    3.761581922631e-37
    35   -9.365242157587e-21    0.000000000000e+00
    36   -2.044951440653e-20    0.000000000000e+00
    37   -1.225746597463e-19   -6.018531076210e-36
    38   -1.553333616469e-19    0.000000000000e+00
    39    2.757640707490e-19    4.814824860968e-35
    40   -9.723180299239e-19    0.000000000000e+00
    41   -2.546641022254e-17    0.000000000000e+00
    42   -2.442390374464e-16    6.162975822039e-33
    43   -1.654045382315e-15    9.860761315263e-32
    44   -8.077268773572e-15    0.000000000000e+00
    45   -3.040720874961e-14   -1.577721810442e-30
    46   -1.508848814882e-13    0.000000000000e+00
    47   -4.266610104682e-13    0.000000000000e+00
    48   -1.992979661949e-12    0.000000000000e+00
    49   -5.298087123363e-12    1.009741958683e-28
    50   -2.290392905568e-11   -4.038967834732e-28
    51   -8.732047960143e-11    0.000000000000e+00
    52    2.765156268533e-10   -1.938704560671e-26
    53    1.131405005367e-09   -7.754818242685e-26
    54    1.204338091894e-08    0.000000000000e+00
    55    7.909231936907e-08   -4.135903062765e-25
    56    4.890286686476e-07   -6.617444900424e-24
    57    1.942489614503e-06    2.646977960170e-23
    58    1.271782107912e-05    2.117582368136e-22
    59    9.693005316275e-05    0.000000000000e+00
    60    6.679351591262e-04   -6.776263578034e-21
    61    6.114012353417e-03    0.000000000000e+00
    62    5.570058067622e-02    4.336808689942e-19
    63    5.316280502712e-01   -2.602085213965e-18
