     0    1.179230301426e+01   -8.673617379884e-18
     1    5.353844725968e-01   -8.673617379884e-19
     2    5.285553253156e-02    2.168404344971e-19
     3    7.041731414376e-03    1.355252715607e-20
     4    6.142129479143e-04   -1.694065894509e-21
     5    5.705824356861e-05   -2.117582368136e-22
     6    1.038688271696e-05    2.646977960170e-23
     7    1.249929585195e-06   -3.970466940255e-23
     8    1.226285667981e-07    6.617444900424e-24
     9    3.376421135940e-08    0.000000000000e+00
    10    4.383133793228e-09    1.033975765691e-25
    11    7.133514411554e-10    0.000000000000e+00
    12    1.172430873289e-10   -2.685913610097e-26
    13   -2.306226645433e-11   -2.423380700839e-27
    14   -1.007887447964e-11   -2.019483917366e-28
    15    1.315200436808e-12   -3.281661365719e-28
    16    9.706051567657e-13   -1.262177448354e-29
    17    5.622764505410e-14   -6.310887241768e-30
    18    8.531622441834e-14   -6.310887241768e-30
    19    3.673885562537e-14   -3.549874073495e-30
    20    4.154105892207e-15    2.958228394579e-31
    21    1.199488591375e-15    2.958228394579e-31
    22   -3.107161778088e-16   -1.232595164408e-32
    23   -1.573884906650e-16    6.933347799794e-33
    24   -1.835995635463e-17   -9.629649721936e-35
    25   -8.724080926815e-19    9.629649721936e-35
    26   -3.331668255823e-19   -6.018531076210e-36
    27   -1.097145471604e-19    3.009265538105e-36
    28   -6.070731554379e-20   -5.266214691684e-36
    29   -2.003621177224e-20   -7.523163845263e-37
    30   -4.694468981652e-21    3.761581922631e-37
    31   -1.444169626022e-21    1.175494350822e-38
    32   -6.851308512356e-22   -5.877471754111e-38
    33   -3.843198873213e-22   -2.350988701645e-38
    34   -4.596093586708e-23   -1.175494350822e-38
    35    1.606750854101e-21    9.403954806578e-38
    36    1.648606409156e-21    1.880790961316e-37
    37    1.377531986548e-20   -2.633107345842e-36
    38   -1.468776835722e-20    3.009265538105e-36
    39   -2.747041194679e-19   -4.814824860968e-35
    40   -1.084963183134e-18   -1.444447458290e-34
    41   -7.931431874134e-18   -1.925929944387e-34
    42   -1.584082238379e-17   -5.392603844284e-33
    43    5.678396138968e-17    2.311115933265e-32
    44    1.891304431803e-16    0.000000000000e+00
    45    2.564351844731e-15    4.930380657631e-32
    46    9.717547376673e-15    0.000000000000e+00
    47   -1.626605902622e-14    6.310887241768e-30
    48   -5.781590847906e-14   -1.893266172530e-29
    49    1.983532543458e-12    0.000000000000e+00
    50    1.607356877608e-11   -1.009741958683e-28
    51    3.827394900185e-12    0.000000000000e+00
    52    8.286596419544e-11    6.462348535571e-27
    53    9.282293398597e-10   -2.584939414228e-26
    54    7.060211612016e-09   -6.009984138081e-25
    55    2.080454301706e-08    0.000000000000e+00
    56    7.325920301859e-08    1.240770918830e-24
    57    1.055616004901e-06    0.000000000000e+00
    58    6.868575507394e-06    1.985233470127e-22
    59    8.289372377241e-05    2.117582368136e-22
    60    7.170385278790e-04    0.000000000000e+00
    61    5.430107268979e-03    1.355252715607e-20
    62    5.014998628765e-02    4.065758146821e-19
    63    5.178636879650e-01   -3.903127820948e-18
