     0    1.120265897367e+01   -1.387778780781e-17
     1    4.912695171475e-01   -1.301042606983e-18
     2    4.760782514811e-02    1.355252715607e-20
     3    4.887723098046e-03    1.355252715607e-20
     4    6.341011742235e-04    2.541098841763e-21
     5    7.941926705968e-05   -8.470329472543e-22
     6    1.091277086768e-05    0.000000000000e+00
     7    1.833498758729e-06    0.000000000000e+00
     8    3.029939355629e-07    0.000000000000e+00
     9    3.453716193834e-08   -4.135903062765e-25
    10    3.526547085233e-09    0.000000000000e+00
    11    1.725333314807e-10    0.000000000000e+00
    12   -9.309978703153e-12   -6.462348535571e-27
    13   -1.280672173519e-11    1.211690350419e-27
    14    4.410874830839e-12    4.038967834732e-28
    15    1.167184938249e-12    0.000000000000e+00
    16    1.516151229288e-13    0.000000000000e+00
    17    4.986153055261e-14    0.000000000000e+00
    18    1.324098740681e-14    0.000000000000e+00
    19    9.918434191693e-16   -1.479114197289e-31
    20    1.732034461200e-16    2.465190328816e-32
    21    5.393110158549e-18    2.465190328816e-32
    22    1.373672072272e-17    2.118522938826e-33
    23    6.510521833652e-18    5.777789833162e-34
    24    1.448086359257e-18   -9.629649721936e-35
    25   -1.755928596962e-19   -4.814824860968e-35
    26   -1.367602155654e-19    0.000000000000e+00
    27   -1.731199300570e-20   -3.761581922631e-37
    28   -1.147408933001e-20    0.000000000000e+00
    29   -2.216803991562e-21    1.410593220987e-37
    30   -1.025660062420e-21   -2.350988701645e-38
    31   -1.217199215647e-22    1.175494350822e-38
    32    4.301238220776e-23    2.938735877056e-39
    33   -2.401764375520e-22    2.350988701645e-38
    34   -8.008827480015e-22    4.701977403289e-38
    35   -3.985269443078e-21   -7.523163845263e-37
    36   -1.665002855366e-20    0.000000000000e+00
    37   -4.051838373487e-20   -1.504632769053e-35
    38    1.051655075037e-19    0.000000000000e+00
    39    7.827778535748e-19    4.814824860968e-35
    40   -8.980938233860e-20   -9.629649721936e-34
    41    2.376558160099e-18    7.703719777549e-34
    42    5.819603207467e-19   -6.162975822039e-33
    43    6.774495824257e-17   -3.697785493223e-32
    44    2.007759697571e-16    1.972152263053e-31
    45   -3.933772806844e-16   -9.860761315263e-32
    46    1.071871749943e-14    3.944304526105e-31
    47    1.126194449357e-13    7.395570986447e-30
    48    4.013501619912e-13   -1.262177448354e-29
    49    1.191800751939e-12    0.000000000000e+00
    50    7.091914419979e-12    0.000000000000e+00
    51   -3.437098610735e-12    1.615587133893e-27
    52    3.669569758980e-11    3.231174267785e-27
    53    5.389722723743e-10   -5.169878828456e-26
    54    2.988555170957e-09   -2.067951531383e-25
    55    2.152799025461e-08    0.000000000000e+00
    56    1.852834435109e-07   -1.654361225106e-24
    57    1.273537382894e-06   -6.617444900424e-24
    58    9.806346209931e-06    0.000000000000e+00
    59    7.337914680063e-05   -3.176373552204e-22
    60    6.477337586116e-04   -2.541098841763e-21
    61    5.429647255703e-03   -2.032879073410e-20
    62    5.350861318622e-02   -2.168404344971e-19
    63    5.033958392035e-01    8.673617379884e-19
