     0    1.147273246082e+01    0.000000000000e+00
     1    5.142145959847e-01    0.000000000000e+00
     2    5.238930102277e-02    0.000000000000e+00
     3    5.271223639954e-03    0.000000000000e+00
     4    5.787387785578e-04   -8.470329472543e-22
     5    7.157192227394e-05   -4.235164736272e-22
     6    7.192069630214e-06   -1.058791184068e-22
     7    8.491734515861e-07    2.646977960170e-23
     8    1.129784411424e-07   -6.617444900424e-24
     9    2.471096243053e-08    0.000000000000e+00
    10    6.990150129165e-09    8.271806125530e-25
    11    1.835121051066e-10   -1.550963648537e-25
    12   -3.273718712776e-10    5.169878828456e-26
    13   -5.269779270827e-11   -6.462348535571e-27
    14   -1.591341582313e-11    2.423380700839e-27
    15   -2.885957751127e-12   -1.009741958683e-28
    16   -3.788097159264e-13    0.000000000000e+00
    17   -1.976901069041e-13   -3.155443620884e-30
    18    2.386241929379e-15    0.000000000000e+00
    19    3.148022183700e-15    0.000000000000e+00
    20   -1.068155149471e-15    0.000000000000e+00
    21   -2.706499095789e-16   -7.395570986447e-32
    22    1.479626430850e-17    6.162975822039e-33
    23    2.626618765203e-17   -1.348150961071e-33
    24    1.099574162305e-17   -2.888894916581e-34
    25    1.575122752660e-18    6.018531076210e-35
    26    1.137141944377e-19    6.018531076210e-36
    27   -1.001174447636e-20   -1.316553672921e-36
    28   -8.814099577295e-21    1.880790961316e-37
    29   -1.387776162294e-21    1.880790961316e-37
    30   -3.153397384360e-22    7.052966104934e-38
    31   -5.721450959985e-23    5.877471754111e-39
    32   -4.263875502259e-23   -2.938735877056e-39
    33    1.794254415734e-23   -1.469367938528e-39
    34    1.045808237196e-22    7.346839692639e-39
    35   -1.822218312167e-22   -2.350988701645e-38
    36   -2.427022176031e-21   -3.761581922631e-37
    37   -2.087594839340e-20   -1.504632769053e-36
    38   -1.411999257778e-20   -7.523163845263e-37
    39    1.412855605415e-19   -9.027796614315e-36
    40    3.255529075726e-19    4.814824860968e-35
    41    8.316908851013e-18    0.000000000000e+00
    42    5.266896046271e-17    0.000000000000e+00
    43    1.767721428081e-16    5.392603844284e-33
    44    3.757233897561e-16    0.000000000000e+00
    45    7.072655293862e-16   -3.697785493223e-32
    46    1.026846284797e-15    0.000000000000e+00
    47    1.661160891739e-14    0.000000000000e+00
    48    1.242928077225e-13    0.000000000000e+00
    49    7.285058397813e-13   -3.786532345061e-29
    50    3.051289564411e-12    5.048709793414e-29
    51    9.997012115882e-12   -4.038967834732e-28
    52   -2.207083418229e-11   -4.038967834732e-28
    53   -2.296643643660e-10    1.292469707114e-26
    54    7.723940629057e-10   -2.455692443517e-25
    55    6.948916724110e-09   -2.067951531383e-25
    56    9.738323353675e-08    0.000000000000e+00
    57    8.473104986931e-07    2.646977960170e-23
    58    6.578569572254e-06    0.000000000000e+00
    59    5.940496533590e-05    8.470329472543e-22
    60    6.160511004664e-04    3.388131789017e-21
    61    5.402891607055e-03    1.355252715607e-20
    62    5.066752571452e-02    0.000000000000e+00
    63    5.049472259019e-01    0.000000000000e+00
