     0    1.159643300648e+01   -5.724587470723e-17
     1    5.112907365155e-01   -6.505213034913e-19
     2    4.771813431029e-02    1.355252715607e-20
     3    5.180504720573e-03    6.776263578034e-21
     4    6.277041382013e-04   -1.694065894509e-21
     5    7.029531828236e-05    8.470329472543e-22
     6    7.784466449171e-06    0.000000000000e+00
     7    8.631895759450e-07    1.323488980085e-23
     8    1.759826731622e-07   -2.481541837659e-24
     9    3.248993823494e-08    4.135903062765e-25
    10    1.833934607467e-09    0.000000000000e+00
    11   -4.019430398522e-11    5.169878828456e-26
    12   -2.524893488354e-11    1.615587133893e-27
    13   -3.068557325380e-11    0.000000000000e+00
    14   -8.867724739949e-12    1.009741958683e-28
    15   -2.453580598630e-13   -7.573064690122e-29
    16   -2.268569586006e-13    0.000000000000e+00
    17   -1.327663147446e-13    3.155443620884e-30
    18   -3.290695098435e-16    0.000000000000e+00
    19    6.614366655053e-15    0.000000000000e+00
    20    1.593767043235e-15   -4.930380657631e-32
    21    5.412699836745e-16    0.000000000000e+00
    22    9.508553262758e-17    3.081487911020e-33
    23    1.910838710663e-17   -4.814824860968e-34
    24    3.679250465763e-18   -4.814824860968e-35
    25    1.149288047016e-18   -1.203706215242e-35
    26    2.804681096614e-19   -1.203706215242e-35
    27    7.261421542421e-20    0.000000000000e+00
    28    4.936482397977e-21    0.000000000000e+00
    29    6.869669218821e-22    1.880790961316e-37
    30    6.647102457444e-23    0.000000000000e+00
    31   -2.566275674224e-23    0.000000000000e+00
    32   -2.082409787986e-23   -1.836709923160e-39
    33    1.060008306711e-23   -5.877471754111e-39
    34   -2.482232450694e-22    3.379546258614e-38
    35   -1.807461391061e-21    0.000000000000e+00
    36    2.920194314847e-21   -1.128474576789e-36
    37   -3.801506355807e-20   -7.523163845263e-37
    38   -9.086329863627e-20   -9.027796614315e-36
    39    1.080856036368e-19    4.814824860968e-35
    40    7.817592394469e-20   -1.745374012101e-34
    41    8.345559163598e-19    3.851859888774e-34
    42   -7.233012696613e-18    0.000000000000e+00
    43   -3.859130689104e-17    3.081487911020e-32
    44   -5.132274495208e-16   -9.860761315263e-32
    45   -6.482096355803e-15    4.930380657631e-31
    46   -4.238618108474e-14   -3.155443620884e-30
    47   -4.413672046120e-14   -9.466330862652e-30
    48   -4.314955502334e-13    0.000000000000e+00
    49   -6.251120976014e-13   -1.009741958683e-28
    50    1.399571611315e-11   -1.211690350419e-27
    51    1.746735188573e-11    2.827277484312e-27
    52    2.348300525821e-11    1.938704560671e-26
    53    1.031844997717e-10    3.877409121342e-26
    54    1.102515583471e-09    5.169878828456e-26
    55    2.230928552487e-08    8.271806125530e-25
    56    1.303686003919e-07    8.271806125530e-25
    57    1.090697522188e-06   -1.323488980085e-23
    58    1.056955176296e-05   -1.058791184068e-22
    59    9.705347604786e-05   -8.470329472543e-22
    60    7.542501652373e-04    0.000000000000e+00
    61    6.753346273502e-03    2.710505431214e-20
    62    5.903802085948e-02    0.000000000000e+00
    63    5.230391226240e-01   -1.301042606983e-18
