     0    1.129651025376e+01   -7.155734338404e-18
     1    4.915887051300e-01    0.000000000000e+00
     2    4.810210778276e-02    0.000000000000e+00
     3    4.528295463073e-03   -2.032879073410e-20
     4    5.361204534821e-04    0.000000000000e+00
     5    6.364251911534e-05    2.117582368136e-22
     6    7.360322281214e-06    2.646977960170e-23
     7    1.017791158601e-06   -9.926167350636e-24
     8    1.357825583301e-07   -4.135903062765e-24
     9    3.333435993434e-08    1.033975765691e-25
    10    5.957252481329e-09   -7.754818242685e-26
    11    1.473522736485e-09   -4.846761401678e-26
    12    1.716470055974e-10    0.000000000000e+00
    13    6.765385917766e-11   -1.615587133893e-27
    14    1.610013231356e-11    0.000000000000e+00
    15    1.671103008506e-12   -1.009741958683e-28
    16    6.082160999619e-14    3.313215801928e-29
    17    6.828842028401e-14   -3.155443620884e-30
    18    9.140729224710e-15    1.972152263053e-30
    19    5.958063329304e-16   -1.972152263053e-31
    20   -6.572683718299e-16   -4.930380657631e-32
    21    3.329700523199e-16    3.697785493223e-32
    22    3.450440701579e-17   -6.162975822039e-33
    23   -2.272366349200e-17    2.600005424923e-33
    24   -1.767101550768e-18    4.814824860968e-35
    25    1.870612161571e-18   -1.203706215242e-34
    26    3.779805842946e-19    3.611118645726e-35
    27    2.832046887031e-20    6.018531076210e-36
    28   -1.139130251740e-20   -3.761581922631e-37
    29   -1.759979744102e-21    6.700317799687e-37
    30    4.980973104406e-22    0.000000000000e+00
    31    5.529495897980e-22   -5.877471754111e-39
    32    2.405049108569e-22    0.000000000000e+00
    33    4.468572655124e-22   -5.877471754111e-39
    34    4.569234388380e-22   -5.877471754111e-39
    35    2.849528349099e-21    0.000000000000e+00
    36    1.143056968272e-21    0.000000000000e+00
    37   -3.199490112282e-21   -1.504632769053e-36
    38    7.358026706519e-21   -2.407412430484e-35
    39    1.618757802186e-18   -4.814824860968e-35
    40    8.344785012959e-18    0.000000000000e+00
    41    2.654236234663e-17    2.311115933265e-33
    42    5.313939374139e-17    1.540743955510e-33
    43   -5.605784744236e-17   -3.081487911020e-32
    44    1.767543469803e-15    0.000000000000e+00
    45    2.645727584362e-15   -1.972152263053e-31
    46    8.577708291186e-15    1.183291357832e-30
    47   -8.905045384746e-14    1.577721810442e-29
    48   -4.588192668620e-14   -1.262177448354e-29
    49    4.532205546693e-12   -2.019483917366e-28
    50    1.593579434362e-11   -1.009741958683e-27
    51    4.817421004706e-11   -1.615587133893e-27
    52    1.735350871629e-10   -1.292469707114e-26
    53    4.623822968496e-10    0.000000000000e+00
    54    1.788490372537e-09    0.000000000000e+00
    55    5.209919779201e-09   -6.203854594148e-25
    56    9.068738520857e-08    0.000000000000e+00
    57    1.274659723090e-06    0.000000000000e+00
    58    6.799390192831e-06    0.000000000000e+00
    59    5.553952247284e-05    0.000000000000e+00
    60    5.129825499540e-04    0.000000000000e+00
    61    4.911669295873e-03    1.355252715607e-20
    62    4.594700977086e-02    1.084202172486e-19
    63    4.868022754774e-01    1.734723475977e-18
