     0    1.199912365645e+01    8.673617379884e-18
     1    5.504740817219e-01   -4.336808689942e-19
     2    5.574829477436e-02   -6.505213034913e-19
     3    6.282228278668e-03    5.421010862428e-20
     4    6.492562940783e-04    6.776263578034e-21
     5    8.195506038639e-05   -3.388131789017e-21
     6    9.591173400549e-06    0.000000000000e+00
     7    1.662203981617e-06    1.058791184068e-22
     8    3.045179020371e-07    1.323488980085e-23
     9    4.839037084922e-08    0.000000000000e+00
    10    6.494504987904e-09    2.067951531383e-25
    11    3.220019543820e-10    1.292469707114e-26
    12    1.508628538242e-10   -1.615587133893e-27
    13    6.409985373758e-11    1.615587133893e-27
    14    3.327992382292e-12    0.000000000000e+00
    15    3.196904535911e-13    0.000000000000e+00
    16    4.528183272964e-13   -7.573064690122e-29
    17    1.568519518188e-13    1.262177448354e-29
    18    2.366230715204e-14    0.000000000000e+00
    19    1.029472913311e-14    0.000000000000e+00
    20    2.546245607536e-15    0.000000000000e+00
    21    3.385621746259e-16    0.000000000000e+00
    22    6.703204566297e-17    0.000000000000e+00
    23    1.087116116027e-17    3.081487911020e-33
    24    2.175726892275e-18    0.000000000000e+00
    25    3.512759613581e-19    9.629649721936e-35
    26    3.968925979143e-19   -9.629649721936e-35
    27    3.157765291290e-20    0.000000000000e+00
    28   -5.315306966201e-21    0.000000000000e+00
    29   -2.606169887424e-21   -2.350988701645e-37
    30   -9.652245571874e-22    0.000000000000e+00
    31    1.990560314030e-23    0.000000000000e+00
    32   -1.318026730663e-22    2.938735877056e-39
    33   -2.780757518721e-23    2.938735877056e-39
    34   -6.045983441828e-22    0.000000000000e+00
    35   -9.419316252249e-21    1.645692091151e-36
    36   -1.848501763383e-20   -1.128474576789e-36
    37   -5.526337202544e-20    1.504632769053e-36
    38   -2.742235467187e-19    6.018531076210e-36
    39   -2.895088148891e-19    2.407412430484e-35
    40    5.167955009073e-19   -9.629649721936e-35
    41   -1.438419969196e-17   -3.851859888774e-33
    42   -4.678799809264e-17    7.703719777549e-33
    43    8.207605722012e-18    1.232595164408e-32
    44   -7.095271931001e-16    0.000000000000e+00
    45   -4.708750349218e-15   -1.972152263053e-31
    46   -7.164929825050e-15    0.000000000000e+00
    47    3.277842501572e-14    6.310887241768e-30
    48    6.779814864511e-14   -2.524354896707e-29
    49    3.491322607461e-13   -2.524354896707e-29
    50    3.955362066150e-12    8.077935669463e-28
    51    1.866612628877e-12    1.615587133893e-27
    52   -5.990419909780e-11    6.462348535571e-27
    53    1.174885982233e-09    5.169878828456e-26
    54    8.358051817696e-09    0.000000000000e+00
    55    6.396926419442e-08    1.240770918830e-24
    56    2.512820172375e-07    8.271806125530e-25
    57    1.411650802438e-06   -5.211237859084e-23
    58    8.329306888989e-06   -7.279189390467e-23
    59    6.098850974355e-05   -5.293955920339e-22
    60    5.307301032627e-04    1.196434037997e-20
    61    4.652697728210e-03   -2.710505431214e-20
    62    4.976863976353e-02   -2.168404344971e-19
    63    5.377960023824e-01    1.301042606983e-18
