     0    1.131507074697e+01    0.000000000000e+00
     1    5.216368528874e-01   -4.336808689942e-19
     2    4.998517488150e-02   -5.421010862428e-20
     3    4.580576205644e-03    1.355252715607e-20
     4    4.343389792863e-04    2.117582368136e-21
     5    4.609312540321e-05   -2.646977960170e-22
     6    6.197474345892e-06   -9.264422860594e-23
     7    7.960859116414e-07   -6.617444900424e-24
     8    4.401650836264e-08    4.963083675318e-24
     9    3.162978267427e-09    1.654361225106e-24
    10    1.177760988148e-09    0.000000000000e+00
    11    9.554840786911e-10   -1.292469707114e-26
    12    4.777502308464e-11    1.292469707114e-26
    13   -1.576379770517e-11    1.615587133893e-27
    14   -2.095078814291e-11    4.038967834732e-28
    15   -7.149692470543e-12    0.000000000000e+00
    16   -1.339845670662e-12    2.524354896707e-29
    17   -2.779292947041e-13    2.366582715663e-30
    18   -5.044226946162e-14    0.000000000000e+00
    19   -1.182857009902e-14    4.930380657631e-32
    20   -1.025974659218e-15   -4.314083075427e-32
    21    1.585419938841e-16    0.000000000000e+00
    22   -4.777902881390e-18    1.925929944387e-34
    23   -1.125294416765e-17    2.118522938826e-33
    24    3.309811035480e-18   -1.203706215242e-34
    25    1.279371333032e-18    6.018531076210e-35
    26    2.636850036363e-21    0.000000000000e+00
    27    9.262121606750e-21    3.009265538105e-36
    28   -9.783009888090e-21   -7.523163845263e-37
    29   -2.539515131203e-22    3.056285312138e-37
    30   -4.787505753214e-22    0.000000000000e+00
    31    2.004235574944e-22   -5.877471754111e-39
    32    1.021677410931e-22    0.000000000000e+00
    33    1.806184184258e-22    1.322431144675e-38
    34    4.607453964263e-22    5.877471754111e-39
    35    1.883193028503e-21   -4.701977403289e-38
    36   -4.244507785198e-21    0.000000000000e+00
    37    1.673732117393e-20    0.000000000000e+00
    38   -5.436006003788e-21    1.203706215242e-35
    39    1.933484791916e-19   -2.407412430484e-35
    40    1.162316967573e-18   -1.444447458290e-34
    41    7.614212000718e-18   -1.155557966632e-33
    42    4.986789314394e-17    3.851859888774e-34
    43    3.778968696384e-16    6.162975822039e-33
    44    2.921657616994e-15   -2.465190328816e-32
    45    2.005732025271e-14    5.916456789158e-31
    46    3.074218571377e-14   -3.155443620884e-30
    47   -1.883356644910e-14    1.577721810442e-30
    48   -4.574121666983e-13    0.000000000000e+00
    49    1.075733818633e-12    5.048709793414e-29
    50    5.923948580368e-12    0.000000000000e+00
    51    3.707478303237e-12    8.077935669463e-28
    52   -3.270932163085e-11    6.462348535571e-27
    53    1.711782729324e-10   -2.584939414228e-26
    54    2.201575545555e-09    1.033975765691e-25
    55    1.224595859316e-08    2.067951531383e-25
    56    1.129355502233e-07    0.000000000000e+00
    57    8.222417633798e-07    3.308722450212e-24
    58    7.171373285245e-06   -7.940933880509e-23
    59    6.380948029430e-05   -1.058791184068e-22
    60    5.841960158144e-04   -1.694065894509e-21
    61    5.827919183251e-03    1.355252715607e-20
    62    5.029170017158e-02    0.000000000000e+00
    63    5.185158799479e-01   -8.673617379884e-19
