     0    1.138164941039e+01    2.428612866368e-17
     1    5.029318656455e-01    2.168404344971e-19
     2    4.937139438979e-02   -5.421010862428e-20
     3    4.656689860976e-03   -1.355252715607e-20
     4    6.032831271448e-04   -2.964615315390e-21
     5    6.641860640962e-05   -2.117582368136e-22
     6    9.698420661694e-06   -1.323488980085e-23
     7    1.196429048761e-06   -6.617444900424e-24
     8    2.312265616395e-07    0.000000000000e+00
     9    2.981753730449e-08   -4.135903062765e-25
    10    5.620761690035e-09    5.169878828456e-26
    11    2.114521604861e-09   -4.523643974899e-26
    12    8.483722279196e-10   -1.211690350419e-26
    13    1.202368378607e-10    1.211690350419e-27
    14    1.095779034338e-11   -7.068193710780e-28
    15    5.039214935483e-13    2.019483917366e-28
    16    3.485745099505e-13    1.577721810442e-29
    17    1.642203995931e-14   -1.577721810442e-30
    18   -2.491635780610e-15   -3.944304526105e-30
    19   -2.689165267465e-15   -8.874685183736e-31
    20    2.332278053232e-15    2.218671295934e-31
    21    7.167907882300e-16   -6.162975822039e-33
    22    3.344713886321e-16   -6.162975822039e-33
    23    7.462080825975e-17   -3.081487911020e-33
    24    9.200731316614e-18    0.000000000000e+00
    25   -9.919776825163e-19   -4.814824860968e-35
    26   -2.401811583442e-19    0.000000000000e+00
    27   -7.640988649031e-20    0.000000000000e+00
    28   -1.524811105975e-20   -1.222514124855e-36
    29   -1.748113564742e-21   -9.403954806578e-38
    30   -1.535654566995e-21   -1.175494350822e-37
    31   -2.156313017980e-22    2.938735877056e-38
    32    1.169856729417e-23   -1.175494350822e-38
    33   -2.925949633968e-23   -8.448865646535e-39
    34   -4.126386791738e-24    4.701977403289e-38
    35   -8.925603145009e-22    4.701977403289e-38
    36   -7.939709518814e-21   -3.761581922631e-37
    37   -4.521430349743e-20    2.256949153579e-36
    38   -7.293527844223e-20   -7.523163845263e-36
    39   -1.663607849386e-19    6.018531076210e-36
    40    1.250440423523e-18   -1.444447458290e-34
    41    6.885330800394e-18    5.777789833162e-34
    42    5.296213073237e-17    0.000000000000e+00
    43    3.209454566845e-16   -2.465190328816e-32
    44    8.737709704738e-16   -6.933347799794e-33
    45    2.365823291356e-15    0.000000000000e+00
    46    1.952901451506e-14    7.888609052210e-31
    47    1.019344015603e-13    6.310887241768e-30
    48    3.861199062213e-13    0.000000000000e+00
    49   -3.922018490103e-13   -1.262177448354e-28
    50    1.822574640992e-12    2.019483917366e-28
    51    1.966296971392e-12   -8.077935669463e-28
    52    8.826129050624e-11   -9.693522803356e-27
    53    6.673895237274e-10   -4.846761401678e-26
    54    5.395616242329e-09   -1.033975765691e-25
    55    1.694026861490e-08    5.169878828456e-26
    56    1.385478719765e-07    4.135903062765e-24
    57    7.919690297992e-07    3.308722450212e-23
    58    8.939521831642e-06   -1.323488980085e-22
    59    7.783186276353e-05   -2.117582368136e-22
    60    5.761646570544e-04    2.964615315390e-21
    61    5.403901632493e-03    1.016439536705e-20
    62    4.851230997191e-02   -1.084202172486e-19
    63    5.218546843695e-01   -1.084202172486e-19
