     0    1.215993165076e+01   -1.387778780781e-17
     1    5.823240143022e-01    2.168404344971e-19
     2    5.489360631012e-02    4.336808689942e-19
     3    4.910446449525e-03    2.710505431214e-20
     4    4.979768931095e-04   -3.388131789017e-21
     5    5.009801839928e-05    4.235164736272e-22
     6    6.657714048310e-06   -2.646977960170e-23
     7    1.075510466136e-06   -1.654361225106e-24
     8    1.247697175227e-07    1.033975765691e-25
     9    1.533726736848e-08   -4.135903062765e-25
    10    3.969644498616e-09    1.809457589960e-25
    11    2.830243823924e-10   -1.033975765691e-25
    12    3.760514145694e-11    6.462348535571e-27
    13    1.132996684477e-11    0.000000000000e+00
    14    9.440984376927e-13   -2.019483917366e-28
    15    8.075266390256e-13    8.204153414299e-29
    16    1.443616366802e-13   -2.366582715663e-30
    17    9.724866400512e-15   -1.577721810442e-30
    18    1.410227623422e-15   -9.860761315263e-32
    19    1.166640500894e-15    7.395570986447e-32
    20    2.586568818695e-16    0.000000000000e+00
    21    5.413729833148e-17    3.081487911020e-33
    22    1.591435669140e-18    0.000000000000e+00
    23    1.820723990238e-18    1.444447458290e-34
    24    4.380223745648e-19    0.000000000000e+00
    25    6.409119902727e-20    0.000000000000e+00
    26    3.023605783596e-20   -7.523163845263e-37
    27    8.636498797847e-21    2.350988701645e-37
    28    2.424044583086e-22    2.409763419186e-37
    29   -1.768278197306e-22   -2.938735877056e-39
    30    1.746725780169e-23    1.469367938528e-39
    31    6.335774383656e-24   -2.938735877056e-39
    32   -2.863993140421e-23   -2.938735877056e-39
    33    7.529201160613e-22    2.350988701645e-38
    34    2.015233999303e-21    4.701977403289e-38
    35    6.790822023885e-21    0.000000000000e+00
    36    1.642084335084e-20    7.523163845263e-37
    37   -2.088853201428e-20    6.018531076210e-36
    38   -4.082414597171e-19    4.814824860968e-35
    39    4.796943902382e-19    4.814824860968e-35
    40    2.224871513334e-18   -1.925929944387e-34
    41    2.201830613035e-17    7.703719777549e-34
    42    7.055941031073e-17   -2.311115933265e-33
    43    4.388053852591e-16    2.157041537714e-32
    44    1.657648546648e-15   -2.711709361697e-31
    45    7.934885790110e-15   -9.860761315263e-32
    46    3.738664909866e-14   -1.183291357832e-30
    47    9.800084414478e-14   -1.577721810442e-30
    48    4.249606428407e-13   -6.310887241768e-30
    49    8.560715017874e-13    1.893266172530e-29
    50    6.395986545683e-12    1.009741958683e-28
    51    2.481796171860e-11    6.058451752097e-28
    52    1.382738115394e-10   -3.029225876049e-27
    53    6.957476504918e-10    0.000000000000e+00
    54    4.889377163671e-09    0.000000000000e+00
    55    2.583529917409e-08   -1.033975765691e-25
    56    1.757368727568e-07    2.481541837659e-24
    57    1.214897173918e-06   -2.646977960170e-23
    58    1.035915552238e-05   -1.852884572119e-22
    59    6.608274728545e-05    2.117582368136e-22
    60    5.545735629467e-04    0.000000000000e+00
    61    5.352864096655e-03    8.131516293641e-20
    62    5.286001270654e-02   -1.084202172486e-19
    63    5.492578091883e-01    8.673617379884e-19
