     0    1.167520313413e+01   -5.854691731422e-18
     1    5.811730653010e-01    0.000000000000e+00
     2    5.749260045432e-02   -5.421010862428e-20
     3    5.998653046104e-03    3.726944967919e-20
     4    5.600959704004e-04   -2.541098841763e-21
     5    7.181602858106e-05    2.911675756187e-22
     6    1.102301979766e-05    1.323488980085e-22
     7    1.566296087383e-06    2.646977960170e-23
     8    3.702599403577e-07   -6.617444900424e-24
     9    6.010939199733e-08   -8.271806125530e-25
    10    9.497780946951e-09   -2.067951531383e-25
    11    1.678345721492e-09    0.000000000000e+00
    12    3.154891802312e-10    5.331437541846e-26
    13    5.160790216994e-11    2.019483917366e-27
    14    1.767252711091e-11   -1.817535525629e-27
    15    3.734124431540e-12   -5.048709793414e-29
    16    7.630359025363e-13   -3.155443620884e-29
    17    1.490846403071e-13    0.000000000000e+00
    18    2.247411168665e-14    1.577721810442e-30
    19    8.999119683163e-15    1.972152263053e-31
    20    1.674713111276e-15   -9.860761315263e-32
    21    9.279421197662e-16    1.479114197289e-31
    22    1.290025367364e-17   -2.773339119918e-32
    23   -1.902756612730e-17    1.001483571081e-32
    24   -3.512967991407e-18   -1.251854463852e-33
    25   -1.498602191139e-18    4.814824860968e-35
    26   -8.317018361604e-19    0.000000000000e+00
    27   -4.392412979524e-21    1.203706215242e-35
    28    2.392542987267e-21    1.880790961316e-36
    29    3.047993234437e-21    9.403954806578e-37
    30    1.047195687086e-21   -3.761581922631e-37
    31    5.154383175023e-23   -7.052966104934e-38
    32    8.135026624647e-23   -1.469367938528e-39
    33   -1.344414236508e-24   -2.938735877056e-39
    34   -2.911606065575e-22    0.000000000000e+00
    35   -1.539052193129e-21    9.403954806578e-38
    36   -6.923226196528e-21    7.523163845263e-37
    37   -4.928078363643e-21    0.000000000000e+00
    38   -8.017841424937e-20   -1.203706215242e-35
    39   -2.143704370247e-19    3.009265538105e-35
    40   -2.497781288221e-18    9.629649721936e-35
    41   -2.184314113576e-19    3.851859888774e-34
    42   -1.324903127267e-17    1.540743955510e-33
    43    1.820392239051e-16   -4.622231866529e-33
    44    4.327139495481e-16    1.355854680849e-31
    45    4.685271114054e-16    4.930380657631e-32
    46    1.503231498133e-16   -1.972152263053e-31
    47   -1.485791752902e-14    0.000000000000e+00
    48   -1.995271335425e-13   -3.155443620884e-29
    49   -7.116057153873e-13   -5.048709793414e-29
    50   -5.066474257726e-12    3.029225876049e-28
    51   -6.407026968647e-12   -8.077935669463e-28
    52    3.928899064449e-11   -4.038967834732e-27
    53    3.527359756308e-10   -1.454028420503e-26
    54    3.290261742823e-09   -6.462348535571e-26
    55    1.916798637199e-08    1.033975765691e-25
    56    1.391920621052e-07    2.067951531383e-24
    57    8.575548691683e-07    1.323488980085e-23
    58    7.166459964330e-06    1.323488980085e-22
    59    5.881282314914e-05    3.176373552204e-22
    60    4.833474737364e-04    1.270549420881e-21
    61    4.635376749679e-03   -5.082197683526e-21
    62    4.500225978858e-02   -1.694065894509e-20
    63    5.059165444989e-01    1.463672932855e-18
