     0    1.155885410763e+01    1.387778780781e-17
     1    5.284833687500e-01    0.000000000000e+00
     2    4.826645195442e-02    0.000000000000e+00
     3    4.947605806483e-03   -5.421010862428e-20
     4    4.979598015653e-04    3.388131789017e-21
     5    5.743464874414e-05    4.235164736272e-22
     6    5.648772522585e-06   -5.293955920339e-23
     7    8.128165775817e-07    0.000000000000e+00
     8    1.092171081246e-07   -6.617444900424e-24
     9    1.329011101444e-08    0.000000000000e+00
    10    2.559344001914e-09   -1.033975765691e-25
    11    7.666286849157e-10    1.292469707114e-26
    12    1.462044892547e-10   -8.077935669463e-27
    13    1.201365958559e-11    8.077935669463e-28
    14    4.905487053382e-12   -8.582806648805e-28
    15    4.486549153829e-13   -1.262177448354e-29
    16    4.564816260180e-14    6.310887241768e-30
    17    6.856909108156e-15    2.366582715663e-30
    18    5.596871744809e-15    9.860761315263e-31
    19    1.681556791297e-15    3.944304526105e-31
    20    7.786649778981e-16    1.109335647967e-31
    21    1.576234640461e-16   -1.232595164408e-32
    22    4.129537507134e-17    4.622231866529e-33
    23    1.743282109102e-18    1.925929944387e-34
    24    4.520783758634e-19    0.000000000000e+00
    25    1.305671128128e-19    0.000000000000e+00
    26   -1.038839101037e-20   -1.504632769053e-36
    27   -3.844042409752e-22   -1.128474576789e-36
    28    1.477902274721e-21   -2.821186441973e-37
    29    9.458565508168e-22   -8.816207631167e-38
    30    1.541679773163e-22    0.000000000000e+00
    31    3.190556132570e-23    7.346839692639e-40
    32    3.544681616202e-24    0.000000000000e+00
    33   -7.486897488160e-23    1.175494350822e-38
    34   -3.047842698945e-22    0.000000000000e+00
    35   -2.618160301378e-21    9.403954806578e-38
    36   -3.159553126767e-21   -1.880790961316e-37
    37   -3.295609017684e-20   -3.009265538105e-36
    38   -4.408817908951e-20    1.203706215242e-35
    39   -1.519083982755e-19    4.814824860968e-35
    40    1.624845381448e-18    4.814824860968e-35
    41    4.330369599422e-18    3.851859888774e-34
    42    4.420760859979e-17    3.081487911020e-33
    43    1.744751143192e-16    6.162975822039e-33
    44    1.183370021254e-15    0.000000000000e+00
    45    4.859327640539e-15    0.000000000000e+00
    46    1.066055982355e-14   -3.944304526105e-31
    47    1.770255592922e-14    1.577721810442e-30
    48   -5.153898233799e-14    0.000000000000e+00
    49    2.010308672161e-13    1.009741958683e-28
    50    3.127049700066e-12    0.000000000000e+00
    51    3.521762898111e-11    1.211690350419e-27
    52    1.247658116301e-10    0.000000000000e+00
    53    7.572795932652e-10   -1.615587133893e-27
    54    5.603324731287e-09    1.033975765691e-25
    55    4.132097053048e-08   -2.067951531383e-25
    56    3.093963401538e-07   -1.654361225106e-24
    57    1.508968795439e-06    5.293955920339e-23
    58    1.030115257757e-05    1.058791184068e-22
    59    8.223993860794e-05   -8.470329472543e-22
    60    6.547688261088e-04    0.000000000000e+00
    61    5.271553887730e-03    0.000000000000e+00
    62    4.738325466904e-02   -2.168404344971e-19
    63    5.063577990318e-01    8.673617379884e-19
