     0    1.158712292152e+01    1.040834085586e-17
     1    5.218146157307e-01    4.336808689942e-19
     2    4.600129697878e-02   -1.897353801850e-19
     3    4.397077871639e-03    6.776263578034e-21
     4    4.616058200265e-04    1.694065894509e-21
     5    6.234521073845e-05   -8.470329472543e-22
     6    1.003655123269e-05    0.000000000000e+00
     7    1.427996180937e-06   -1.323488980085e-23
     8    1.667938097006e-07    8.271806125530e-25
     9    2.344973465097e-08    0.000000000000e+00
    10    5.859924965165e-09    0.000000000000e+00
    11    1.006585360778e-09    2.584939414228e-26
    12    1.692206987265e-10   -1.292469707114e-26
    13    3.287835517338e-11    2.423380700839e-27
    14   -1.356314067701e-12    2.019483917366e-28
    15   -2.540597108521e-13    0.000000000000e+00
    16    3.088134691918e-14   -1.893266172530e-29
    17   -1.076911459724e-14    1.577721810442e-30
    18   -1.137089411964e-14   -9.860761315263e-32
    19   -1.014531522393e-15    1.479114197289e-31
    20   -4.146083098252e-16   -4.005934284325e-32
    21   -2.110202501139e-16    9.244463733059e-33
    22    4.442676772400e-18   -1.540743955510e-33
    23    1.028197624230e-17    1.155557966632e-33
    24   -1.667910529007e-18   -2.407412430484e-35
    25   -1.662732973779e-19   -1.805559322863e-35
    26   -1.490193991265e-19   -5.266214691684e-36
    27   -1.096219752320e-20   -7.523163845263e-37
    28    8.932888955657e-21    4.701977403289e-38
    29    6.018644436356e-22    2.938735877056e-38
    30   -4.449573412761e-22    0.000000000000e+00
    31   -1.472260089569e-22    1.469367938528e-39
    32   -2.313145887245e-23   -1.469367938528e-39
    33    6.799210922863e-23    2.938735877056e-39
    34    1.719476053767e-22    5.877471754111e-39
    35    8.000975506048e-23    2.938735877056e-39
    36    5.670578348207e-22    2.821186441973e-37
    37    1.742142373749e-21    7.523163845263e-37
    38   -5.128541532745e-21    1.128474576789e-36
    39    3.139408506502e-20    1.203706215242e-35
    40    1.390906409626e-19   -2.407412430484e-35
    41   -3.585798399500e-19    2.166671187436e-34
    42   -1.659970393398e-18    7.703719777549e-34
    43    1.154931876153e-17    3.851859888774e-33
    44    1.234059055846e-16    1.232595164408e-32
    45    1.843576796715e-15    0.000000000000e+00
    46   -1.273409041368e-16   -3.944304526105e-31
    47   -6.597986933521e-15   -3.155443620884e-30
    48    6.726073190360e-14    6.310887241768e-30
    49    5.628768543617e-13    0.000000000000e+00
    50    2.451761419739e-12    2.019483917366e-28
    51    2.489929633199e-11   -8.077935669463e-28
    52    1.470763111957e-10   -3.231174267785e-27
    53    1.210587456669e-09    3.877409121342e-26
    54    5.687673890723e-09    2.067951531383e-25
    55    2.917826936416e-08    5.169878828456e-26
    56    1.495061746395e-07    1.654361225106e-24
    57    1.352022843490e-06    0.000000000000e+00
    58    1.016533941479e-05    0.000000000000e+00
    59    7.602109289315e-05   -1.694065894509e-21
    60    7.124109789166e-04   -3.388131789017e-21
    61    6.532257048126e-03    2.710505431214e-20
    62    5.154918018319e-02   -3.523657060578e-19
    63    5.052751355658e-01   -2.168404344971e-19
