     0    1.165406205399e+01   -6.505213034913e-18
     1    5.137758611497e-01    0.000000000000e+00
     2    4.992366862990e-02   -2.168404344971e-19
     3    4.626564068822e-03    0.000000000000e+00
     4    6.173325037791e-04    3.388131789017e-21
     5    7.002118440546e-05   -1.058791184068e-22
     6    8.991337608154e-06    6.617444900424e-24
     7    1.273885483189e-06    6.617444900424e-24
     8    2.081868195719e-07   -1.654361225106e-24
     9    3.711425719811e-08    2.067951531383e-25
    10    8.528748235967e-09    1.033975765691e-25
    11    2.093483754017e-09   -2.584939414228e-26
    12    3.391304471562e-10    0.000000000000e+00
    13    4.616300155037e-11    1.615587133893e-27
    14    1.450838588371e-11    2.524354896707e-29
    15    3.013462942014e-12   -6.626431603856e-29
    16    6.244284020147e-13    1.419949629398e-29
    17    7.601512243440e-14    0.000000000000e+00
    18    1.704308954846e-14   -6.902532920684e-31
    19    3.033385837384e-15   -1.109335647967e-31
    20    6.541682666801e-16   -4.314083075427e-32
    21    8.753410946588e-17    0.000000000000e+00
    22   -2.198730373267e-19    0.000000000000e+00
    23   -1.642597461560e-17    1.925929944387e-34
    24   -3.993336808767e-18   -2.407412430484e-35
    25   -1.362462818420e-19    1.805559322863e-35
    26    3.188354373060e-20    1.504632769053e-35
    27   -1.170320326277e-20    1.880790961316e-36
    28   -7.533621965360e-21   -8.463559325920e-37
    29   -1.351179390275e-21    0.000000000000e+00
    30   -1.808147474445e-22    0.000000000000e+00
    31   -8.833777979959e-23   -3.306077861688e-39
    32    6.980418231473e-23    1.928545419318e-39
    33    5.686956029564e-23   -2.938735877056e-39
    34    1.411237957902e-22   -5.877471754111e-39
    35    1.122336567703e-21   -1.175494350822e-38
    36    1.695256305495e-21   -9.403954806578e-38
    37   -2.020844433789e-20    0.000000000000e+00
    38   -1.403808584774e-19   -3.009265538105e-36
    39   -4.455379089323e-19    6.018531076210e-36
    40   -2.225626112504e-18   -2.407412430484e-35
    41   -8.048819787352e-18    0.000000000000e+00
    42   -2.431550692127e-17   -1.540743955510e-33
    43   -1.753404523655e-16   -6.162975822039e-33
    44   -4.991503148252e-16    3.697785493223e-32
    45   -6.930656900692e-16    0.000000000000e+00
    46    4.806685663388e-15    3.944304526105e-31
    47    1.535802461704e-14    0.000000000000e+00
    48   -2.097362431005e-14   -2.366582715663e-30
    49   -8.755108212315e-14   -4.417621069238e-29
    50   -3.275048008269e-13   -1.767048427695e-28
    51    2.086587870380e-12    0.000000000000e+00
    52    4.889932990780e-11    3.231174267785e-27
    53    9.829058106292e-10    0.000000000000e+00
    54    4.461899562677e-09    1.292469707114e-26
    55    3.261045051020e-08    4.135903062765e-25
    56    1.634639115981e-07    3.308722450212e-24
    57    1.002851452026e-06   -1.654361225106e-23
    58    8.853046520355e-06    2.646977960170e-23
    59    6.699156279337e-05    0.000000000000e+00
    60    5.709480822246e-04    1.694065894509e-21
    61    5.320006702902e-03    0.000000000000e+00
    62    4.638970042405e-02    0.000000000000e+00
    63    5.172128682539e-01    8.673617379884e-19
