     0    1.192844537706e+01   -6.938893903907e-18
     1    5.478848198670e-01    8.673617379884e-19
     2    4.720192887492e-02   -2.168404344971e-19
     3    4.701341604973e-03   -2.710505431214e-20
     4    5.143298707689e-04   -6.776263578034e-21
     5    5.326725541265e-05    4.235164736272e-22
     6    5.882482457868e-06   -2.646977960170e-23
     7    7.954999085207e-07    0.000000000000e+00
     8    1.378717529774e-07    6.617444900424e-24
     9    2.588036587232e-08   -1.654361225106e-24
    10    8.169287251031e-09    4.135903062765e-25
    11    9.891141412198e-10    5.169878828456e-26
    12    1.163951869031e-10   -1.615587133893e-26
    13    3.335623330909e-11    8.077935669463e-27
    14    2.751820751288e-11    0.000000000000e+00
    15    8.201628010375e-12   -4.038967834732e-28
    16    1.039158529955e-12   -1.262177448354e-28
    17    6.128226075878e-14    9.466330862652e-30
    18   -1.617131076333e-15   -7.888609052210e-31
    19    1.672784151538e-15    0.000000000000e+00
    20   -5.600709906245e-16   -1.355854680849e-31
    21   -1.672242189006e-16    6.162975822039e-33
    22   -3.017972039374e-17    3.081487911020e-33
    23   -3.178627595695e-19    3.851859888774e-34
    24   -1.200665131059e-18   -2.888894916581e-34
    25   -6.004093720015e-19   -7.222237291452e-35
    26   -1.985767502903e-20    4.513898307158e-36
    27   -2.333243879546e-20    4.513898307158e-36
    28    3.535948918608e-21   -9.403954806578e-37
    29   -6.793479569395e-22    0.000000000000e+00
    30   -1.537825615648e-21   -2.350988701645e-38
    31   -8.384022221399e-22   -2.350988701645e-38
    32   -2.864275165625e-23   -1.469367938528e-39
    33   -1.769219501837e-24    1.138760152359e-38
    34   -1.929237488239e-22   -3.232609464761e-38
    35    3.422949089244e-22   -1.175494350822e-37
    36    5.540188865273e-21    0.000000000000e+00
    37    1.014650762390e-20    1.504632769053e-36
    38    2.357239290475e-20    3.009265538105e-36
    39   -1.163119616905e-19    1.805559322863e-35
    40    1.966842584850e-18    2.407412430484e-35
    41    1.679440631452e-18    3.851859888774e-34
    42   -4.554879583643e-18    0.000000000000e+00
    43    6.331155272967e-17    0.000000000000e+00
    44   -4.185243432938e-17    0.000000000000e+00
    45    1.927994809054e-15    2.958228394579e-31
    46    1.936594330771e-14    0.000000000000e+00
    47   -6.460963897180e-14    3.155443620884e-30
    48   -3.268807512743e-13    0.000000000000e+00
    49    5.073536704269e-13    0.000000000000e+00
    50    9.116628626576e-12   -2.019483917366e-28
    51    4.527315290764e-11    8.077935669463e-28
    52    2.535671019286e-10   -3.231174267785e-27
    53    6.596712087503e-10    0.000000000000e+00
    54    2.525506228441e-09    1.033975765691e-25
    55    9.536167538390e-09    0.000000000000e+00
    56    8.964557788433e-08   -8.271806125530e-25
    57    5.211392503055e-07   -6.617444900424e-24
    58    6.919717601984e-06   -1.455837878093e-22
    59    6.434646914724e-05    4.235164736272e-22
    60    5.769515126973e-04    0.000000000000e+00
    61    5.061262577197e-03   -2.032879073410e-20
    62    4.943724969322e-02   -2.710505431214e-20
    63    5.259912041455e-01   -4.336808689942e-19
