     0    1.176822594651e+01    3.469446951954e-18
     1    5.352012651488e-01   -8.673617379884e-19
     2    5.074134223937e-02    5.421010862428e-20
     3    6.310437810342e-03   -1.355252715607e-20
     4    6.961212090798e-04   -8.470329472543e-22
     5    6.611044851688e-05   -1.058791184068e-22
     6    6.996241154224e-06    0.000000000000e+00
     7    9.302623135623e-07    2.646977960170e-23
     8    1.664153027799e-07    0.000000000000e+00
     9    2.458309528902e-08    0.000000000000e+00
    10    4.687728614859e-09    1.033975765691e-25
    11    8.619705713106e-10    1.292469707114e-26
    12    1.678811944522e-10   -6.462348535571e-27
    13    3.202302238653e-11   -6.462348535571e-27
    14    2.337087147951e-12   -4.038967834732e-28
    15   -2.441158894913e-13    0.000000000000e+00
    16   -1.957069273961e-13    0.000000000000e+00
    17   -1.311086194721e-14    3.155443620884e-30
    18   -1.205203789242e-14   -1.577721810442e-30
    19   -2.290475711022e-15    2.958228394579e-31
    20   -1.274786572916e-15    7.395570986447e-32
    21   -1.683675071639e-16    1.848892746612e-32
    22   -3.313419958620e-17   -1.925929944387e-33
    23   -1.169753635902e-17    2.888894916581e-34
    24   -3.553191689916e-18   -7.222237291452e-35
    25   -1.316853556420e-18    4.814824860968e-35
    26   -3.124096614611e-19   -4.814824860968e-35
    27   -5.524052032385e-20   -3.009265538105e-36
    28   -9.801910321147e-21   -9.403954806578e-38
    29   -1.157194690165e-21    0.000000000000e+00
    30   -4.353578591092e-22    5.877471754111e-39
    31   -3.200168424740e-22    0.000000000000e+00
    32    4.485601806470e-23    0.000000000000e+00
    33    1.108989808841e-21   -3.761581922631e-37
    34    2.137081810152e-21    0.000000000000e+00
    35    1.437350089831e-20    6.018531076210e-36
    36    5.015124961008e-20    0.000000000000e+00
    37    4.651876068492e-20    2.407412430484e-35
    38    3.939353351267e-19    0.000000000000e+00
    39    2.106988450260e-18   -9.629649721936e-35
    40    6.773788336883e-18    0.000000000000e+00
    41    5.753041377848e-17    1.540743955510e-33
    42   -2.224948920219e-16   -9.860761315263e-32
    43    6.171289586105e-16   -9.860761315263e-32
    44   -8.268756442500e-16    0.000000000000e+00
    45   -1.579948844130e-14    0.000000000000e+00
    46   -2.527045995710e-14    3.155443620884e-30
    47   -9.963527576764e-16    0.000000000000e+00
    48    4.727544340681e-13   -2.019483917366e-28
    49    1.755117624362e-13   -8.077935669463e-28
    50    1.585886315740e-11   -2.423380700839e-27
    51    8.891562543097e-11    0.000000000000e+00
    52    2.889377089069e-10    0.000000000000e+00
    53    1.571271786408e-09    0.000000000000e+00
    54    4.174108875691e-09    0.000000000000e+00
    55    3.007937591260e-08   -8.271806125530e-25
    56    1.901779848154e-07    3.308722450212e-24
    57    1.366741926427e-06   -9.926167350636e-24
    58    1.185088305909e-05   -2.117582368136e-22
    59    8.195454185858e-05   -8.470329472543e-22
    60    5.875182348204e-04    5.082197683526e-21
    61    5.012510666334e-03    2.710505431214e-20
    62    4.842610070350e-02   -2.168404344971e-19
    63    5.163361778092e-01   -8.673617379884e-19
