     0    1.137268874467e+01    2.081668171172e-17
     1    4.965338362756e-01    8.673617379884e-19
     2    4.635896877759e-02    1.626303258728e-19
     3    4.675957944306e-03   -3.388131789017e-20
     4    5.573463976215e-04    0.000000000000e+00
     5    7.076497844484e-05   -6.352747104407e-22
     6    8.830634871289e-06   -5.293955920339e-23
     7    1.032044883351e-06    6.617444900424e-24
     8    1.586721210844e-07   -6.617444900424e-24
     9    1.932515242733e-08    0.000000000000e+00
    10    4.393350393836e-09   -1.938704560671e-26
    11    8.118662800803e-10   -6.462348535571e-27
    12    1.280889897056e-10   -1.615587133893e-27
    13    2.355418219703e-11    9.087677628146e-28
    14    3.518617062719e-12    2.524354896707e-29
    15    6.285773976272e-13    1.893266172530e-29
    16    2.073014776733e-13   -1.104405267309e-29
    17   -6.069850543288e-15    0.000000000000e+00
    18   -1.212597884835e-15    3.944304526105e-31
    19   -1.406536634407e-15    0.000000000000e+00
    20   -4.194628591647e-16    0.000000000000e+00
    21    3.523370278024e-17   -7.703719777549e-33
    22   -2.836329940247e-17    0.000000000000e+00
    23   -6.653023330389e-18   -2.888894916581e-34
    24   -1.590763672250e-18   -1.203706215242e-35
    25   -2.460248738019e-19    3.009265538105e-36
    26   -4.203365440814e-20    7.523163845263e-37
    27   -7.360947127447e-21    9.403954806578e-38
    28   -4.958725298152e-22    0.000000000000e+00
    29    3.461153028555e-22    4.701977403289e-38
    30   -2.592447050806e-22    2.350988701645e-38
    31   -4.368625833760e-23    0.000000000000e+00
    32    1.384830381317e-22    0.000000000000e+00
    33    5.294301363212e-22    0.000000000000e+00
    34   -1.946649663148e-22    0.000000000000e+00
    35   -1.075085675556e-20   -1.504632769053e-36
    36   -3.272994295516e-20    3.009265538105e-36
    37   -3.058469416614e-19    0.000000000000e+00
    38   -1.126885754223e-18   -1.925929944387e-34
    39   -5.186338409867e-18    3.851859888774e-34
    40   -6.847831427065e-18    2.311115933265e-33
    41   -2.060847872666e-17    0.000000000000e+00
    42   -5.022266358978e-17    0.000000000000e+00
    43    3.491439443567e-16    0.000000000000e+00
    44   -9.049150965652e-16   -1.183291357832e-30
    45   -1.068949896493e-14   -1.577721810442e-30
    46   -1.685453788132e-14    0.000000000000e+00
    47   -1.735425762713e-14    1.262177448354e-29
    48   -6.708396478634e-13   -4.038967834732e-28
    49   -3.169919111445e-12    0.000000000000e+00
    50    1.031464751272e-12   -1.615587133893e-27
    51    5.211520427830e-11   -1.938704560671e-26
    52    3.863443104069e-10    3.877409121342e-26
    53    1.744559940283e-09    1.550963648537e-25
    54    9.179317742055e-09    1.033975765691e-25
    55    5.502565714712e-08   -3.308722450212e-24
    56    4.376336946209e-07   -6.617444900424e-24
    57    2.288599936414e-06    3.308722450212e-23
    58    1.297041779899e-05    2.911675756187e-22
    59    9.504468728877e-05    0.000000000000e+00
    60    6.641448916223e-04   -3.388131789017e-21
    61    5.516181280205e-03   -2.710505431214e-20
    62    4.596153975544e-02    0.000000000000e+00
    63    4.969725963082e-01   -8.673617379884e-19
