     0    1.227284041705e+01    0.000000000000e+00
     1    5.621439207387e-01   -6.505213034913e-19
     2    5.271796720147e-02    5.421010862428e-20
     3    4.846896999237e-03   -6.776263578034e-21
     4    5.097454705791e-04   -1.270549420881e-21
     5    6.193268884304e-05    0.000000000000e+00
     6    8.350843188293e-06   -1.455837878093e-22
     7    1.318272593708e-06   -1.654361225106e-23
     8    2.076585105242e-07   -4.135903062765e-24
     9    4.123520042894e-08   -8.271806125530e-25
    10    6.411020344322e-09    7.754818242685e-26
    11    1.132962094292e-09   -1.292469707114e-26
    12    1.093476148554e-10    1.292469707114e-26
    13    1.988550773313e-11    1.615587133893e-27
    14    4.647643824516e-12    4.038967834732e-28
    15    5.152575812155e-13    1.009741958683e-28
    16    2.513795490394e-13   -2.524354896707e-29
    17   -5.738234908202e-15   -1.577721810442e-30
    18    2.699109863212e-14    0.000000000000e+00
    19    8.363213897875e-15    0.000000000000e+00
    20    1.789635902296e-15   -2.465190328816e-32
    21    1.013049905873e-16    0.000000000000e+00
    22    7.324240227827e-17   -2.311115933265e-33
    23    5.450943058418e-18    0.000000000000e+00
    24    5.322266743656e-18    0.000000000000e+00
    25    7.061430097825e-19    1.805559322863e-35
    26    1.088878162503e-19   -9.027796614315e-36
    27   -1.318613232869e-20   -1.504632769053e-36
    28   -8.526339610831e-21    3.761581922631e-37
    29   -7.391717948347e-22    1.880790961316e-37
    30    8.777356715841e-22    0.000000000000e+00
    31    2.923093927215e-22   -1.469367938528e-39
    32   -7.066206223123e-24   -6.612155723375e-39
    33   -2.004617063593e-23    2.497925495497e-38
    34    2.003100294793e-22   -5.877471754111e-39
    35   -6.415722649923e-21    0.000000000000e+00
    36   -1.734708493071e-20   -7.523163845263e-37
    37    1.558999184124e-20   -3.949661018763e-36
    38   -8.663449854294e-19    4.513898307158e-36
    39   -3.488526417840e-18    0.000000000000e+00
    40   -7.951634083989e-18    0.000000000000e+00
    41   -1.734829654662e-17   -1.637040452729e-33
    42    4.630240594162e-17    0.000000000000e+00
    43    1.459293641656e-16   -2.465190328816e-32
    44    1.546376159891e-15    2.465190328816e-32
    45    7.820756255917e-15   -1.479114197289e-31
    46    3.581797590553e-14    0.000000000000e+00
    47    8.143515826586e-14    1.577721810442e-30
    48    8.396621817381e-14   -6.310887241768e-30
    49    2.082895904049e-13    9.466330862652e-29
    50   -3.029950363833e-13    3.029225876049e-28
    51    1.172630724533e-11    1.009741958683e-27
    52    7.777519171241e-11    0.000000000000e+00
    53    1.355478784988e-10   -1.292469707114e-26
    54    2.134128212416e-09    0.000000000000e+00
    55    9.206256146642e-09    6.203854594148e-25
    56    8.310713786358e-08   -3.308722450212e-24
    57    6.313725862032e-07    0.000000000000e+00
    58    5.464272726560e-06   -5.293955920339e-23
    59    4.689478138268e-05   -1.058791184068e-22
    60    4.408720630120e-04   -1.270549420881e-21
    61    4.495107120793e-03   -5.082197683526e-21
    62    4.659689099555e-02    2.168404344971e-19
    63    5.322633693332e-01   -8.673617379884e-19
