     0    1.172050710955e+01    3.469446951954e-18
     1    5.153803920427e-01   -6.505213034913e-19
     2    4.758102884199e-02   -5.421010862428e-20
     3    4.771052432043e-03    0.000000000000e+00
     4    5.041819235581e-04    3.388131789017e-21
     5    6.028965241158e-05   -6.352747104407e-22
     6    7.030183885019e-06   -1.323488980085e-23
     7    1.110134273454e-06   -1.323488980085e-23
     8    1.456428551354e-07    3.722312756489e-24
     9    1.965867717054e-08   -5.169878828456e-26
    10    3.444213400964e-09   -3.877409121342e-26
    11    8.064289117000e-10   -6.462348535571e-27
    12    1.225411939525e-10    6.462348535571e-27
    13    2.597444501907e-11    0.000000000000e+00
    14    1.494300983265e-12    1.009741958683e-28
    15    1.728589786194e-12    1.009741958683e-28
    16    8.286988591425e-14   -1.893266172530e-29
    17    1.155984187652e-13    2.366582715663e-30
    18    3.058872442320e-14   -7.888609052210e-31
    19    2.809340394061e-15   -1.232595164408e-31
    20   -1.038142070617e-15   -1.355854680849e-31
    21   -2.002707377100e-16    0.000000000000e+00
    22   -6.436235757903e-17   -2.465190328816e-32
    23    2.305201457203e-18    3.081487911020e-33
    24    1.907729501179e-18   -3.851859888774e-34
    25    1.033730336866e-18   -9.629649721936e-35
    26    1.078584026087e-19   -6.018531076210e-36
    27    6.271657804326e-20    1.203706215242e-35
    28    2.731616974910e-20    1.692711865184e-36
    29    5.161890197409e-21    0.000000000000e+00
    30   -3.319385332153e-22    0.000000000000e+00
    31   -6.134757287103e-23   -5.877471754111e-39
    32    5.767700739363e-23   -4.408103815584e-39
    33   -9.388378728428e-23    0.000000000000e+00
    34   -2.087830430522e-22    1.175494350822e-38
    35   -1.986857330258e-22    0.000000000000e+00
    36   -1.202181420297e-21    1.880790961316e-37
    37   -2.126584494573e-20    1.504632769053e-36
    38   -1.789250457265e-19    0.000000000000e+00
    39   -8.864686793850e-19   -2.407412430484e-35
    40   -4.939716256296e-18    0.000000000000e+00
    41   -1.792925340899e-17   -4.814824860968e-34
    42   -4.025196114208e-17    0.000000000000e+00
    43   -3.419808089340e-17   -7.703719777549e-33
    44    8.437006149516e-16    2.218671295934e-31
    45    2.632013774164e-15   -2.958228394579e-31
    46   -7.531937041997e-15    7.888609052210e-31
    47   -1.764490129302e-14   -2.524354896707e-29
    48   -2.147880271871e-13    2.145701662201e-28
    49   -1.408070025575e-13   -4.038967834732e-28
    50    1.602540246459e-12    4.038967834732e-28
    51    3.160356484180e-11    3.231174267785e-27
    52    9.185243807727e-11   -6.462348535571e-27
    53    4.803865005472e-10    0.000000000000e+00
    54    1.107487242970e-09    0.000000000000e+00
    55    1.221114000770e-08    2.481541837659e-24
    56    2.393602954094e-07    0.000000000000e+00
    57    1.153339051918e-06    2.646977960170e-23
    58    8.680021361496e-06    0.000000000000e+00
    59    6.199881961889e-05   -4.235164736272e-22
    60    5.581063004223e-04   -6.776263578034e-21
    61    4.991084706884e-03    0.000000000000e+00
    62    4.944877140614e-02   -4.607859233063e-19
    63    5.273947312763e-01   -1.463672932855e-18
