     0    1.197072421940e+01   -6.938893903907e-18
     1    5.590652128679e-01    2.168404344971e-18
     2    5.605907449891e-02   -2.168404344971e-19
     3    6.300872638025e-03    3.388131789017e-21
     4    6.962771208178e-04    4.235164736272e-21
     5    8.936510762938e-05    0.000000000000e+00
     6    1.366427669030e-05    0.000000000000e+00
     7    2.326875113230e-06    6.617444900424e-24
     8    2.549168609393e-07    4.963083675318e-24
     9    4.678145581208e-08    0.000000000000e+00
    10    9.414902546317e-09    0.000000000000e+00
    11    2.480446426271e-09    2.584939414228e-26
    12    4.079855974556e-10   -1.292469707114e-26
    13    9.377839642414e-11    8.077935669463e-28
    14    1.935004788098e-11   -6.058451752097e-28
    15    7.972876078357e-12    2.271919407037e-28
    16    1.758208399548e-12   -5.048709793414e-29
    17    2.596585070180e-13    0.000000000000e+00
    18    1.281475039603e-13   -2.366582715663e-30
    19    3.026638596451e-14   -3.944304526105e-31
    20    3.919101851326e-15   -7.149051953565e-31
    21    2.696548715921e-16    0.000000000000e+00
    22   -1.327460212010e-16   -1.232595164408e-32
    23    8.451450025903e-17   -6.162975822039e-33
    24    1.476553042950e-17    3.851859888774e-34
    25    6.809809255142e-18   -3.370377402678e-34
    26   -6.115913710803e-19   -1.023150282956e-34
    27   -1.604282861533e-19   -6.018531076210e-36
    28    1.580684841840e-19   -1.805559322863e-35
    29    2.087776884985e-20    1.504632769053e-36
    30    5.642777899095e-21    0.000000000000e+00
    31    3.162616708174e-21    0.000000000000e+00
    32    1.456018059020e-21    5.877471754111e-39
    33    3.627606487543e-22    0.000000000000e+00
    34    3.029541468794e-22    1.175494350822e-38
    35   -2.141850646861e-22    9.403954806578e-38
    36    2.109169992425e-22   -7.523163845263e-37
    37   -3.261858009833e-20   -1.504632769053e-36
    38   -1.817039627062e-19   -2.407412430484e-35
    39   -7.517323929746e-20   -9.629649721936e-35
    40    2.016167415833e-19    5.777789833162e-34
    41   -6.875456618549e-18   -1.540743955510e-33
    42    9.118546673498e-18    0.000000000000e+00
    43    2.801088011432e-16    1.232595164408e-32
    44    9.852099703336e-16    4.930380657631e-32
    45    3.368306450178e-15   -4.930380657631e-31
    46    3.373415734506e-14    1.380506584137e-30
    47    1.185199527250e-13   -6.310887241768e-30
    48    5.042510850611e-13    3.786532345061e-29
    49   -2.664106871564e-13   -1.009741958683e-28
    50   -8.752854553772e-13    0.000000000000e+00
    51   -6.500526326838e-12    8.077935669463e-28
    52    3.406885624908e-11    0.000000000000e+00
    53    5.638815537544e-11    1.033975765691e-25
    54    9.644309634831e-10    2.067951531383e-25
    55    1.794485348468e-08    0.000000000000e+00
    56    1.143285919781e-07    3.308722450212e-24
    57    8.120540380731e-07    2.646977960170e-23
    58    4.931650061178e-06    0.000000000000e+00
    59    5.440952020866e-05    3.176373552204e-22
    60    5.849871214987e-04   -8.470329472543e-22
    61    5.436341888193e-03    2.032879073410e-20
    62    5.416439313467e-02    2.710505431214e-20
    63    5.260713357649e-01    2.168404344971e-18
