     0    1.126656161778e+01   -1.387778780781e-17
     1    5.206053161613e-01    0.000000000000e+00
     2    5.104928791092e-02   -1.084202172486e-19
     3    5.413092401010e-03   -6.776263578034e-20
     4    5.711725261561e-04   -3.811648262644e-21
     5    5.817190217240e-05    5.029258124322e-22
     6    5.633514233999e-06    5.293955920339e-23
     7    6.404660484857e-07   -1.323488980085e-23
     8    6.563862332438e-08   -1.240770918830e-24
     9    2.641476767140e-09    4.135903062765e-25
    10    9.821467564899e-10    5.169878828456e-26
    11    4.485957861730e-10    0.000000000000e+00
    12    1.185829289412e-10    4.846761401678e-27
    13    4.074378955004e-11    8.077935669463e-28
    14    5.442000363853e-12    1.767048427695e-28
    15    2.020904992607e-12   -6.310887241768e-29
    16    6.426552381829e-13    0.000000000000e+00
    17    2.375080349718e-13   -2.366582715663e-29
    18    2.691117402993e-14    2.366582715663e-30
    19    1.261657759969e-14    0.000000000000e+00
    20    1.624793987493e-15   -9.860761315263e-32
    21    4.008614965980e-17   -1.232595164408e-32
    22   -4.024586725801e-17   -6.162975822039e-33
    23   -1.511214438419e-17   -1.540743955510e-33
    24    1.144480875304e-18   -4.574083617920e-34
    25   -1.414365509546e-18    0.000000000000e+00
    26   -4.916161347291e-19    0.000000000000e+00
    27   -1.405792822739e-20    0.000000000000e+00
    28    1.854846382104e-20   -1.880790961316e-37
    29    1.142446691819e-20   -8.228460455756e-37
    30    3.196152758146e-22    0.000000000000e+00
    31   -1.143220623007e-22   -8.081523661903e-39
    32    2.108928226058e-24   -2.204051907792e-39
    33   -1.258444046900e-22   -1.028557556970e-38
    34   -2.872471763661e-22    3.526483052467e-38
    35   -1.292608384752e-21   -1.880790961316e-37
    36   -3.280474018032e-21    1.880790961316e-37
    37    1.207848974879e-20    1.880790961316e-36
    38    2.410104313501e-21    6.018531076210e-36
    39    8.590363858525e-20    1.203706215242e-35
    40    8.263540927004e-19   -4.814824860968e-35
    41    5.251403116935e-18    5.777789833162e-34
    42    5.043761114967e-17    4.814824860968e-35
    43    1.561057003997e-16   -2.388153131040e-32
    44   -5.887236735378e-16   -3.697785493223e-32
    45   -6.180425207644e-15   -4.437342591868e-31
    46   -2.318643943661e-14   -5.916456789158e-31
    47   -8.080523221768e-14    7.888609052210e-31
    48   -3.966061784044e-13   -1.893266172530e-29
    49   -7.022496242470e-13   -2.524354896707e-29
    50    2.348398993763e-12    0.000000000000e+00
    51    1.126009811641e-11   -1.211690350419e-27
    52    1.114436873032e-10    3.231174267785e-27
    53    9.434521600604e-10   -2.584939414228e-26
    54    4.017955879550e-09    1.033975765691e-25
    55    2.631450093012e-08   -4.135903062765e-25
    56    1.670082641653e-07    0.000000000000e+00
    57    1.049775118514e-06   -2.646977960170e-23
    58    9.730679533089e-06   -1.522012327098e-22
    59    7.794096265116e-05    2.117582368136e-22
    60    6.362505487279e-04    0.000000000000e+00
    61    4.776109560038e-03    0.000000000000e+00
    62    5.158806719754e-02   -1.084202172486e-19
    63    5.130426524211e-01    8.673617379884e-19
