     0    1.111602310442e+01    1.040834085586e-17
     1    5.062353731094e-01   -8.673617379884e-19
     2    5.183757040507e-02   -1.084202172486e-19
     3    5.079310539003e-03   -8.470329472543e-22
     4    6.014727939219e-04    1.058791184068e-21
     5    6.704476022827e-05   -5.293955920339e-23
     6    7.042422762003e-06   -5.293955920339e-23
     7    7.896056861149e-07    0.000000000000e+00
     8    8.167260055414e-08    0.000000000000e+00
     9    1.334831408668e-09    0.000000000000e+00
    10    1.044882630956e-10   -5.169878828456e-26
    11   -1.067133041799e-10   -6.462348535571e-27
    12   -2.803915123239e-11    0.000000000000e+00
    13   -4.404955700818e-12    8.077935669463e-28
    14   -7.637866787558e-13    5.048709793414e-29
    15    2.219717786243e-14    0.000000000000e+00
    16    1.780734167186e-14   -1.143848312570e-29
    17   -7.896584467454e-15   -9.860761315263e-31
    18    5.013777716035e-16   -5.916456789158e-31
    19   -5.130937471774e-16   -3.944304526105e-31
    20   -1.886198308911e-16    2.465190328816e-32
    21   -7.281218833775e-17   -3.081487911020e-33
    22   -1.989308653055e-17    1.155557966632e-33
    23   -1.807539606928e-18    4.814824860968e-35
    24    6.285217558872e-19   -2.407412430484e-35
    25    1.678525674641e-19   -6.018531076210e-36
    26    1.516620871483e-19   -1.504632769053e-36
    27    1.225742795307e-20   -1.128474576789e-36
    28    2.726940249850e-21   -3.761581922631e-37
    29    2.736245810142e-22   -1.410593220987e-37
    30    7.666154949217e-22   -3.526483052467e-38
    31    2.158785205837e-22    1.910178320086e-38
    32    4.879364460152e-23    0.000000000000e+00
    33    1.337986461415e-22    1.175494350822e-38
    34    7.029640709497e-22   -9.403954806578e-38
    35    1.192315896214e-21   -1.880790961316e-37
    36   -8.211548641388e-22    7.523163845263e-37
    37   -4.702688232098e-22    0.000000000000e+00
    38   -7.725842389048e-20   -6.018531076210e-36
    39   -3.112539326678e-19   -6.018531076210e-36
    40    1.977179435087e-19    1.444447458290e-34
    41    7.710623582730e-18    3.851859888774e-34
    42    1.187606763410e-17    1.540743955510e-33
    43   -7.261413507327e-17    0.000000000000e+00
    44   -4.287562019948e-16    2.465190328816e-32
    45   -2.365800732078e-15   -3.944304526105e-31
    46   -1.256697526480e-15    3.944304526105e-31
    47    9.033926631962e-15   -1.577721810442e-30
    48    1.257206486257e-13   -1.262177448354e-29
    49    1.553460122076e-12    0.000000000000e+00
    50    1.390856170400e-11    2.019483917366e-28
    51    4.913260800284e-11   -3.231174267785e-27
    52    1.708282913226e-10    0.000000000000e+00
    53    5.436161351341e-10    1.292469707114e-26
    54    3.238454491272e-09    7.754818242685e-26
    55    2.727302230934e-08    2.067951531383e-25
    56    1.435032838870e-07   -1.240770918830e-24
    57    1.041009152433e-06    1.654361225106e-24
    58    7.914247862753e-06    1.985233470127e-23
    59    6.828789154113e-05    8.470329472543e-22
    60    5.935612027949e-04    3.388131789017e-21
    61    4.817313550674e-03    4.912791094075e-20
    62    4.932125847441e-02    8.131516293641e-20
    63    4.941926377632e-01   -2.168404344971e-18
