     0    1.164168566285e+01    1.387778780781e-17
     1    5.548295249344e-01    8.673617379884e-19
     2    5.309896011696e-02   -1.084202172486e-19
     3    5.006434816043e-03   -2.710505431214e-20
     4    5.565022814453e-04   -3.388131789017e-21
     5    6.791311120210e-05    0.000000000000e+00
     6    1.046574966892e-05    0.000000000000e+00
     7    1.455204862155e-06   -5.293955920339e-23
     8    3.629383037803e-07    1.158052857574e-23
     9    1.202121245668e-07    0.000000000000e+00
    10    2.127129227427e-08    1.033975765691e-25
    11    3.009462764113e-09    5.169878828456e-26
    12    2.263106986577e-10    1.292469707114e-26
    13    7.179880093034e-11    2.423380700839e-27
    14    8.739002222222e-12    8.077935669463e-28
    15    3.659603711868e-12   -3.029225876049e-28
    16    8.921767173303e-13   -5.048709793414e-29
    17    3.385944749144e-14    0.000000000000e+00
    18    1.024389661329e-14    0.000000000000e+00
    19    2.199035957724e-15    1.972152263053e-31
    20    4.162872543876e-16    4.930380657631e-32
    21   -3.085606991819e-18    2.157041537714e-32
    22    6.436685607106e-17   -1.232595164408e-32
    23    1.364718773631e-17    0.000000000000e+00
    24    1.304434558762e-17   -3.081487911020e-33
    25    1.424892346687e-18    4.814824860968e-34
    26    2.049550134124e-19   -2.407412430484e-35
    27    8.752096502016e-20    1.203706215242e-35
    28    1.958485725857e-20    3.009265538105e-36
    29   -5.546296646490e-21   -1.880790961316e-37
    30   -5.030880404667e-22   -4.701977403289e-38
    31   -1.060682653582e-21    7.052966104934e-38
    32   -2.225433439704e-22    1.763241526233e-38
    33   -7.476419251146e-23   -1.175494350822e-38
    34   -7.205308909427e-22   -4.701977403289e-38
    35    1.455582569903e-21    7.523163845263e-37
    36    3.227445545620e-20   -1.128474576789e-36
    37    9.002329490088e-21    0.000000000000e+00
    38   -8.094866096364e-19    0.000000000000e+00
    39   -2.199802369126e-18    0.000000000000e+00
    40    3.105984671890e-19   -5.777789833162e-34
    41   -1.779204589102e-17   -4.622231866529e-33
    42    1.175939573638e-16    6.162975822039e-33
    43    5.052196592238e-17    9.860761315263e-32
    44   -4.603356675114e-15   -1.972152263053e-31
    45   -2.389810747996e-14    3.944304526105e-30
    46   -2.730508660354e-14    0.000000000000e+00
    47   -1.163845268070e-13    6.310887241768e-30
    48    3.065472321289e-13    0.000000000000e+00
    49    7.345457041392e-13    0.000000000000e+00
    50    1.132690819752e-11   -6.058451752097e-28
    51    1.980300866662e-12    6.462348535571e-27
    52    1.858107297905e-10    0.000000000000e+00
    53    1.358744301188e-09   -1.227846221758e-25
    54    9.047456015770e-09   -7.237830359839e-25
    55    3.202870322399e-08   -6.203854594148e-25
    56    2.062442914401e-07    6.617444900424e-24
    57    1.516524246523e-06   -3.970466940255e-23
    58    1.069168138029e-05    0.000000000000e+00
    59    9.821330750836e-05    1.694065894509e-21
    60    7.328754491424e-04   -6.776263578034e-21
    61    6.190150726989e-03   -6.776263578034e-20
    62    5.555407248518e-02    2.168404344971e-19
    63    5.392956604662e-01    0.000000000000e+00
