     0    1.168639994893e+01    0.000000000000e+00
     1    5.573145413482e-01    8.673617379884e-19
     2    5.597485662607e-02   -1.897353801850e-19
     3    5.784160070858e-03    1.355252715607e-20
     4    7.842133737057e-04   -3.388131789017e-21
     5    9.559182204585e-05   -1.694065894509e-21
     6    1.474720331303e-05    2.117582368136e-22
     7    1.998596848035e-06    0.000000000000e+00
     8    1.988174675400e-07    2.481541837659e-24
     9    4.013830946834e-08   -1.550963648537e-24
    10    6.100050987020e-09    7.754818242685e-26
    11    7.157797036662e-10    7.754818242685e-26
    12    1.309203565655e-10   -9.693522803356e-27
    13    1.493046232919e-11   -4.038967834732e-28
    14    7.459599006842e-12   -1.514612938024e-28
    15   -9.659697216313e-13   -5.048709793414e-29
    16    1.360586763383e-13   -5.048709793414e-29
    17   -1.293489231127e-13    6.310887241768e-30
    18    1.575928095621e-14   -2.366582715663e-30
    19    8.437067819078e-15    0.000000000000e+00
    20   -1.030218767826e-15    3.328006943901e-31
    21   -5.147049503408e-16    1.232595164408e-32
    22    4.829855113626e-18   -3.851859888774e-34
    23    2.564775768455e-18    1.155557966632e-33
    24    2.010975296333e-18    1.925929944387e-34
    25   -7.059896950686e-20    0.000000000000e+00
    26   -9.688375510560e-21   -1.655096045958e-35
    27   -1.278379671345e-20    4.513898307158e-36
    28    1.487942147816e-21   -5.642372883947e-37
    29   -1.508287050869e-21   -2.821186441973e-37
    30   -5.055316841021e-22   -7.052966104934e-38
    31   -2.550892389498e-22   -3.673419846320e-39
    32   -1.398644943363e-22    5.877471754111e-39
    33   -3.564700121495e-22   -2.350988701645e-38
    34   -1.970057467144e-21    0.000000000000e+00
    35   -7.504689398241e-21    0.000000000000e+00
    36   -3.878459952838e-20    6.018531076210e-36
    37   -1.871602795165e-19   -1.203706215242e-35
    38   -8.812010089790e-19    1.444447458290e-34
    39   -4.324815433747e-18   -3.851859888774e-34
    40   -1.177416622888e-17   -7.703719777549e-34
    41    1.327085863264e-17    0.000000000000e+00
    42   -2.336403603409e-16    6.162975822039e-33
    43    6.597680066158e-16    0.000000000000e+00
    44    3.764721527057e-15   -7.888609052210e-31
    45    1.814076937970e-14   -3.155443620884e-30
    46    3.542729617416e-14    6.310887241768e-30
    47    4.927394657142e-13    0.000000000000e+00
    48    2.771725637573e-12    0.000000000000e+00
    49    6.301645894733e-12   -4.038967834732e-28
    50    2.029619445666e-11    4.038967834732e-28
    51    1.002209449702e-10   -3.231174267785e-27
    52    2.727641961825e-10    0.000000000000e+00
    53    1.254699204810e-09    0.000000000000e+00
    54    5.068854629511e-09   -1.550963648537e-25
    55    4.717118993167e-08    4.135903062765e-25
    56    1.607067251257e-07    1.654361225106e-24
    57    1.041730746065e-06    0.000000000000e+00
    58    8.595051544027e-06   -2.646977960170e-22
    59    5.956546639421e-05   -4.235164736272e-22
    60    5.295434650858e-04    0.000000000000e+00
    61    5.237078436717e-03   -2.710505431214e-20
    62    4.911452004494e-02   -2.710505431214e-20
    63    5.280716694947e-01   -3.577867169202e-18
