     0    1.192423172481e+01    6.938893903907e-18
     1    5.817245071017e-01    0.000000000000e+00
     2    5.767485217800e-02    0.000000000000e+00
     3    6.848818739150e-03   -6.776263578034e-20
     4    8.643384867563e-04   -3.388131789017e-21
     5    1.134417679379e-04    8.470329472543e-22
     6    1.366916853361e-05    5.293955920339e-23
     7    2.027503472985e-06    1.323488980085e-23
     8    2.752735278704e-07    1.654361225106e-24
     9    4.090713330501e-08    2.067951531383e-25
    10    5.761392722198e-09    3.101927297074e-25
    11    5.984061433524e-10   -2.584939414228e-26
    12    2.371593283100e-10    0.000000000000e+00
    13    3.019276545623e-11    8.077935669463e-28
    14    6.494941169072e-12    0.000000000000e+00
    15    2.202611169634e-12    3.155443620884e-29
    16    4.698131531949e-13   -1.893266172530e-29
    17    1.018468504173e-13    3.155443620884e-30
    18    7.318331955140e-15    4.733165431326e-30
    19    3.486061903841e-15   -5.916456789158e-31
    20    1.672597281120e-15    1.479114197289e-31
    21    2.605438162460e-16   -1.848892746612e-32
    22    2.934810072204e-16   -2.311115933265e-33
    23    9.577140512376e-17   -4.622231866529e-33
    24    1.440040746938e-17   -3.851859888774e-34
    25    3.883608025352e-18    1.203706215242e-35
    26    6.432317520399e-19    3.611118645726e-35
    27    1.014309037522e-19    0.000000000000e+00
    28    1.691880454145e-20    1.504632769053e-36
    29    8.447420927002e-21   -3.291384182302e-37
    30    9.348513557783e-22   -6.465218929523e-38
    31    1.056870671085e-22   -5.877471754111e-39
    32    9.531905370905e-23   -5.877471754111e-39
    33    1.148476894368e-22    5.877471754111e-39
    34   -2.145428097062e-22    0.000000000000e+00
    35   -6.665848312447e-21    0.000000000000e+00
    36   -3.086499956831e-20    2.256949153579e-36
    37    1.226629385859e-20   -1.504632769053e-36
    38    1.145499462791e-19    3.009265538105e-35
    39   -2.486963222518e-19   -4.814824860968e-35
    40    2.213265594087e-19    0.000000000000e+00
    41   -1.054840214800e-18    7.703719777549e-34
    42    3.239905088444e-19   -3.081487911020e-33
    43    4.012334476634e-16    3.081487911020e-33
    44    4.213848337089e-16   -6.162975822039e-32
    45   -2.521129407447e-15    9.860761315263e-32
    46    3.201018114624e-15    7.888609052210e-31
    47    8.841593745338e-15    3.155443620884e-30
    48    2.268014172392e-13   -2.524354896707e-29
    49    5.244906877477e-13   -2.524354896707e-29
    50    1.144378574674e-12   -5.048709793414e-28
    51    1.158334700417e-11    1.211690350419e-27
    52    9.296516163239e-11    8.077935669463e-27
    53    7.050634884000e-10   -1.938704560671e-26
    54    7.522448388312e-09    3.101927297074e-25
    55    2.608135792850e-08    8.271806125530e-25
    56    6.884293788837e-08   -9.926167350636e-24
    57    1.174099864552e-06   -6.617444900424e-23
    58    9.960221383444e-06   -1.058791184068e-22
    59    7.683686905113e-05   -4.235164736272e-22
    60    6.289949260946e-04    6.776263578034e-21
    61    5.650818802852e-03    0.000000000000e+00
    62    5.087148044792e-02   -2.168404344971e-19
    63    5.244659738039e-01    0.000000000000e+00
