     0    1.166127637748e+01   -8.673617379884e-18
     1    5.329655276794e-01   -2.168404344971e-18
     2    5.400288888511e-02    0.000000000000e+00
     3    5.680822167859e-03   -1.355252715607e-20
     4    5.999569169713e-04   -3.388131789017e-21
     5    7.123263686448e-05    6.352747104407e-22
     6    9.825080846409e-06   -1.323488980085e-22
     7    1.165925540761e-06    2.646977960170e-23
     8    1.164507716947e-07    1.985233470127e-23
     9    2.067603697570e-08    0.000000000000e+00
    10   -2.353763169217e-09   -8.271806125530e-25
    11    4.407673865263e-10    0.000000000000e+00
    12    2.296865753654e-10   -6.462348535571e-27
    13    2.856634871366e-11   -8.077935669463e-28
    14    3.956022464614e-12   -2.019483917366e-28
    15    1.550711201493e-12   -2.524354896707e-29
    16    4.334174758520e-13   -2.524354896707e-29
    17    9.342022095684e-14    6.310887241768e-30
    18    6.905233507811e-15   -3.155443620884e-30
    19   -9.830264263617e-16   -1.972152263053e-31
    20   -7.801714299335e-16   -4.930380657631e-32
    21   -6.263956366443e-17   -6.162975822039e-33
    22   -2.028993294462e-18   -2.311115933265e-33
    23   -1.695395321233e-17   -2.311115933265e-33
    24   -7.015426787855e-18    0.000000000000e+00
    25   -1.468358644678e-18    0.000000000000e+00
    26   -1.018658053764e-19   -2.407412430484e-35
    27    8.082817916823e-20    0.000000000000e+00
    28    1.610290574542e-20    0.000000000000e+00
    29    1.526002180519e-21    9.403954806578e-38
    30    2.682778794832e-22    4.701977403289e-38
    31    2.351372973852e-22    0.000000000000e+00
    32    6.158133826516e-23    2.938735877056e-39
    33   -1.031452152228e-22   -1.322431144675e-38
    34   -3.733115873495e-22    0.000000000000e+00
    35   -6.612394912773e-22    4.701977403289e-38
    36    9.656737171599e-22   -7.523163845263e-37
    37    1.548072121916e-20   -2.256949153579e-36
    38    4.852744842753e-20    1.504632769053e-36
    39   -8.347350978147e-20   -3.987276837989e-35
    40    6.905124958415e-20    1.925929944387e-34
    41    7.071327055303e-19    1.925929944387e-34
    42   -6.064776477335e-18    1.925929944387e-33
    43    1.897246282155e-17    3.081487911020e-33
    44    1.397062259610e-16   -6.162975822039e-33
    45   -3.878638848004e-16    1.232595164408e-31
    46   -8.684465886078e-16    0.000000000000e+00
    47    1.529508939620e-14    3.155443620884e-30
    48    6.491219073972e-14   -6.310887241768e-30
    49    4.088097500221e-13   -1.262177448354e-29
    50    3.392568148730e-12    1.009741958683e-28
    51    1.997825153986e-11    1.615587133893e-27
    52    6.267876980899e-11    3.231174267785e-27
    53    4.834878798806e-10   -6.462348535571e-26
    54    5.209613739746e-09    0.000000000000e+00
    55    2.616257231551e-08    2.067951531383e-25
    56    1.888590370272e-07    1.654361225106e-24
    57    1.593144992430e-06   -3.970466940255e-23
    58    9.432878507352e-06    0.000000000000e+00
    59    9.308026465025e-05   -6.352747104407e-22
    60    7.163152337032e-04    4.235164736272e-22
    61    5.331897971058e-03   -3.388131789017e-21
    62    5.284299486431e-02   -1.626303258728e-19
    63    5.115883789359e-01    8.673617379884e-19
