     0    1.148121842487e+01   -1.127570259385e-17
     1    5.117377965020e-01   -8.673617379884e-19
     2    4.980953374849e-02    1.084202172486e-19
     3    4.943830612444e-03   -4.065758146821e-20
     4    5.667798067751e-04    1.694065894509e-21
     5    5.941889230896e-05    8.470329472543e-22
     6    7.353822274466e-06    2.117582368136e-22
     7    1.087702335962e-06    0.000000000000e+00
     8    1.310574649439e-07    0.000000000000e+00
     9    1.146625303097e-08    0.000000000000e+00
    10    2.033851736414e-09    1.033975765691e-25
    11    5.513422432004e-10    0.000000000000e+00
    12    1.135831329257e-10    0.000000000000e+00
    13    3.693595666463e-11    0.000000000000e+00
    14    6.622123022612e-12   -1.009741958683e-28
    15    9.143645091964e-13    5.048709793414e-29
    16    3.111279969825e-13    0.000000000000e+00
    17    3.946258350825e-14    7.888609052210e-31
    18    1.050131823123e-14   -9.860761315263e-32
    19    1.682403956357e-15    1.232595164408e-32
    20   -1.682993027730e-17    3.081487911020e-32
    21   -4.248661284165e-17   -4.622231866529e-33
    22   -1.971415079947e-18    0.000000000000e+00
    23    6.135058577047e-20    9.629649721936e-35
    24   -4.913310314648e-19   -4.814824860968e-35
    25   -1.767459746182e-19    0.000000000000e+00
    26   -5.721842275040e-20   -4.513898307158e-36
    27   -3.442789063947e-22   -9.403954806578e-37
    28   -1.606848424311e-21    7.052966104934e-38
    29    6.555772795937e-23    2.938735877056e-39
    30    7.252024355910e-24   -2.938735877056e-38
    31   -7.245298375132e-23    1.469367938528e-39
    32   -1.561107632191e-22   -8.816207631167e-39
    33   -3.408398081419e-22   -1.175494350822e-38
    34    2.361863753127e-21   -1.880790961316e-37
    35    1.132122350383e-20    0.000000000000e+00
    36    1.005612235670e-20    1.504632769053e-36
    37    1.079179143769e-19    0.000000000000e+00
    38    1.147500994688e-18   -2.407412430484e-35
    39    1.315126967381e-17    0.000000000000e+00
    40    5.479930836263e-17   -6.162975822039e-33
    41    1.268826410082e-16   -7.703719777549e-33
    42    8.478327296363e-16   -6.162975822039e-33
    43    4.511076416715e-15   -2.465190328816e-32
    44    1.273427094909e-14    5.916456789158e-31
    45    3.420480853322e-14   -1.183291357832e-30
    46    6.244409151591e-14   -7.888609052210e-31
    47    2.723130838101e-14    8.677469957431e-30
    48    1.127801969300e-12   -1.262177448354e-28
    49    6.411450845027e-12    4.543838814073e-28
    50    2.110725233172e-11    7.068193710780e-28
    51    1.172536272377e-10   -8.077935669463e-28
    52    5.680357920889e-10   -1.938704560671e-26
    53    1.584329871287e-09   -2.584939414228e-26
    54    6.962007501950e-09    1.033975765691e-25
    55    4.950579722119e-08    2.067951531383e-24
    56    2.221779260538e-07   -4.549493369042e-24
    57    1.791001498599e-06   -3.308722450212e-24
    58    1.063986272533e-05    5.293955920339e-23
    59    7.404704816671e-05    0.000000000000e+00
    60    5.554516734174e-04   -2.117582368136e-21
    61    5.164772937076e-03    0.000000000000e+00
    62    4.806806290115e-02   -3.794707603699e-19
    63    5.248582783238e-01    8.673617379884e-19
