     0    1.203785401822e+01    6.938893903907e-18
     1    4.937112292377e-01   -4.336808689942e-19
     2    4.568871177204e-02    1.084202172486e-19
     3    4.442649221146e-03    0.000000000000e+00
     4    4.451459959403e-04   -1.694065894509e-21
     5    4.202327216045e-05   -3.176373552204e-22
     6    4.569692627625e-06    3.970466940255e-23
     7    5.008540166924e-07   -2.646977960170e-23
     8    6.184691850686e-08   -1.861156378244e-24
     9    9.438169210148e-09    5.169878828456e-26
    10    3.077483858852e-09   -7.754818242685e-26
    11    1.108722014184e-09    0.000000000000e+00
    12    1.703763904313e-10    1.292469707114e-26
    13    1.762374284741e-11    0.000000000000e+00
    14    1.672452410627e-12    0.000000000000e+00
    15   -1.362464174276e-13   -2.524354896707e-29
    16   -4.427380994364e-13    0.000000000000e+00
    17   -4.142585750451e-14   -3.155443620884e-30
    18   -3.035211652524e-14   -1.577721810442e-30
    19   -1.770052818355e-17    9.860761315263e-32
    20    8.287653984617e-16    0.000000000000e+00
    21    3.753982121728e-16    0.000000000000e+00
    22    6.642067157576e-17   -3.081487911020e-33
    23    1.590186602929e-17   -9.629649721936e-34
    24   -1.470875651444e-18   -2.888894916581e-34
    25   -7.411732843750e-19    0.000000000000e+00
    26   -2.477967858090e-20   -6.018531076210e-36
    27   -2.534977941650e-20    0.000000000000e+00
    28   -1.967834449157e-20    7.523163845263e-37
    29   -2.326457929244e-21    4.701977403289e-38
    30   -4.490363604558e-22    4.701977403289e-38
    31   -2.288018646225e-22    0.000000000000e+00
    32   -1.798134195443e-22   -1.175494350822e-38
    33   -3.138494667187e-22   -1.175494350822e-38
    34   -3.409195441315e-22   -4.701977403289e-38
    35    3.060249121035e-21   -3.761581922631e-37
    36    2.385660283781e-20   -2.256949153579e-36
    37   -1.061602916743e-21    7.523163845263e-36
    38   -2.287024817727e-19   -6.018531076210e-36
    39    9.668069959303e-19   -4.814824860968e-35
    40   -5.337745205752e-18   -4.814824860968e-34
    41    2.898828142270e-19   -6.933347799794e-33
    42   -5.545672102435e-17   -6.162975822039e-33
    43    3.460372438393e-16   -3.081487911020e-32
    44    3.082693031913e-15    2.465190328816e-32
    45    3.798907435666e-15    9.860761315263e-31
    46   -1.559008831699e-14   -7.888609052210e-31
    47    5.241765929224e-14   -1.893266172530e-29
    48   -9.290309512559e-14    6.941975965945e-29
    49   -6.095891767818e-13   -5.048709793414e-29
    50    1.352118821900e-11    8.077935669463e-28
    51    7.143022495126e-11   -1.615587133893e-27
    52    8.082744813699e-10    0.000000000000e+00
    53    2.768095605072e-09    5.169878828456e-26
    54    1.784857781988e-08    0.000000000000e+00
    55    3.235280288352e-08   -8.271806125530e-25
    56    2.679879228768e-07    3.308722450212e-24
    57    1.448437634184e-06    1.985233470127e-23
    58    1.006319136384e-05    4.499862532288e-22
    59    6.224142412168e-05    1.058791184068e-21
    60    5.202378120601e-04   -1.694065894509e-21
    61    5.801615858582e-03    2.710505431214e-20
    62    5.202671386483e-02    0.000000000000e+00
    63    5.637456703347e-01    0.000000000000e+00
