     0    1.174940807020e+01    3.469446951954e-18
     1    5.392731971390e-01    4.336808689942e-19
     2    5.686289501494e-02   -1.355252715607e-20
     3    5.642676564982e-03    0.000000000000e+00
     4    7.255177675647e-04    7.623296525289e-21
     5    1.030829830079e-04   -8.470329472543e-22
     6    1.556282742565e-05    2.117582368136e-22
     7    2.824677787384e-06   -1.323488980085e-23
     8    4.913640671279e-07    6.617444900424e-24
     9    4.223213170185e-08    0.000000000000e+00
    10    8.772870066951e-09    1.033975765691e-25
    11    1.639472247670e-09    0.000000000000e+00
    12    1.730318838284e-10    6.462348535571e-27
    13    2.070792677127e-12    1.615587133893e-27
    14   -5.784252757259e-12   -2.019483917366e-28
    15   -1.362264084860e-12    0.000000000000e+00
    16   -3.915702344287e-13   -3.470987982972e-29
    17   -7.837487395762e-14   -6.310887241768e-30
    18   -7.437758020139e-15    2.958228394579e-31
    19    1.737681460692e-16    2.958228394579e-31
    20    1.171973954258e-15   -6.779273404243e-32
    21    1.567244290338e-16    0.000000000000e+00
    22    8.912374960195e-18    1.540743955510e-33
    23   -3.833397240993e-19    0.000000000000e+00
    24   -1.803986882650e-19    2.407412430484e-35
    25    3.991042717605e-19   -1.203706215242e-35
    26    1.014634617058e-19    0.000000000000e+00
    27   -1.491949489967e-20    7.523163845263e-37
    28   -4.925540546354e-21   -5.642372883947e-37
    29   -1.492999631576e-21    9.403954806578e-38
    30   -2.204960826058e-22    1.469367938528e-38
    31   -2.441311301419e-23    3.673419846320e-40
    32    1.427379302117e-23    3.673419846320e-40
    33   -4.186153090322e-23    3.306077861688e-39
    34   -1.833305940327e-22   -3.673419846320e-40
    35    9.765107372803e-23    5.877471754111e-39
    36   -1.245097129900e-21    2.350988701645e-38
    37   -1.096805194043e-20   -4.701977403289e-37
    38   -8.632903982021e-21   -2.256949153579e-36
    39    1.946510332706e-19   -1.053242938337e-35
    40    4.303555637237e-19    0.000000000000e+00
    41   -2.115619073064e-18   -3.009265538105e-35
    42   -6.436627671891e-18    2.888894916581e-34
    43   -9.724356328333e-17    0.000000000000e+00
    44   -4.821277584657e-16   -1.232595164408e-32
    45   -8.149785636682e-16    0.000000000000e+00
    46   -6.051586049756e-15   -1.972152263053e-31
    47   -2.861613933262e-15    0.000000000000e+00
    48   -5.877117312741e-14    1.262177448354e-29
    49   -5.457311761911e-13    0.000000000000e+00
    50   -3.344752016898e-12    0.000000000000e+00
    51   -2.122801436193e-11   -1.615587133893e-27
    52   -7.508362144199e-11   -8.077935669463e-27
    53    3.484786483282e-10    0.000000000000e+00
    54    1.079558718538e-08   -2.326445472805e-25
    55    8.249210859678e-08    1.550963648537e-25
    56    3.092163402738e-07    0.000000000000e+00
    57    1.670163341487e-06    1.323488980085e-23
    58    1.022125423890e-05   -1.323488980085e-22
    59    6.556044397216e-05    0.000000000000e+00
    60    5.019160654805e-04    0.000000000000e+00
    61    5.338185885328e-03   -2.710505431214e-20
    62    5.175153351083e-02   -2.710505431214e-19
    63    5.339889669604e-01    4.336808689942e-19
