     0    1.242775811320e+01    5.204170427930e-18
     1    5.726402616755e-01    0.000000000000e+00
     2    5.879659984943e-02   -2.168404344971e-19
     3    5.867263593829e-03    0.000000000000e+00
     4    5.195263286206e-04    0.000000000000e+00
     5    6.722871365618e-05    1.270549420881e-21
     6    9.454551176593e-06   -5.293955920339e-23
     7    1.102541026107e-06    1.323488980085e-23
     8    1.115796119076e-07    0.000000000000e+00
     9    1.377347563991e-08    0.000000000000e+00
    10    9.571617416293e-10    0.000000000000e+00
    11    7.094468517728e-10    1.033975765691e-25
    12    3.354446737663e-10   -1.033975765691e-25
    13    2.411243645934e-11    1.292469707114e-26
    14    6.319484834738e-12    3.231174267785e-27
    15    1.349849358104e-12    0.000000000000e+00
    16    1.409136719534e-12   -2.019483917366e-28
    17    8.583717814886e-14   -5.048709793414e-29
    18    9.175593431683e-15   -5.522026336547e-30
    19   -7.478072827290e-16   -3.944304526105e-31
    20   -5.164724528536e-16   -4.930380657631e-32
    21   -1.369609869931e-17    4.930380657631e-32
    22    8.005514963549e-17   -6.162975822039e-33
    23    1.184331738401e-17    7.703719777549e-34
    24   -6.029285544868e-18   -1.925929944387e-34
    25   -6.962328863713e-19    9.629649721936e-35
    26   -2.926164753959e-19    2.407412430484e-35
    27   -7.572179038473e-20   -1.053242938337e-35
    28   -1.000039052579e-20    7.523163845263e-37
    29   -3.094582633736e-21    9.403954806578e-38
    30   -4.205554681497e-22    0.000000000000e+00
    31   -6.422918091114e-23    1.175494350822e-38
    32    1.316912185346e-22    8.816207631167e-39
    33    2.911060256857e-22    1.175494350822e-38
    34    2.214596942110e-22    0.000000000000e+00
    35    2.980920558350e-22    0.000000000000e+00
    36    1.472258075516e-22    0.000000000000e+00
    37    5.268965359980e-22    1.504632769053e-36
    38    1.266759396069e-19    0.000000000000e+00
    39    5.434122116809e-19   -6.018531076210e-36
    40    2.252784377132e-18    2.407412430484e-35
    41    4.125195695204e-18    1.925929944387e-34
    42    6.392615757748e-18    0.000000000000e+00
    43    4.153261368843e-17   -3.081487911020e-33
    44   -2.864720887074e-16    1.232595164408e-32
    45   -1.552063002142e-15   -3.944304526105e-31
    46   -4.346020850406e-15   -1.577721810442e-30
    47   -1.632177387287e-14    2.366582715663e-30
    48   -4.016708459400e-13    0.000000000000e+00
    49   -6.524687534272e-13    0.000000000000e+00
    50    1.073198352807e-12   -2.019483917366e-28
    51   -1.109291140559e-12    2.423380700839e-27
    52    6.566194674015e-11   -2.584939414228e-26
    53    3.465599342403e-10    1.033975765691e-25
    54    6.249783881060e-10    1.033975765691e-25
    55    8.163701216997e-09    0.000000000000e+00
    56    1.348995983560e-07   -6.617444900424e-24
    57    1.174728041439e-06    3.308722450212e-24
    58    1.124003238391e-05    5.293955920339e-23
    59    7.639256197465e-05   -1.058791184068e-22
    60    5.611702717398e-04    5.082197683526e-21
    61    4.755559300876e-03   -1.694065894509e-20
    62    4.864557095319e-02   -3.252606517457e-19
    63    5.739807238046e-01   -8.673617379884e-19
