     0    1.169817429705e+01    6.938893903907e-18
     1    5.440327907804e-01   -1.301042606983e-18
     2    5.294155336111e-02    2.168404344971e-19
     3    5.060659135730e-03    0.000000000000e+00
     4    5.904834098930e-04    1.694065894509e-21
     5    5.938244514515e-05    9.529120656611e-22
     6    6.462992022980e-06    6.617444900424e-23
     7    6.806959529359e-07   -6.617444900424e-24
     8    1.066749244028e-07    1.654361225106e-24
     9    1.836591208964e-08    0.000000000000e+00
    10    2.519512429017e-09    0.000000000000e+00
    11    3.752339962260e-10    6.462348535571e-27
    12    2.986238711487e-11    0.000000000000e+00
    13    1.015672636134e-11   -1.514612938024e-28
    14   -4.464252221667e-12    2.524354896707e-29
    15   -1.054893702941e-14    2.524354896707e-29
    16    1.921936239772e-13   -6.310887241768e-30
    17    5.340656428465e-14    3.155443620884e-30
    18    1.785343859654e-14    3.944304526105e-31
    19   -1.500246217292e-15   -9.860761315263e-32
    20    1.675567625963e-16   -1.848892746612e-32
    21    1.947884584022e-19    6.162975822039e-33
    22   -1.298594014637e-17    1.155557966632e-33
    23    3.031665474603e-18    0.000000000000e+00
    24    3.016564956792e-18   -1.925929944387e-34
    25    5.282665652440e-19    8.425943506694e-35
    26   -1.157529312284e-19    6.018531076210e-36
    27   -5.463908093702e-21    7.523163845263e-37
    28   -5.962204803359e-22    1.880790961316e-37
    29    1.038016620002e-21   -1.410593220987e-37
    30    5.816227790965e-23    8.816207631167e-39
    31   -1.570050815509e-23   -7.346839692639e-39
    32   -5.823295543345e-23    0.000000000000e+00
    33   -1.970963842495e-22    0.000000000000e+00
    34   -5.262412412231e-22   -1.175494350822e-37
    35    4.300748049093e-22    5.642372883947e-37
    36    5.586441757446e-21    7.523163845263e-37
    37    7.785428245109e-20    3.009265538105e-36
    38    4.846988723677e-19   -1.203706215242e-35
    39    1.065017706814e-18    0.000000000000e+00
    40    8.287516105797e-18    0.000000000000e+00
    41    1.429633311981e-17    0.000000000000e+00
    42    1.851452368997e-16   -9.244463733059e-33
    43    6.236434742109e-16    1.232595164408e-32
    44    3.189046951442e-15    0.000000000000e+00
    45    1.036801829977e-14    0.000000000000e+00
    46    4.100728377797e-15    0.000000000000e+00
    47    8.543406487321e-14    0.000000000000e+00
    48    3.642474554564e-13    1.009741958683e-28
    49   -7.570440131202e-13    0.000000000000e+00
    50   -2.180166284345e-11   -2.019483917366e-28
    51   -1.039958493523e-10   -6.462348535571e-27
    52   -3.256543684109e-10    0.000000000000e+00
    53    4.572512871402e-10    5.169878828456e-26
    54    6.065010712903e-09    0.000000000000e+00
    55    8.327767859096e-08    0.000000000000e+00
    56    3.998668552891e-07    0.000000000000e+00
    57    1.708024302838e-06    5.293955920339e-23
    58    1.353339796556e-05    1.058791184068e-22
    59    1.114174666085e-04    0.000000000000e+00
    60    7.905216201683e-04    6.776263578034e-21
    61    5.817029461854e-03   -1.355252715607e-20
    62    5.422543430255e-02    1.084202172486e-19
    63    5.222552017120e-01    1.084202172486e-18
