     0    1.133652429415e+01    6.938893903907e-18
     1    5.200051586748e-01    3.726944967919e-19
     2    5.094734799899e-02   -1.355252715607e-19
     3    4.948592533135e-03    3.388131789017e-21
     4    6.576786078124e-04   -7.199780051662e-21
     5    9.613987921771e-05    4.235164736272e-22
     6    1.599494737585e-05    5.293955920339e-23
     7    1.722115927826e-06   -1.323488980085e-23
     8    1.883381723073e-07   -3.308722450212e-24
     9    2.945435331594e-08    6.203854594148e-25
    10    4.394248000990e-09    4.523643974899e-26
    11    3.045027767404e-10    0.000000000000e+00
    12   -2.458764165858e-11   -5.250658185151e-27
    13   -1.086627327173e-11   -8.077935669463e-28
    14    8.374296169819e-13   -3.029225876049e-28
    15    8.544083309279e-14    3.155443620884e-29
    16   -6.458423811927e-14    9.466330862652e-30
    17    3.727852494215e-14   -3.944304526105e-30
    18   -3.167634685014e-14   -1.183291357832e-30
    19   -7.666410856226e-15   -3.944304526105e-31
    20   -1.942149504539e-15    1.479114197289e-31
    21   -6.327695924407e-16    0.000000000000e+00
    22   -8.505964390348e-17    6.162975822039e-33
    23   -4.574875306156e-18   -8.185202263646e-34
    24   -1.354701912308e-18   -9.629649721936e-35
    25   -8.234492605228e-19    0.000000000000e+00
    26   -1.453319444268e-19    0.000000000000e+00
    27   -6.997867239590e-21    0.000000000000e+00
    28    2.437011328113e-21    7.523163845263e-37
    29   -1.641117951994e-21   -1.410593220987e-37
    30   -1.752997859522e-23   -5.289724578700e-38
    31   -1.626068894921e-22    2.938735877056e-39
    32   -2.997390968621e-23   -4.408103815584e-39
    33   -1.082789227029e-22    2.350988701645e-38
    34    9.418389770110e-25    1.351818503446e-37
    35   -1.436146554631e-21   -1.880790961316e-37
    36   -5.737512797682e-21   -7.523163845263e-37
    37   -5.050223686461e-20    3.009265538105e-36
    38   -2.761611814696e-19   -1.203706215242e-35
    39   -3.973149534297e-19   -2.407412430484e-35
    40   -1.057191657997e-18   -4.814824860968e-35
    41   -8.651250305136e-18   -2.888894916581e-34
    42   -5.680071768565e-17   -7.703719777549e-34
    43   -3.186051446712e-16    0.000000000000e+00
    44   -1.068092819272e-15   -8.628166150855e-32
    45   -6.066655706000e-15    3.944304526105e-31
    46   -4.090904317421e-14   -7.888609052210e-31
    47   -8.905122337300e-14   -3.155443620884e-30
    48   -4.809622862712e-13    1.893266172530e-29
    49   -9.443228098846e-13   -5.048709793414e-29
    50    5.456868736296e-13    0.000000000000e+00
    51   -8.285249990599e-12    0.000000000000e+00
    52    1.224064002242e-10   -6.462348535571e-27
    53    7.944732199462e-10    0.000000000000e+00
    54    4.848053443870e-09    1.550963648537e-25
    55    3.800739613642e-08    0.000000000000e+00
    56    2.307002856409e-07    1.654361225106e-24
    57    1.197436094182e-06   -1.323488980085e-23
    58    9.911468472671e-06    0.000000000000e+00
    59    7.763630459124e-05    0.000000000000e+00
    60    6.191608219134e-04    0.000000000000e+00
    61    4.784937387442e-03    3.388131789017e-21
    62    4.859845793030e-02    1.084202172486e-19
    63    5.210837249530e-01    2.005774019098e-18
