     0    1.187237156552e+01    0.000000000000e+00
     1    5.161532921468e-01    2.168404344971e-19
     2    4.452525697436e-02    5.421010862428e-20
     3    4.061003014007e-03   -1.355252715607e-20
     4    4.359991093078e-04   -3.388131789017e-21
     5    5.078178504780e-05    0.000000000000e+00
     6    6.148725179546e-06    5.293955920339e-23
     7    6.937075804928e-07    0.000000000000e+00
     8    9.290742217963e-08   -8.271806125530e-25
     9    1.165511373684e-08    0.000000000000e+00
    10    1.684615900482e-09   -5.169878828456e-26
    11    5.710610555136e-10    2.584939414228e-26
    12    5.701255617414e-11    0.000000000000e+00
    13    8.640620570901e-12   -1.615587133893e-27
    14    1.606939002099e-12    0.000000000000e+00
    15    2.215943298099e-13    6.310887241768e-30
    16    2.450526119018e-14   -3.155443620884e-30
    17    2.245289117694e-14   -3.944304526105e-31
    18    5.569760788206e-15    3.944304526105e-31
    19    1.601504271099e-15    9.860761315263e-32
    20    1.783824668983e-16    0.000000000000e+00
    21   -4.915050871436e-17   -3.081487911020e-33
    22   -8.363008764671e-18   -3.851859888774e-34
    23    3.161919325985e-18   -5.296307347065e-34
    24    9.279717116334e-19    1.203706215242e-35
    25    2.273148428593e-21    3.611118645726e-35
    26   -5.154040242071e-20    0.000000000000e+00
    27   -1.331999272637e-20    0.000000000000e+00
    28   -2.010816853929e-21   -1.880790961316e-37
    29   -8.026947606663e-23    0.000000000000e+00
    30   -5.519039989075e-23    2.350988701645e-38
    31   -7.175877587795e-23    1.469367938528e-39
    32    6.255848403250e-23   -2.350988701645e-38
    33    3.198672942470e-22   -4.701977403289e-38
    34    6.454201130138e-22    4.701977403289e-38
    35   -5.457333546216e-21    5.642372883947e-37
    36    2.447641366505e-20   -1.504632769053e-36
    37    2.374837426432e-19    1.805559322863e-35
    38    1.249724136151e-18   -1.203706215242e-35
    39    2.365505244115e-18    1.059261469413e-33
    40   -1.287501865104e-17    1.925929944387e-34
    41   -7.300803390861e-17   -3.081487911020e-33
    42   -1.811922103285e-16    7.395570986447e-32
    43   -1.203916849329e-16    1.972152263053e-31
    44   -5.261936217544e-15    3.944304526105e-31
    45   -7.169060693275e-15    0.000000000000e+00
    46    4.237916070233e-14   -1.577721810442e-30
    47    1.386427520355e-13    0.000000000000e+00
    48    5.222361874346e-13    0.000000000000e+00
    49    2.568166611838e-12   -4.038967834732e-28
    50    1.518272038501e-11    0.000000000000e+00
    51    6.799003846507e-11    0.000000000000e+00
    52    3.654066685838e-10   -1.292469707114e-26
    53    6.991028524103e-10   -5.169878828456e-26
    54    4.527106307842e-09    2.067951531383e-25
    55    3.702110426781e-08   -2.067951531383e-25
    56    2.683385865112e-07   -2.481541837659e-24
    57    2.077479388221e-06   -1.323488980085e-23
    58    1.221043733870e-05    7.940933880509e-23
    59    7.813672278743e-05    2.117582368136e-22
    60    6.866549913518e-04   -3.388131789017e-21
    61    5.682391560502e-03   -1.355252715607e-20
    62    4.857253226743e-02    0.000000000000e+00
    63    5.709900771003e-01    8.673617379884e-19
