     0    1.124940322056e+01   -8.673617379884e-19
     1    5.099025710610e-01    4.336808689942e-19
     2    4.702763003636e-02    1.084202172486e-19
     3    4.262236129972e-03   -2.117582368136e-21
     4    4.771936424754e-04    4.235164736272e-21
     5    5.738993863152e-05    1.058791184068e-22
     6    8.674777736079e-06   -5.293955920339e-23
     7    1.262954013926e-06    1.323488980085e-23
     8    2.305288369928e-07    1.654361225106e-24
     9    4.244321148456e-08   -6.203854594148e-25
    10    7.478501023161e-09    1.550963648537e-25
    11    1.713032855285e-09   -5.169878828456e-26
    12    1.687438511856e-10   -6.462348535571e-27
    13    1.638696705194e-11   -8.077935669463e-28
    14    2.288395714726e-12    5.048709793414e-28
    15    9.177725771167e-14    2.019483917366e-28
    16    3.631416969756e-13    1.893266172530e-29
    17    1.440166088246e-13    0.000000000000e+00
    18    3.981740302318e-14   -9.860761315263e-31
    19    5.894291354662e-15    2.958228394579e-31
    20    1.631048255418e-15    5.546678239835e-32
    21    3.650360045575e-16   -2.465190328816e-32
    22    1.266059416835e-17    2.888894916581e-33
    23    4.823507002143e-18   -3.851859888774e-34
    24    6.180503931547e-19   -2.407412430484e-35
    25   -3.071883190282e-20   -4.212971753347e-35
    26   -3.679104115957e-20    6.018531076210e-36
    27   -1.186703227661e-20    9.403954806578e-37
    28   -9.678770680411e-21    9.403954806578e-37
    29   -1.372604809871e-21    0.000000000000e+00
    30    2.134414228331e-22    0.000000000000e+00
    31    1.102005873191e-22    0.000000000000e+00
    32    3.399606380704e-23    5.877471754111e-39
    33    9.739501903488e-24    5.877471754111e-39
    34    2.057895872325e-23    1.175494350822e-38
    35   -1.439672710026e-21    0.000000000000e+00
    36   -8.827794078060e-21    2.821186441973e-37
    37   -6.314674361208e-20    0.000000000000e+00
    38   -1.089048775631e-19   -3.009265538105e-36
    39    3.087781486387e-19   -1.203706215242e-35
    40    1.437071490851e-18   -1.203706215242e-34
    41   -1.312243851925e-18   -1.155557966632e-33
    42    3.488729729650e-17   -3.697785493223e-32
    43    3.307155507133e-16    2.465190328816e-32
    44    1.068674925139e-15    1.232595164408e-31
    45    2.353111834644e-15    2.218671295934e-31
    46    1.429861861967e-14    7.888609052210e-31
    47    8.211812218636e-14    6.310887241768e-30
    48    1.766869818387e-13    2.524354896707e-29
    49    1.007908782343e-12    0.000000000000e+00
    50    1.095269026476e-12    0.000000000000e+00
    51    2.121904061118e-11    8.077935669463e-28
    52   -2.900239078943e-13    1.292469707114e-26
    53    1.197180523773e-10   -2.584939414228e-26
    54    1.343701263665e-09    0.000000000000e+00
    55    1.819380951307e-08    0.000000000000e+00
    56    1.945322645318e-07   -1.323488980085e-23
    57    1.554844165355e-06   -2.646977960170e-23
    58    9.355199870306e-06   -2.117582368136e-22
    59    7.835611557731e-05    0.000000000000e+00
    60    6.112170939125e-04    0.000000000000e+00
    61    5.027764295145e-03    6.776263578034e-21
    62    4.731002954981e-02   -1.965116437630e-19
    63    4.830097779536e-01    9.757819552370e-19
