     0    1.133010232317e+01    1.387778780781e-17
     1    5.081351570687e-01    0.000000000000e+00
     2    4.732603832228e-02    1.084202172486e-19
     3    5.070485792209e-03   -1.355252715607e-20
     4    6.651591904297e-04   -1.270549420881e-21
     5    6.635308839004e-05    2.117582368136e-22
     6    9.470201523333e-06    1.588186776102e-22
     7    1.655163656770e-06    2.646977960170e-23
     8    2.702362780129e-07   -6.617444900424e-24
     9    3.967768119842e-08    0.000000000000e+00
    10    8.582502906646e-09    2.584939414228e-26
    11    1.234474482848e-09   -2.584939414228e-26
    12    2.883770669207e-10   -6.462348535571e-27
    13    6.129416957828e-11    1.615587133893e-27
    14    1.874811015610e-11    0.000000000000e+00
    15    3.220615573241e-12    1.514612938024e-28
    16    1.218437043539e-12    5.048709793414e-29
    17    3.762758053372e-14   -6.310887241768e-30
    18    8.588434392162e-15    0.000000000000e+00
    19    8.458099161968e-15    0.000000000000e+00
    20    1.555275181462e-15    4.930380657631e-32
    21    4.160369137792e-16    3.697785493223e-32
    22    1.230663240619e-16    9.244463733059e-33
    23    1.693193156777e-17    1.155557966632e-33
    24    4.383047171253e-18    3.851859888774e-34
    25    1.251963845307e-18   -1.925929944387e-34
    26    1.075387446477e-19    0.000000000000e+00
    27    1.383038021733e-20    6.018531076210e-36
    28   -9.130772249743e-22    7.523163845263e-37
    29    4.978335668766e-23    1.880790961316e-37
    30   -5.652703548631e-22   -1.880790961316e-37
    31   -9.456941816856e-23    0.000000000000e+00
    32   -7.991102144064e-24   -2.938735877056e-39
    33   -4.573043906147e-23   -7.346839692639e-40
    34   -1.854527277386e-22   -1.175494350822e-38
    35   -2.072486663468e-21    5.877471754111e-38
    36   -5.088494162140e-21    8.933757066249e-37
    37   -3.488165747477e-20    1.504632769053e-36
    38   -1.273994810689e-19    1.504632769053e-36
    39   -9.410976765914e-19    4.513898307158e-35
    40   -2.995097680267e-18   -1.685188701339e-34
    41   -1.308377832403e-17   -1.251854463852e-33
    42   -6.133790698993e-17   -2.503708927703e-33
    43   -4.096214561235e-17   -1.540743955510e-33
    44    4.858091590420e-16   -2.465190328816e-32
    45    2.691260172170e-15    4.930380657631e-32
    46    1.140796442100e-14   -3.944304526105e-31
    47    8.671403540422e-14   -1.577721810442e-30
    48    6.963739960218e-13   -3.155443620884e-30
    49    2.646517226633e-12    1.514612938024e-28
    50    4.347217212167e-12    3.029225876049e-28
    51    6.481837708626e-11   -1.615587133893e-27
    52    3.552551937962e-10    1.938704560671e-26
    53    1.331806624537e-09    0.000000000000e+00
    54    7.174367800309e-09    3.877409121342e-26
    55    3.539625303888e-08   -1.550963648537e-25
    56    2.830495161651e-07   -5.376673981595e-24
    57    1.791646025407e-06    3.474158572723e-23
    58    1.157534066169e-05    0.000000000000e+00
    59    8.422104323896e-05   -6.352747104407e-22
    60    5.667123977171e-04    2.541098841763e-21
    61    5.536116521162e-03    3.388131789017e-20
    62    5.409873199808e-02    2.168404344971e-19
    63    5.391447333630e-01   -2.602085213965e-18
