     0    1.122635359294e+01   -1.734723475977e-18
     1    4.813577746302e-01    0.000000000000e+00
     2    4.612169519164e-02   -5.421010862428e-20
     3    5.329397133920e-03    0.000000000000e+00
     4    6.307906896381e-04    3.388131789017e-21
     5    7.086210995449e-05   -2.117582368136e-22
     6    1.164320523008e-05   -2.646977960170e-23
     7    2.099593010090e-06    0.000000000000e+00
     8    2.130488736220e-07   -4.963083675318e-24
     9    2.044635017081e-08    4.135903062765e-25
    10    2.452645245698e-09    4.523643974899e-26
    11    6.297176209907e-10   -1.615587133893e-26
    12    2.101123847332e-10   -1.615587133893e-27
    13    2.454220914845e-11   -8.077935669463e-28
    14    1.129283963372e-11    6.058451752097e-28
    15    2.807639347208e-12   -6.310887241768e-30
    16    5.864247059981e-14   -5.048709793414e-29
    17    1.337902302870e-14    3.944304526105e-31
    18    1.073926772565e-14    0.000000000000e+00
    19    4.939989520706e-15    2.958228394579e-31
    20    1.077348369381e-15    4.930380657631e-32
    21   -1.890010710711e-17   -2.465190328816e-32
    22   -1.896777045151e-16    3.851859888774e-34
    23   -2.133482935275e-17    2.696301922142e-33
    24   -3.733107554749e-19   -9.629649721936e-35
    25   -5.435931876266e-19    0.000000000000e+00
    26   -6.571734709491e-20    5.115751414779e-35
    27   -1.670614996410e-20    1.504632769053e-36
    28   -1.653351349265e-20    9.403954806578e-37
    29   -4.176207266658e-21    7.052966104934e-38
    30   -8.565557968236e-22    9.403954806578e-38
    31   -2.591593389285e-22    0.000000000000e+00
    32   -1.026230620872e-22    0.000000000000e+00
    33   -1.230709949433e-23    0.000000000000e+00
    34    8.072451737325e-23    1.763241526233e-38
    35    2.038456434616e-22    4.701977403289e-38
    36    3.176596521265e-21    2.350988701645e-37
    37   -4.330838718368e-21   -2.256949153579e-36
    38   -1.447200045479e-19    4.513898307158e-36
    39   -6.677875715051e-19    0.000000000000e+00
    40   -5.772138207428e-18    1.203706215242e-34
    41   -1.090283806054e-17    1.925929944387e-34
    42    7.054958387452e-20    3.851859888774e-33
    43    1.230576920020e-16   -3.389636702122e-32
    44    1.930619892510e-15   -9.860761315263e-32
    45    1.448723954088e-14    6.409494854921e-31
    46    3.912153901404e-14    1.577721810442e-30
    47    6.068099639625e-14    0.000000000000e+00
    48    1.454290265640e-13   -1.893266172530e-29
    49    5.055234657311e-13   -1.514612938024e-28
    50    3.236717203448e-12   -6.058451752097e-28
    51    3.900402492878e-11   -3.231174267785e-27
    52    3.525953845980e-10    9.693522803356e-27
    53    1.131513500303e-09   -2.584939414228e-26
    54    6.744228772826e-09   -1.033975765691e-25
    55    3.792419942744e-08    2.067951531383e-25
    56    1.687951910351e-07   -1.654361225106e-24
    57    1.328464227431e-06   -1.985233470127e-23
    58    1.127387236996e-05   -5.293955920339e-23
    59    9.402403370844e-05    4.235164736272e-22
    60    6.710801399463e-04   -3.388131789017e-21
    61    5.497875280922e-03    2.710505431214e-20
    62    5.345019999693e-02    1.084202172486e-19
    63    5.406823336320e-01    8.673617379884e-19
