     0    1.151347113839e+01   -2.081668171172e-17
     1    5.169555696728e-01    3.469446951954e-18
     2    4.588285772179e-02    2.981555974335e-19
     3    4.940500298735e-03    2.710505431214e-20
     4    5.718813006642e-04    4.235164736272e-21
     5    6.335158420630e-05    5.293955920339e-23
     6    7.042765383623e-06    7.940933880509e-23
     7    9.745989891218e-07   -1.323488980085e-23
     8    1.497779021222e-07    1.654361225106e-24
     9    2.231309818507e-08    2.067951531383e-25
    10    4.570927831965e-09   -1.938704560671e-25
    11    5.127819115485e-10    2.584939414228e-26
    12    5.369665837153e-11   -1.615587133893e-27
    13    1.036527427228e-11    0.000000000000e+00
    14   -4.018082506769e-14    1.009741958683e-28
    15   -1.523978772067e-13    1.009741958683e-28
    16   -9.553268682007e-14    1.262177448354e-29
    17   -2.557596593698e-14    3.155443620884e-30
    18   -1.413878490895e-14    0.000000000000e+00
    19   -2.717064231844e-15    0.000000000000e+00
    20   -1.727678370259e-16    0.000000000000e+00
    21   -6.265544872922e-17    6.162975822039e-33
    22   -6.615037971742e-18    0.000000000000e+00
    23    1.606324379668e-18   -1.925929944387e-34
    24   -1.925935651526e-19   -9.629649721936e-35
    25   -6.142424593054e-20    0.000000000000e+00
    26    2.670809311057e-20    1.203706215242e-35
    27    8.161057817930e-21   -3.009265538105e-36
    28    4.848014866792e-21    1.316553672921e-36
    29    1.102923535856e-21   -7.052966104934e-38
    30    8.711300424470e-23   -1.763241526233e-38
    31   -6.635540708954e-23    1.028557556970e-38
    32   -7.874902375408e-23    0.000000000000e+00
    33    4.340306942452e-23    1.469367938528e-39
    34    2.766826388534e-22    1.763241526233e-38
    35    1.008052076704e-21    4.701977403289e-38
    36    2.803891426913e-21   -4.701977403289e-38
    37    5.194132221580e-21    7.523163845263e-37
    38    1.491940016775e-20   -1.880790961316e-37
    39    2.907835004494e-19    0.000000000000e+00
    40    6.010428645060e-19    2.407412430484e-35
    41    4.370990054388e-18    9.629649721936e-35
    42    1.277421644913e-17   -1.540743955510e-33
    43   -2.811824103887e-17   -6.162975822039e-33
    44   -6.819446060845e-17    0.000000000000e+00
    45    8.117624444566e-16    2.465190328816e-32
    46    2.292034592155e-15    2.958228394579e-31
    47    1.326315371400e-14   -4.930380657631e-31
    48    8.757478948098e-14    8.677469957431e-30
    49    1.617132890303e-13   -1.262177448354e-29
    50    4.591982907387e-13    5.048709793414e-29
    51    1.158605963187e-11   -2.019483917366e-28
    52    4.379632628097e-11    0.000000000000e+00
    53    1.499971380118e-10    0.000000000000e+00
    54    1.667026350530e-09    1.033975765691e-25
    55    6.167634396654e-09    1.033975765691e-25
    56    6.143283546827e-08   -2.067951531383e-25
    57    6.579020175543e-07    9.926167350636e-24
    58    6.062262489834e-06    5.293955920339e-23
    59    4.691173814228e-05    0.000000000000e+00
    60    4.466693980449e-04   -1.694065894509e-21
    61    3.978629301972e-03    1.355252715607e-20
    62    4.413753299275e-02   -1.084202172486e-19
    63    5.103885547480e-01    0.000000000000e+00
