     0    1.138567255025e+01    8.673617379884e-19
     1    5.258083783429e-01    6.505213034913e-19
     2    5.264049003839e-02   -9.486769009248e-20
     3    4.176486800250e-03    3.726944967919e-20
     4    3.764410549923e-04    3.388131789017e-21
     5    3.796878876272e-05    3.705769144238e-22
     6    4.516596190724e-06   -2.249931266144e-22
     7    6.208363704598e-07    2.067951531383e-24
     8    1.152702784467e-07   -4.135903062765e-24
     9    1.513994207522e-08   -4.135903062765e-25
    10    2.177806307685e-09   -6.462348535571e-27
    11    2.187070448674e-10   -2.423380700839e-27
    12    3.825785798360e-11   -2.423380700839e-27
    13    3.963871971043e-11   -8.077935669463e-28
    14    1.918640136806e-12    1.009741958683e-28
    15    5.426247178087e-13    2.524354896707e-29
    16    2.303557227782e-13    0.000000000000e+00
    17    8.977299620964e-14   -3.155443620884e-30
    18    8.953400848981e-15    9.860761315263e-32
    19    4.333697636485e-15    9.860761315263e-32
    20    1.720047272823e-15    1.725633230171e-31
    21    2.969900183053e-16   -1.848892746612e-32
    22    4.132172545417e-17    0.000000000000e+00
    23    2.029777013828e-18    1.540743955510e-33
    24    9.109228195879e-20    4.814824860968e-35
    25   -6.074723203278e-19    2.407412430484e-35
    26   -2.656779261262e-19    0.000000000000e+00
    27    1.096521176875e-20   -2.106485876674e-35
    28    2.618706829820e-20   -2.256949153579e-36
    29   -9.116715006746e-21    7.523163845263e-37
    30   -6.958078070543e-21    4.231779662960e-37
    31   -1.424877052055e-21    1.410593220987e-37
    32   -7.445222215785e-23   -2.350988701645e-38
    33    1.356791729010e-22   -5.877471754111e-39
    34    3.356948489409e-22    2.938735877056e-38
    35   -7.668367042522e-22    4.701977403289e-38
    36   -4.904446312887e-21    0.000000000000e+00
    37    1.564460033560e-20   -7.523163845263e-37
    38    1.847108978497e-19    3.009265538105e-36
    39    4.334869392396e-19   -2.407412430484e-35
    40    1.896060914064e-18    0.000000000000e+00
    41    6.778923095678e-18    5.777789833162e-34
    42   -1.680142030150e-18   -1.155557966632e-33
    43    2.040775412649e-17    3.081487911020e-33
    44   -1.193179384512e-16   -6.162975822039e-33
    45   -1.289384959598e-15    9.860761315263e-32
    46   -1.226713882458e-15    9.860761315263e-32
    47    7.637526268564e-15    7.888609052210e-31
    48    2.658581500457e-14    0.000000000000e+00
    49   -4.520793504986e-13    0.000000000000e+00
    50    2.553753515422e-12    5.048709793414e-29
    51    1.017139844358e-11   -4.038967834732e-28
    52    6.300387484360e-11    2.423380700839e-27
    53    4.259182235745e-10   -1.938704560671e-26
    54    2.608412024948e-09    3.877409121342e-26
    55    1.425375290971e-08    7.237830359839e-25
    56    1.297493545918e-07    8.271806125530e-25
    57    1.423587654704e-06    2.316105715148e-23
    58    9.068383108080e-06   -9.264422860594e-23
    59    7.050721984142e-05    0.000000000000e+00
    60    6.121460869067e-04    1.694065894509e-21
    61    5.185703222796e-03    0.000000000000e+00
    62    4.396818046181e-02    1.084202172486e-19
    63    4.985190030974e-01    3.252606517457e-19
