     0    1.158501602167e+01   -6.938893903907e-18
     1    5.074256858895e-01   -4.336808689942e-19
     2    4.671092579286e-02   -1.084202172486e-19
     3    4.824766759876e-03   -2.710505431214e-20
     4    5.145190495869e-04    1.694065894509e-21
     5    6.932370829380e-05   -4.235164736272e-22
     6    7.081181945099e-06   -9.264422860594e-23
     7    1.132395709312e-06    9.926167350636e-24
     8    1.338029201647e-07    1.240770918830e-24
     9    2.888377259941e-08   -4.135903062765e-25
    10    5.759933292664e-09    1.033975765691e-25
    11    1.038064943242e-09    6.462348535571e-27
    12    1.500263341351e-10   -3.231174267785e-27
    13    1.699037517739e-11    7.068193710780e-28
    14    3.452225383010e-12    5.048709793414e-29
    15    7.216564202463e-13   -1.262177448354e-29
    16    1.371980363709e-13    7.888609052210e-31
    17    4.742317680258e-16    1.183291357832e-30
    18   -1.047678113452e-15    9.860761315263e-32
    19    3.326530110250e-16   -2.465190328816e-32
    20    2.722051209138e-16    0.000000000000e+00
    21    1.101935890326e-16    0.000000000000e+00
    22   -1.492648314912e-18    2.311115933265e-33
    23   -1.768084867071e-18   -4.333342374871e-34
    24   -1.442934916082e-19    2.407412430484e-35
    25    1.646142517769e-19   -2.407412430484e-35
    26    3.254935076842e-20   -4.513898307158e-36
    27    1.946345852922e-20   -2.256949153579e-36
    28    8.646795843285e-21    4.701977403289e-38
    29    6.219690723511e-22   -3.526483052467e-38
    30    3.508379632790e-22    1.469367938528e-38
    31    1.418357479152e-22   -1.469367938528e-39
    32    9.217743072511e-23   -1.469367938528e-39
    33    4.537405489973e-22    0.000000000000e+00
    34    9.265892767409e-23    4.114230227878e-38
    35   -3.333445868971e-21    0.000000000000e+00
    36   -3.634187109987e-21    1.880790961316e-37
    37   -1.011172388917e-19    1.504632769053e-36
    38   -2.998708810440e-20    0.000000000000e+00
    39    8.436685718826e-20    1.444447458290e-34
    40   -1.538858774367e-18    0.000000000000e+00
    41   -1.453996884142e-17    3.851859888774e-34
    42   -1.146152262197e-16    0.000000000000e+00
    43   -3.154248167932e-16    0.000000000000e+00
    44    1.199532880244e-15    0.000000000000e+00
    45   -2.643402137541e-15    3.944304526105e-31
    46    2.021707277058e-14    0.000000000000e+00
    47    1.032290979505e-13    3.155443620884e-30
    48   -8.503530102137e-14    0.000000000000e+00
    49   -4.072694752200e-14    5.048709793414e-29
    50    2.295265184512e-12    0.000000000000e+00
    51    2.569612518190e-13    1.615587133893e-27
    52    9.545483409226e-11    1.292469707114e-26
    53    5.859242317113e-10   -2.584939414228e-26
    54    2.376626131951e-09   -3.101927297074e-25
    55    1.339668560557e-08    8.271806125530e-25
    56    1.717290294658e-07    0.000000000000e+00
    57    1.422454237561e-06    3.308722450212e-24
    58    1.049054571430e-05   -1.323488980085e-23
    59    5.874168537449e-05    2.117582368136e-22
    60    5.207100633279e-04    3.388131789017e-21
    61    5.036221862794e-03    0.000000000000e+00
    62    5.244823299061e-02   -1.084202172486e-19
    63    5.570672856525e-01    0.000000000000e+00
