     0    1.179074666241e+01   -2.081668171172e-17
     1    5.096837513548e-01    0.000000000000e+00
     2    5.023008027642e-02   -2.168404344971e-19
     3    5.754068485569e-03   -1.694065894509e-21
     4    6.127760253428e-04   -1.694065894509e-21
     5    6.346961098361e-05    0.000000000000e+00
     6    7.396171959965e-06   -7.940933880509e-23
     7    8.440648227428e-07    0.000000000000e+00
     8    8.757086129249e-08    0.000000000000e+00
     9    1.337671274073e-08   -6.203854594148e-25
    10    2.609688596590e-09   -1.550963648537e-25
    11    2.613850291453e-10    1.292469707114e-26
    12    3.381737701690e-11   -6.462348535571e-27
    13    6.134401977775e-12   -8.077935669463e-28
    14   -3.239177229843e-12    0.000000000000e+00
    15   -6.862738863337e-14    0.000000000000e+00
    16   -2.781753075026e-13   -1.262177448354e-29
    17   -4.069579919268e-14    7.888609052210e-31
    18   -6.608387821373e-15   -1.972152263053e-31
    19   -1.624905212485e-16    2.465190328816e-32
    20    5.810642555993e-17    1.232595164408e-32
    21    3.976565010704e-17    0.000000000000e+00
    22   -6.759490344230e-18   -2.311115933265e-33
    23   -1.320365831163e-18    2.888894916581e-34
    24    1.198384761657e-18   -4.814824860968e-35
    25   -6.801082125937e-20   -1.203706215242e-35
    26    2.720491951162e-21    0.000000000000e+00
    27   -7.247839437168e-21   -3.761581922631e-37
    28   -4.278506283076e-22    5.172175143618e-37
    29    2.050554095523e-22   -4.701977403289e-38
    30    3.225527736089e-22   -5.877471754111e-39
    31    7.442143507262e-23    0.000000000000e+00
    32   -1.171263518703e-23    7.346839692639e-40
    33   -6.111282214410e-23    5.877471754111e-39
    34    1.998338619503e-22   -2.350988701645e-38
    35   -1.219239400666e-21    0.000000000000e+00
    36   -1.135703438516e-20   -3.761581922631e-37
    37   -3.886867351911e-20    1.504632769053e-36
    38    3.278225961906e-21    1.203706215242e-35
    39    2.347058080740e-19    2.407412430484e-35
    40    3.455482216966e-18    5.777789833162e-34
    41    3.251972284846e-17    0.000000000000e+00
    42    1.581363685175e-16   -7.703719777549e-33
    43    5.406100069396e-16   -4.930380657631e-32
    44    3.064786572501e-15    0.000000000000e+00
    45    3.895943992300e-15    3.944304526105e-31
    46    3.091755506756e-14   -1.972152263053e-30
    47    5.785007673679e-16   -9.466330862652e-30
    48   -5.340075791933e-14    5.048709793414e-29
    49    1.381088197467e-12    1.135959703518e-28
    50    1.242541043268e-11   -2.019483917366e-28
    51    4.281990132777e-11    0.000000000000e+00
    52    1.024260739273e-10    0.000000000000e+00
    53    7.661434830570e-10    1.292469707114e-26
    54    4.257140002340e-09   -1.033975765691e-25
    55    3.283246660839e-08   -4.135903062765e-25
    56    9.375421484891e-08   -4.135903062765e-24
    57    8.150178383868e-07   -6.617444900424e-24
    58    6.856405449568e-06   -5.293955920339e-23
    59    7.577367230523e-05   -6.352747104407e-22
    60    7.242898187969e-04   -8.470329472543e-21
    61    6.480042108587e-03    2.371692252312e-20
    62    5.682147020493e-02   -2.710505431214e-19
    63    5.746135015684e-01    0.000000000000e+00
