     0    1.183335320545e+01    6.938893903907e-18
     1    5.299742744528e-01   -4.336808689942e-19
     2    4.928396162308e-02   -5.421010862428e-20
     3    4.697536763938e-03    1.355252715607e-20
     4    4.988978905393e-04   -5.082197683526e-21
     5    5.182950460460e-05   -4.235164736272e-22
     6    6.417704991697e-06    1.588186776102e-22
     7    9.874763265998e-07    0.000000000000e+00
     8    1.774578808514e-07    2.895132143936e-24
     9    3.083979790380e-08    1.033975765691e-25
    10    5.535873011616e-09    0.000000000000e+00
    11    4.732859391886e-10    1.292469707114e-26
    12    7.452885908698e-11    0.000000000000e+00
    13    2.771125649527e-11    4.038967834732e-28
    14    6.601574828409e-12    5.048709793414e-29
    15    4.341964374531e-13    0.000000000000e+00
    16    3.376729756155e-13    5.048709793414e-29
    17    2.019024219280e-14   -6.310887241768e-30
    18    7.308369714844e-15    0.000000000000e+00
    19    1.896488989525e-15   -4.930380657631e-31
    20    1.262656695447e-15    2.218671295934e-31
    21    1.501986546328e-16   -2.157041537714e-32
    22   -7.261804581843e-18   -3.081487911020e-33
    23   -5.790793881856e-19    1.925929944387e-34
    24    1.068776937530e-18    9.629649721936e-35
    25    1.009536272991e-20   -1.203706215242e-35
    26    8.603756061136e-20   -6.018531076210e-36
    27    3.825415831714e-20    1.504632769053e-36
    28    3.520320810477e-22    0.000000000000e+00
    29   -2.567664931067e-21   -4.701977403289e-38
    30   -7.089060524880e-22   -1.175494350822e-38
    31   -1.211120585220e-22   -3.673419846320e-38
    32   -3.744152042541e-22    0.000000000000e+00
    33   -8.228195161962e-22    0.000000000000e+00
    34   -7.103057739932e-21   -3.761581922631e-37
    35   -4.091237619035e-20    0.000000000000e+00
    36   -2.334996197191e-19   -1.203706215242e-35
    37   -6.180322261170e-19   -1.444447458290e-34
    38   -2.893528522428e-18   -3.851859888774e-34
    39   -3.432313351661e-18    7.703719777549e-34
    40    6.011088381114e-17    1.232595164408e-32
    41   -1.685311451223e-16   -4.930380657631e-32
    42   -1.391026529177e-15   -3.944304526105e-31
    43   -8.369765541495e-16    0.000000000000e+00
    44   -1.751737476928e-14   -3.155443620884e-30
    45   -2.329630927184e-14    9.466330862652e-30
    46   -1.209767708188e-13   -3.786532345061e-29
    47    1.068801226554e-13    0.000000000000e+00
    48   -1.296009816547e-12    0.000000000000e+00
    49   -1.094748944961e-11   -8.077935669463e-28
    50   -1.620336527771e-11   -1.615587133893e-27
    51    2.092707409738e-10    0.000000000000e+00
    52    1.089504076786e-09   -2.584939414228e-26
    53    3.251921660369e-09    2.067951531383e-25
    54    6.204113087095e-09    4.135903062765e-25
    55    1.181332004396e-08   -1.654361225106e-24
    56    2.055436421113e-07   -1.654361225106e-24
    57    1.547952009150e-06    1.323488980085e-23
    58    1.312660288987e-05    2.646977960170e-22
    59    7.161486405548e-05    8.470329472543e-22
    60    5.787741095491e-04   -2.117582368136e-21
    61    5.130857407694e-03    2.541098841763e-20
    62    4.902951764898e-02   -4.336808689942e-19
    63    5.139294753238e-01   -1.734723475977e-18
