     0    1.143579200453e+01    6.071532165919e-18
     1    4.946322257124e-01    4.336808689942e-19
     2    4.465607125885e-02    0.000000000000e+00
     3    4.400521310167e-03    1.355252715607e-20
     4    4.909641574466e-04   -1.694065894509e-21
     5    7.515413117552e-05    1.058791184068e-22
     6    1.276026557127e-05    1.323488980085e-23
     7    1.682499231367e-06   -1.323488980085e-23
     8    2.121451797799e-07   -4.135903062765e-24
     9    3.233321966739e-08   -4.135903062765e-25
    10    8.465104185293e-09    4.135903062765e-25
    11    1.764796969420e-09   -5.169878828456e-26
    12    2.742813506640e-10    1.292469707114e-26
    13    5.108278757777e-11   -3.231174267785e-27
    14    2.215889830921e-12    1.009741958683e-28
    15    1.473168469424e-12   -5.048709793414e-29
    16    2.445998586130e-13    0.000000000000e+00
    17   -3.828038779775e-14    3.155443620884e-30
    18   -3.733176594016e-15    0.000000000000e+00
    19   -8.700418205255e-16    0.000000000000e+00
    20    5.827059330991e-17    4.930380657631e-32
    21   -1.075078449493e-16    1.232595164408e-32
    22   -9.189594629639e-18    1.925929944387e-34
    23   -2.956676020376e-18    0.000000000000e+00
    24    3.498056431550e-18   -9.629649721936e-35
    25    1.356757638862e-18   -4.814824860968e-35
    26    2.663813129395e-19   -1.805559322863e-35
    27   -1.400401231882e-20    0.000000000000e+00
    28    1.270512808953e-20    1.128474576789e-36
    29    4.094094470842e-21   -1.880790961316e-37
    30    4.775028778650e-22    8.228460455756e-38
    31   -3.391072567046e-22   -1.763241526233e-38
    32   -4.610469344068e-23   -2.938735877056e-39
    33    4.847729506419e-23   -1.175494350822e-38
    34   -6.920337172912e-22    9.403954806578e-38
    35    7.472763869577e-22   -9.403954806578e-38
    36    2.215731871535e-20   -1.504632769053e-36
    37    4.471718024461e-20   -6.018531076210e-36
    38    1.219666524761e-19    0.000000000000e+00
    39    7.700309323800e-19    4.814824860968e-35
    40    5.561147520925e-18    0.000000000000e+00
    41    1.663233635808e-17    0.000000000000e+00
    42   -2.558878274558e-17    0.000000000000e+00
    43   -3.043357413504e-16    0.000000000000e+00
    44   -2.462408030078e-15    0.000000000000e+00
    45   -1.176695136784e-14    3.155443620884e-30
    46   -1.169357248766e-14   -6.310887241768e-30
    47    5.970623610609e-14    0.000000000000e+00
    48    5.590319948478e-13    1.262177448354e-29
    49    3.006097821200e-12    0.000000000000e+00
    50    2.024250222476e-11   -4.038967834732e-28
    51   -8.076458629269e-12   -6.462348535571e-27
    52   -2.748844540653e-14    9.693522803356e-27
    53    6.017036413239e-10   -5.169878828456e-26
    54    3.430021422365e-09   -2.067951531383e-25
    55    1.785567497091e-08    0.000000000000e+00
    56    1.504800008666e-07   -4.135903062765e-24
    57    1.176371366201e-06   -6.617444900424e-24
    58    8.331612174420e-06    5.293955920339e-23
    59    7.151836543522e-05   -4.235164736272e-22
    60    6.160917205774e-04    0.000000000000e+00
    61    5.357038639308e-03    5.421010862428e-20
    62    4.906234909731e-02   -2.168404344971e-19
    63    5.423121809033e-01    1.734723475977e-18
