     0    1.182863908576e+01    1.908195823574e-17
     1    5.336046043142e-01   -8.673617379884e-19
     2    5.331478025055e-02    1.897353801850e-19
     3    5.290041577650e-03    0.000000000000e+00
     4    6.715474657698e-04    3.388131789017e-21
     5    9.240685475796e-05    0.000000000000e+00
     6    1.058400050052e-05    0.000000000000e+00
     7    1.290372929599e-06    1.058791184068e-22
     8    1.730905860315e-07    0.000000000000e+00
     9    2.484917918691e-08    4.135903062765e-25
    10    6.048590477173e-09    0.000000000000e+00
    11    1.436215020519e-09    0.000000000000e+00
    12    3.618112955103e-10   -2.423380700839e-26
    13    6.066396194782e-11    4.139942030600e-27
    14    7.218947494336e-12   -3.029225876049e-28
    15    2.332113689113e-12    0.000000000000e+00
    16    2.804013042862e-13   -2.524354896707e-29
    17    9.144600717765e-14    6.310887241768e-30
    18   -3.861598937132e-15    3.944304526105e-31
    19    1.510763582739e-15    4.930380657631e-32
    20    3.526844979248e-16    2.465190328816e-32
    21    1.212142138050e-16   -3.081487911020e-33
    22   -1.005389974995e-16    3.081487911020e-33
    23   -4.713306516600e-18    0.000000000000e+00
    24    4.848010468217e-18    4.814824860968e-34
    25    1.171205966179e-18    4.814824860968e-35
    26   -3.122384554985e-19    4.814824860968e-35
    27   -1.042591312917e-19   -1.203706215242e-35
    28   -1.891017628861e-20    4.513898307158e-36
    29    7.640502802349e-23   -7.523163845263e-37
    30   -4.249574449963e-22   -4.701977403289e-38
    31   -5.227196802043e-23    3.526483052467e-38
    32    3.493166784762e-22    5.877471754111e-39
    33    9.067313756860e-22    0.000000000000e+00
    34    1.863239768286e-21    2.350988701645e-38
    35    4.385026819794e-21    1.410593220987e-37
    36    2.540774152946e-20    2.445028249710e-36
    37    3.788020370612e-21    0.000000000000e+00
    38   -5.000704176689e-20    2.407412430484e-35
    39    2.770707445059e-20    2.407412430484e-35
    40   -3.625467887838e-19    9.629649721936e-35
    41    4.145048029407e-18   -3.851859888774e-34
    42    2.675736437681e-17   -1.540743955510e-33
    43    5.711198194477e-17   -3.081487911020e-33
    44    3.929417945291e-16   -5.546678239835e-32
    45    4.313142167852e-15   -1.972152263053e-31
    46    1.194497252365e-14   -1.972152263053e-31
    47    3.262239351322e-14   -3.155443620884e-30
    48    3.969982001961e-13    3.155443620884e-29
    49    1.917308898402e-12    0.000000000000e+00
    50    1.556618907970e-11   -4.038967834732e-28
    51    4.974546607424e-11   -8.077935669463e-28
    52    2.732292465560e-10    8.077935669463e-27
    53    1.111592840941e-09    1.292469707114e-26
    54    5.941723997815e-09    1.550963648537e-25
    55    4.380496271549e-08    6.203854594148e-25
    56    2.399882726349e-07   -1.654361225106e-24
    57    1.463068543932e-06    6.617444900424e-24
    58    1.009237957245e-05   -1.058791184068e-22
    59    7.512452646386e-05    4.235164736272e-22
    60    6.080700841970e-04    8.470329472543e-22
    61    5.746567966653e-03   -5.082197683526e-20
    62    5.169438757806e-02   -6.776263578034e-21
    63    5.278940593447e-01   -1.084202172486e-18
