     0    1.179593778222e+01   -1.387778780781e-17
     1    5.029965674835e-01   -4.336808689942e-19
     2    4.935553695791e-02   -1.626303258728e-19
     3    5.097636559757e-03    6.776263578034e-21
     4    6.151784081143e-04   -3.388131789017e-21
     5    7.734603203572e-05   -4.235164736272e-22
     6    8.889683488533e-06   -1.323488980085e-23
     7    1.062050624304e-06   -6.617444900424e-24
     8    1.765527203765e-07   -8.271806125530e-25
     9    2.794314716615e-08   -1.240770918830e-24
    10    5.126347603841e-09   -1.033975765691e-25
    11    9.778835642320e-10    0.000000000000e+00
    12    1.069295086737e-10    3.231174267785e-27
    13    3.908355651949e-12    0.000000000000e+00
    14    2.953452715992e-12    0.000000000000e+00
    15    7.505205924888e-13    0.000000000000e+00
    16    4.236732789262e-13   -2.524354896707e-29
    17    5.050312269091e-15    0.000000000000e+00
    18   -1.062115146638e-14    3.944304526105e-31
    19   -2.255797314772e-15   -9.860761315263e-32
    20   -2.118894863632e-16    7.395570986447e-32
    21    2.983595613896e-17    0.000000000000e+00
    22    2.042753188905e-17    6.162975822039e-33
    23    2.100086385460e-18    1.540743955510e-33
    24    3.596682480284e-19    0.000000000000e+00
    25   -5.192557629254e-19    0.000000000000e+00
    26   -1.352992405098e-19    0.000000000000e+00
    27   -3.023878673095e-20    3.009265538105e-36
    28   -1.330943869885e-21    3.761581922631e-37
    29   -4.017670189944e-23    8.228460455756e-38
    30   -2.097468554994e-22    5.877471754111e-39
    31   -7.509335838502e-23   -1.469367938528e-39
    32   -7.623980654293e-23   -8.816207631167e-39
    33   -3.512080916178e-22   -5.877471754111e-39
    34   -2.274671544511e-21    2.350988701645e-38
    35   -5.384237170004e-21   -1.128474576789e-36
    36    4.706022596034e-21   -1.504632769053e-36
    37   -7.389076613056e-20    1.504632769053e-36
    38   -4.279555033474e-19    1.203706215242e-35
    39   -1.359836774078e-18    4.814824860968e-35
    40    2.970304807619e-18   -2.888894916581e-34
    41    6.186656095038e-17    0.000000000000e+00
    42    3.436181916442e-16    0.000000000000e+00
    43    8.350450989889e-16    1.232595164408e-32
    44    1.426247647839e-15    0.000000000000e+00
    45   -1.393658056954e-15    0.000000000000e+00
    46    6.400332734224e-15    3.944304526105e-31
    47   -1.571516143449e-14    2.366582715663e-30
    48    2.845469150362e-13   -1.893266172530e-29
    49    4.779524840666e-13    0.000000000000e+00
    50    7.894712429727e-13   -5.048709793414e-28
    51    3.660480866371e-11    1.211690350419e-27
    52    6.298621053397e-11    2.908056841007e-26
    53    7.573202211425e-10   -2.584939414228e-26
    54    6.751383857877e-09    0.000000000000e+00
    55    4.422757882216e-08    0.000000000000e+00
    56    2.752650789827e-07    3.308722450212e-24
    57    1.608995504849e-06    0.000000000000e+00
    58    1.153910146504e-05    1.058791184068e-22
    59    9.825403134116e-05    4.235164736272e-22
    60    7.794628695596e-04    3.388131789017e-21
    61    6.891136888800e-03   -1.355252715607e-20
    62    5.730546119537e-02    5.421010862428e-20
    63    5.697412809424e-01   -8.673617379884e-19
