     0    1.212602577184e+01   -6.938893903907e-18
     1    5.921360688204e-01    3.469446951954e-18
     2    5.904274583694e-02    1.626303258728e-19
     3    6.500555776132e-03   -5.421010862428e-20
     4    7.891513433632e-04    0.000000000000e+00
     5    1.006705942511e-04    8.470329472543e-22
     6    1.175342341909e-05    2.117582368136e-22
     7    1.227336666419e-06   -1.985233470127e-23
     8    1.868149326537e-07   -4.549493369042e-24
     9    2.741411345276e-08    3.618915179919e-25
    10    4.190201757273e-09   -3.877409121342e-26
    11    8.370000351372e-10    6.462348535571e-27
    12    1.639678143832e-10   -3.231174267785e-27
    13    3.424567867407e-11    4.038967834732e-27
    14    2.562306574252e-12   -5.048709793414e-28
    15   -1.304663808945e-12    1.009741958683e-28
    16    4.097836416626e-13   -5.048709793414e-29
    17    9.943579907221e-14   -6.310887241768e-30
    18   -2.402325567757e-14    1.577721810442e-30
    19   -3.597907768395e-15   -9.860761315263e-31
    20    2.030411776347e-16    0.000000000000e+00
    21   -5.305986757980e-16   -1.725633230171e-31
    22   -1.534606705631e-16   -6.162975822039e-33
    23   -2.669342848095e-17   -3.081487911020e-33
    24   -7.508558702138e-20    3.851859888774e-34
    25   -2.089925351113e-19   -3.851859888774e-34
    26   -3.039743141920e-19    0.000000000000e+00
    27   -3.895233083570e-20   -3.009265538105e-36
    28   -4.398633151590e-21   -1.504632769053e-36
    29    3.691633615421e-21    0.000000000000e+00
    30    3.259243372748e-21    0.000000000000e+00
    31    7.450523564044e-22    1.763241526233e-38
    32    1.702813083442e-22    0.000000000000e+00
    33    4.199147354702e-22    2.938735877056e-38
    34   -8.149054432069e-24    0.000000000000e+00
    35   -4.122991378191e-21    0.000000000000e+00
    36   -1.805392713096e-20   -3.761581922631e-37
    37    4.248348050317e-20   -6.018531076210e-36
    38    3.651379193438e-19    4.513898307158e-36
    39    2.306096611692e-18    0.000000000000e+00
    40    5.117165392141e-18   -2.166671187436e-34
    41    2.466129751016e-19    3.081487911020e-33
    42   -2.613279290232e-17    1.155557966632e-33
    43   -4.477481010688e-17   -1.540743955510e-32
    44    5.429332604820e-16   -9.860761315263e-32
    45    7.154195742459e-17    0.000000000000e+00
    46    5.219063149145e-14    5.916456789158e-31
    47    1.816473175526e-13    3.549874073495e-30
    48    1.597913549743e-13   -1.262177448354e-29
    49    2.577960560521e-13    3.407879110555e-28
    50    1.542814411767e-12   -2.524354896707e-28
    51    1.901688297844e-11    4.846761401678e-27
    52    5.176304283246e-10    2.423380700839e-27
    53    1.545645482275e-09   -6.462348535571e-27
    54    4.992517572647e-09    1.292469707114e-26
    55    4.834401777906e-08    1.033975765691e-24
    56    2.855242499290e-07   -9.926167350636e-24
    57    1.645696883790e-06    2.646977960170e-23
    58    1.183834885399e-05    2.646977960170e-23
    59    1.071815072595e-04    0.000000000000e+00
    60    7.130836851920e-04    0.000000000000e+00
    61    5.473875610389e-03   -1.355252715607e-20
    62    5.213713452988e-02   -5.421010862428e-20
    63    5.367092303250e-01    8.673617379884e-19
