     0    1.157842679670e+01    0.000000000000e+00
     1    5.324958797664e-01   -8.673617379884e-19
     2    5.050938594392e-02   -2.168404344971e-19
     3    4.338872516017e-03    2.710505431214e-20
     4    5.054983044134e-04    1.694065894509e-21
     5    6.912803140878e-05    2.117582368136e-22
     6    9.288781147610e-06   -2.646977960170e-23
     7    1.005939806253e-06    0.000000000000e+00
     8    1.766076787365e-07   -3.308722450212e-24
     9    3.564858553038e-08    3.877409121342e-25
    10    6.668473971686e-09    0.000000000000e+00
    11    8.275244562367e-10    2.584939414228e-26
    12    2.334748904961e-10    6.462348535571e-27
    13    5.837041485573e-11   -1.615587133893e-27
    14    1.090681116663e-11    0.000000000000e+00
    15    7.893385639010e-13   -1.262177448354e-28
    16   -5.292585145487e-14    0.000000000000e+00
    17   -1.379970182035e-14    2.366582715663e-30
    18   -1.298605092455e-14    1.183291357832e-30
    19    4.398634963581e-16   -9.860761315263e-32
    20   -4.226369086949e-16   -4.930380657631e-32
    21   -2.685872160438e-16    2.465190328816e-32
    22   -7.628650635526e-17    9.244463733059e-33
    23   -5.142824958823e-17    3.081487911020e-33
    24   -5.642995963547e-18   -7.703719777549e-34
    25   -7.813733332932e-19    0.000000000000e+00
    26   -1.369421417078e-19    2.407412430484e-35
    27   -1.832492553089e-20    0.000000000000e+00
    28   -3.902103415125e-21    1.504632769053e-36
    29   -1.949193483025e-21    1.880790961316e-37
    30   -4.898551625164e-22    0.000000000000e+00
    31   -6.332197127592e-23   -1.322431144675e-38
    32    7.879971946496e-23   -6.612155723375e-39
    33    1.992427090642e-22    0.000000000000e+00
    34    1.271744476575e-21    1.175494350822e-38
    35    1.182031929760e-20   -4.231779662960e-37
    36    4.348399900402e-20   -3.761581922631e-37
    37    5.802989056961e-20   -3.009265538105e-36
    38    1.188436074277e-19    7.523163845263e-36
    39    9.262873799580e-20   -2.106485876674e-35
    40   -2.206348795269e-18    0.000000000000e+00
    41   -2.380566383628e-17    3.851859888774e-34
    42   -5.030899551962e-17    3.081487911020e-33
    43   -2.756589910039e-16    0.000000000000e+00
    44   -9.042353215305e-16   -9.860761315263e-32
    45   -4.982971841326e-15    0.000000000000e+00
    46   -5.753169693891e-15   -1.577721810442e-30
    47    1.433061505175e-13   -9.466330862652e-30
    48    5.055433394361e-13   -2.524354896707e-29
    49    8.604257265205e-13    7.573064690122e-29
    50    6.338852177538e-13    8.077935669463e-28
    51    1.465129118145e-11    0.000000000000e+00
    52    2.292936424086e-10   -6.462348535571e-27
    53    4.020610344832e-10    1.292469707114e-26
    54    2.222359361572e-09    1.809457589960e-25
    55    2.411619005991e-08    1.033975765691e-24
    56    2.181939322624e-07    9.926167350636e-24
    57    1.461382398716e-06    2.646977960170e-23
    58    1.178143972150e-05    7.940933880509e-23
    59    9.339743086728e-05    2.117582368136e-22
    60    6.927491768766e-04    8.470329472543e-22
    61    5.790652635337e-03   -1.016439536705e-20
    62    5.189851513779e-02    0.000000000000e+00
    63    5.382728317433e-01    1.734723475977e-18
