     0    1.186718710600e+01   -6.938893903907e-18
     1    5.379250970549e-01    2.168404344971e-19
     2    5.096241255521e-02    1.355252715607e-20
     3    5.607615373498e-03    6.776263578034e-21
     4    6.202843622317e-04    0.000000000000e+00
     5    6.704667976761e-05   -4.235164736272e-22
     6    6.171835245493e-06    7.940933880509e-23
     7    5.941474648879e-07    0.000000000000e+00
     8    8.967101301170e-08   -3.308722450212e-24
     9    2.025343536010e-08    4.135903062765e-25
    10    3.389571720945e-09    0.000000000000e+00
    11    7.896542165415e-10   -1.938704560671e-26
    12    1.417309148618e-10    0.000000000000e+00
    13    2.006681393627e-11    0.000000000000e+00
    14    7.901553910786e-13    2.019483917366e-28
    15   -1.787663796575e-12    5.048709793414e-29
    16   -5.765731350609e-13    3.786532345061e-29
    17    1.006543948683e-13   -1.419949629398e-29
    18    7.423485245380e-14   -4.733165431326e-30
    19    1.385094659424e-14   -7.888609052210e-31
    20    4.289575101094e-15   -4.930380657631e-31
    21    1.020194401275e-15    2.465190328816e-32
    22    1.246916543263e-16    2.465190328816e-32
    23   -2.934872748438e-18    0.000000000000e+00
    24   -1.152584710104e-17    0.000000000000e+00
    25   -1.992044953621e-18    4.333342374871e-34
    26   -4.372283745601e-20   -3.009265538105e-36
    27    6.033835826873e-20    2.068870057447e-36
    28    7.335701798084e-21    2.821186441973e-37
    29    3.895449612131e-21    2.586087571809e-37
    30    5.176047876573e-22   -8.816207631167e-38
    31    3.616765030150e-22    1.469367938528e-38
    32    5.685665683069e-22    2.350988701645e-38
    33    4.511858500227e-22   -4.701977403289e-38
    34   -1.149617413946e-21   -9.403954806578e-38
    35    7.367978502190e-21    3.761581922631e-37
    36    6.201370155744e-20   -4.513898307158e-36
    37    2.903666123795e-19    6.018531076210e-36
    38    7.530925906989e-19    3.611118645726e-35
    39    1.520689009713e-18    2.407412430484e-35
    40    3.528199744749e-18    0.000000000000e+00
    41    1.261213394928e-17    0.000000000000e+00
    42   -1.047476782786e-17   -1.232595164408e-32
    43    4.540006448610e-17    1.232595164408e-32
    44    1.202236026726e-15   -9.860761315263e-32
    45    3.401252789032e-15    6.902532920684e-31
    46    7.007680870010e-15    3.944304526105e-31
    47    5.698532289809e-14    0.000000000000e+00
    48    2.285998767570e-14    6.310887241768e-30
    49    6.787248308280e-13   -8.835242138475e-29
    50    1.909593366953e-12   -2.524354896707e-29
    51    3.480047180185e-11   -1.615587133893e-27
    52    3.698608964856e-10    1.938704560671e-26
    53    2.180096677249e-09   -6.462348535571e-26
    54    7.547727906075e-09   -2.067951531383e-25
    55    5.350759052416e-08    0.000000000000e+00
    56    3.329994451134e-07    0.000000000000e+00
    57    2.190359511354e-06    4.632211430297e-23
    58    8.119595339579e-06   -1.058791184068e-22
    59    7.202822054250e-05   -4.235164736272e-22
    60    5.908389945653e-04    8.470329472543e-22
    61    6.073315057592e-03    2.710505431214e-20
    62    5.700470634396e-02    1.084202172486e-19
    63    6.091040933411e-01   -1.734723475977e-18
