     0    1.183179457029e+01   -6.938893903907e-18
     1    5.331425124468e-01    8.673617379884e-19
     2    5.439570566459e-02    0.000000000000e+00
     3    5.166849410758e-03    2.710505431214e-20
     4    5.052290533345e-04   -6.776263578034e-21
     5    7.892623922893e-05    0.000000000000e+00
     6    9.631453431867e-06    0.000000000000e+00
     7    1.520867487071e-06    1.323488980085e-23
     8    2.398317912605e-07    6.617444900424e-24
     9    7.550911624994e-08    2.481541837659e-24
    10    1.807157213012e-08   -2.067951531383e-25
    11    4.220861939688e-09   -2.584939414228e-26
    12    5.997033813932e-10    1.292469707114e-26
    13    7.199518986390e-11    3.231174267785e-27
    14   -7.735333085503e-13   -1.211690350419e-27
    15    1.325779539011e-12   -2.019483917366e-28
    16    2.572923276709e-13   -1.262177448354e-29
    17   -1.378348015648e-14    6.310887241768e-30
    18    1.475654435674e-15    7.888609052210e-31
    19    2.699714331158e-15    0.000000000000e+00
    20    1.077578411411e-15    0.000000000000e+00
    21    1.349516023704e-16    0.000000000000e+00
    22   -7.187147836263e-18    3.081487911020e-33
    23    2.975224517706e-18    0.000000000000e+00
    24    1.338248126298e-18    0.000000000000e+00
    25    1.767932758660e-18    0.000000000000e+00
    26    2.252902090990e-19    1.354169492147e-35
    27    4.978659390914e-20    0.000000000000e+00
    28    1.937873137683e-20    0.000000000000e+00
    29    1.803816437318e-21    1.880790961316e-37
    30    9.559760384388e-23    3.820356640172e-38
    31    6.859087867920e-23    2.938735877056e-39
    32    1.404427331590e-22    5.877471754111e-39
    33   -7.908339003555e-23    0.000000000000e+00
    34   -5.135620050357e-22    9.403954806578e-38
    35   -2.645480657619e-21    1.880790961316e-37
    36   -6.651762300502e-21    1.504632769053e-36
    37    1.598567794715e-20   -6.018531076210e-36
    38   -8.924710297128e-21    6.018531076210e-36
    39    1.856482644034e-19    6.018531076210e-36
    40   -1.342784204220e-19    4.814824860968e-35
    41   -6.768349356155e-18   -9.629649721936e-34
    42    2.118507638506e-17    6.162975822039e-33
    43    1.261644540226e-16   -2.465190328816e-32
    44    8.108695443524e-16    2.465190328816e-32
    45    4.376905000296e-15   -9.860761315263e-32
    46    9.577983973621e-15   -1.577721810442e-30
    47    1.616644781615e-14    0.000000000000e+00
    48   -5.962028540138e-14    0.000000000000e+00
    49   -7.126024337000e-13    0.000000000000e+00
    50   -4.115194056725e-12   -2.019483917366e-28
    51    7.438423252678e-12   -4.038967834732e-28
    52    4.476970206001e-11    3.231174267785e-27
    53    6.978055502840e-10    2.584939414228e-26
    54    2.157667062931e-09   -1.033975765691e-25
    55    2.708598519711e-08    1.654361225106e-24
    56    2.045809346171e-07   -3.308722450212e-24
    57    1.301255900985e-06   -2.646977960170e-23
    58    1.161720549779e-05   -2.117582368136e-22
    59    1.014632116875e-04    1.694065894509e-21
    60    7.896359732566e-04   -1.694065894509e-21
    61    5.545769991702e-03    0.000000000000e+00
    62    4.783260079737e-02    2.168404344971e-19
    63    5.515900295023e-01    0.000000000000e+00
