     0    1.192470243359e+01   -3.469446951954e-18
     1    5.822651742130e-01    1.734723475977e-18
     2    5.315880745185e-02    0.000000000000e+00
     3    5.493304926282e-03   -1.863472483959e-20
     4    5.985499136010e-04    0.000000000000e+00
     5    6.640286261451e-05    0.000000000000e+00
     6    1.028482506341e-05   -1.058791184068e-22
     7    1.761726614632e-06    0.000000000000e+00
     8    2.717812427448e-07   -1.654361225106e-24
     9    4.518394481216e-08    0.000000000000e+00
    10    6.725342332134e-09    4.135903062765e-25
    11    1.739488763532e-09    2.584939414228e-26
    12    3.773347627967e-10    0.000000000000e+00
    13    6.950546493473e-11   -1.615587133893e-27
    14    3.219076380734e-12   -2.019483917366e-28
    15   -4.895445574023e-13   -5.048709793414e-29
    16    9.932818540817e-14   -3.155443620884e-29
    17   -1.227542899471e-13    0.000000000000e+00
    18   -5.226396153047e-15   -2.366582715663e-30
    19   -4.333330502789e-15   -1.972152263053e-31
    20   -3.192919823085e-15    1.972152263053e-31
    21   -3.116535602761e-16   -2.465190328816e-32
    22   -6.949822085746e-17   -9.244463733059e-33
    23   -1.684207181020e-18   -1.925929944387e-34
    24    1.490034620917e-18    0.000000000000e+00
    25   -2.031800348137e-19   -1.203706215242e-35
    26   -1.445085597025e-19    3.009265538105e-36
    27   -2.084290419088e-20    2.256949153579e-36
    28   -3.322218962336e-21    0.000000000000e+00
    29   -1.247465408964e-21    3.526483052467e-38
    30   -1.481628878793e-22    1.175494350822e-38
    31   -5.489123035060e-23   -3.673419846320e-39
    32   -5.301715965841e-23    0.000000000000e+00
    33   -9.511070005963e-23    4.408103815584e-39
    34    1.207752335085e-22    5.877471754111e-39
    35    4.493786056163e-21    2.350988701645e-38
    36    1.232705262843e-20    0.000000000000e+00
    37   -1.323293762279e-20   -3.009265538105e-36
    38   -1.947640630975e-19   -3.009265538105e-35
    39   -4.897464061692e-19    0.000000000000e+00
    40   -1.957891885782e-18    0.000000000000e+00
    41    1.211691459179e-17    1.925929944387e-34
    42    5.558182226984e-17   -3.081487911020e-33
    43    6.194432890844e-18   -6.162975822039e-33
    44    2.669676715879e-15    1.972152263053e-31
    45    3.741603306530e-15   -1.479114197289e-31
    46    4.045470883174e-14   -1.577721810442e-30
    47    1.993520735933e-13    0.000000000000e+00
    48    1.000811509135e-12   -4.733165431326e-30
    49    2.457282149818e-12    1.893266172530e-29
    50    1.313639166342e-11    4.038967834732e-28
    51    8.536562046630e-11   -6.058451752097e-28
    52    6.458968868832e-10   -2.584939414228e-26
    53    3.203347093207e-09    1.033975765691e-25
    54    8.392188803449e-09   -4.652890945611e-25
    55    2.590358550471e-08    2.067951531383e-24
    56    1.665890355929e-07    4.963083675318e-24
    57    1.039262068120e-06    0.000000000000e+00
    58    1.090573827080e-05   -7.940933880509e-23
    59    8.432443637686e-05    0.000000000000e+00
    60    6.641895888706e-04    1.270549420881e-21
    61    6.280878688377e-03    4.065758146821e-20
    62    5.358459152458e-02   -2.168404344971e-19
    63    5.349449919317e-01    8.673617379884e-19
