     0    1.163290262070e+01   -3.469446951954e-18
     1    5.130131691373e-01    0.000000000000e+00
     2    4.686006847237e-02   -2.168404344971e-19
     3    4.780140255616e-03    2.710505431214e-20
     4    5.666247403540e-04    3.388131789017e-21
     5    6.738768592631e-05   -4.235164736272e-22
     6    1.015902616226e-05    0.000000000000e+00
     7    1.987595351058e-06    1.985233470127e-23
     8    4.278954200538e-07   -8.271806125530e-24
     9    8.786771290834e-08    2.067951531383e-25
    10    2.103222022170e-08   -1.809457589960e-25
    11    2.574434679866e-09    1.292469707114e-26
    12    2.638064954405e-10    0.000000000000e+00
    13    3.803227938808e-11    0.000000000000e+00
    14    1.903543861465e-11    7.068193710780e-28
    15    2.362119054982e-12   -1.767048427695e-28
    16    7.199914775125e-13    0.000000000000e+00
    17    2.724678876866e-13   -2.524354896707e-29
    18    6.665047225641e-14   -1.893266172530e-29
    19    3.887741177954e-15   -3.944304526105e-31
    20   -7.218088866450e-16    4.930380657631e-32
    21    3.944008191737e-17    1.848892746612e-32
    22    4.539910170075e-17   -6.162975822039e-33
    23    1.729608734046e-18   -1.155557966632e-33
    24    6.580306381314e-18    1.925929944387e-34
    25    1.190466999536e-18    4.814824860968e-35
    26   -2.946473162680e-20    0.000000000000e+00
    27    1.679402666312e-20    6.018531076210e-36
    28    2.610627308697e-21    0.000000000000e+00
    29   -1.060167569764e-21   -1.504632769053e-36
    30   -5.019895172827e-22    3.761581922631e-37
    31   -5.430720815672e-22    2.350988701645e-38
    32   -2.538661978923e-22    1.175494350822e-38
    33    5.165186239210e-23   -2.350988701645e-38
    34    1.384873265716e-21    2.350988701645e-38
    35    1.144752902332e-21    0.000000000000e+00
    36   -8.893259487031e-21    0.000000000000e+00
    37   -7.098124185637e-20    2.445028249710e-36
    38   -1.128404250892e-19   -3.009265538105e-36
    39   -1.980975023423e-19    1.203706215242e-35
    40    5.133844560220e-18    0.000000000000e+00
    41    5.316814553777e-17    6.740754805355e-33
    42    3.257592074837e-16    4.622231866529e-33
    43    2.180060101940e-16   -1.848892746612e-32
    44    1.891130662706e-15    0.000000000000e+00
    45    1.201856800298e-14   -1.577721810442e-30
    46    5.433267050047e-14   -7.888609052210e-30
    47    3.930143343571e-13   -2.524354896707e-29
    48    1.370728927177e-12   -2.903008131213e-28
    49    1.261400216432e-12   -1.211690350419e-27
    50   -2.878347016454e-12    1.615587133893e-27
    51    3.005416605799e-11    1.332859385461e-26
    52   -7.965856283140e-11   -3.877409121342e-26
    53   -1.741969429531e-10   -1.033975765691e-25
    54   -7.623433103558e-10   -1.033975765691e-25
    55    3.156869948644e-08    2.895132143936e-24
    56    2.921589299062e-07   -6.617444900424e-24
    57    1.818262053980e-06    1.323488980085e-23
    58    1.182680551633e-05    4.235164736272e-22
    59    9.978059522479e-05    6.352747104407e-22
    60    7.339115883144e-04    2.117582368136e-22
    61    6.299059892711e-03   -1.694065894509e-20
    62    6.054233689205e-02   -5.421010862428e-20
    63    5.466132402736e-01   -1.734723475977e-18
