     0    1.112954721186e+01   -1.214306433184e-17
     1    5.381489357975e-01   -1.734723475977e-18
     2    4.606006568910e-02    2.032879073410e-19
     3    4.922666748207e-03   -1.355252715607e-20
     4    5.426622103762e-04    5.082197683526e-21
     5    7.132456116189e-05   -4.764560328305e-22
     6    1.139479554797e-05    1.588186776102e-22
     7    1.668480796891e-06    1.985233470127e-23
     8    2.459183733866e-07    4.963083675318e-24
     9    3.862489594024e-08   -8.271806125530e-25
    10    7.043218042064e-09    4.135903062765e-25
    11    8.208448536186e-10    1.163222736403e-25
    12    1.622739840523e-10   -1.292469707114e-26
    13    8.536753160393e-12    4.038967834732e-28
    14   -2.656843274393e-12    0.000000000000e+00
    15   -7.489060623259e-13    1.009741958683e-28
    16    1.082768592599e-13    0.000000000000e+00
    17    4.189431354462e-14   -1.262177448354e-29
    18    5.951544184472e-15   -7.888609052210e-31
    19    3.118846087116e-15   -6.902532920684e-31
    20    8.013266878445e-16   -9.860761315263e-32
    21    1.175776365470e-16    0.000000000000e+00
    22    8.482033889419e-20    2.311115933265e-33
    23    8.297712306062e-18    3.851859888774e-34
    24    3.120239716431e-18   -1.925929944387e-34
    25    9.836559183296e-20    7.222237291452e-35
    26   -7.144323198333e-20    0.000000000000e+00
    27   -4.526515932654e-21    1.504632769053e-36
    28   -7.860966900458e-22    9.403954806578e-38
    29    1.973513996683e-21   -2.821186441973e-37
    30    8.377530640084e-22    9.403954806578e-38
    31    1.809549997134e-22    0.000000000000e+00
    32    9.034395024321e-23   -1.175494350822e-38
    33   -4.122234366188e-22    0.000000000000e+00
    34   -9.926596929974e-22    0.000000000000e+00
    35    4.035622980251e-22   -1.880790961316e-37
    36    7.149249256522e-21    5.642372883947e-37
    37    1.265159752592e-20    0.000000000000e+00
    38    8.964234025966e-20    0.000000000000e+00
    39    1.467730572383e-18    7.222237291452e-35
    40   -1.162596768837e-19   -9.629649721936e-35
    41    1.056678290972e-17   -3.851859888774e-34
    42    4.563405582217e-17   -6.162975822039e-33
    43    1.094015256398e-16    0.000000000000e+00
    44    2.160770687536e-15    4.930380657631e-32
    45   -6.262114765112e-17    0.000000000000e+00
    46    3.702656259239e-15    0.000000000000e+00
    47    3.762248220567e-14    3.155443620884e-30
    48    5.847146634929e-13    2.524354896707e-29
    49    1.866616317911e-12    0.000000000000e+00
    50    8.794221345128e-12   -1.009741958683e-28
    51    1.884424849217e-11   -8.077935669463e-28
    52    6.045396790194e-11   -2.827277484312e-27
    53    4.505949823967e-10   -1.938704560671e-26
    54    4.159975505901e-09   -6.462348535571e-26
    55    3.315961009746e-08   -2.067951531383e-25
    56    2.166131653520e-07    3.308722450212e-24
    57    1.490589175208e-06    0.000000000000e+00
    58    1.226935028899e-05    2.117582368136e-22
    59    8.003108911909e-05    0.000000000000e+00
    60    5.785941385358e-04    6.776263578034e-21
    61    4.899053086686e-03   -1.355252715607e-20
    62    4.624805898096e-02    1.084202172486e-19
    63    4.737941291805e-01   -1.734723475977e-18
