     0    1.167268021595e+01   -1.994931997373e-17
     1    5.032568722969e-01    8.673617379884e-19
     2    4.830076998740e-02    1.084202172486e-19
     3    5.034428674850e-03    3.388131789017e-20
     4    5.090260945545e-04    2.541098841763e-21
     5    7.329985645033e-05    1.349958759687e-21
     6    1.093201466561e-05    0.000000000000e+00
     7    1.956528851927e-06    2.316105715148e-23
     8    2.328891361994e-07   -3.308722450212e-24
     9    3.187766770279e-08    0.000000000000e+00
    10    3.855868729980e-09    2.067951531383e-25
    11    5.982211873622e-10    0.000000000000e+00
    12    8.259005559722e-11    6.462348535571e-27
    13    1.574944054525e-11    4.038967834732e-28
    14    5.856771015795e-12   -2.019483917366e-28
    15    4.955258596901e-13    0.000000000000e+00
    16   -6.500007520137e-14    2.524354896707e-29
    17    4.961253948410e-15    6.310887241768e-30
    18   -1.096727329084e-14    1.577721810442e-30
    19   -7.320211794365e-16   -3.944304526105e-31
    20    2.871478517764e-16    4.930380657631e-32
    21    2.989150820417e-17    1.232595164408e-32
    22   -2.773658103778e-17    7.703719777549e-33
    23   -8.761324935960e-18   -1.348150961071e-33
    24   -2.223311215668e-18   -4.814824860968e-35
    25   -8.591610109855e-19   -6.018531076210e-36
    26   -1.324759811037e-19    0.000000000000e+00
    27   -1.481290235017e-20    0.000000000000e+00
    28   -2.567717624366e-21    1.880790961316e-37
    29   -6.104587910846e-22   -9.403954806578e-38
    30   -2.587747650005e-22   -3.526483052467e-38
    31   -1.280493738265e-22    2.350988701645e-38
    32   -5.362773661662e-23   -5.877471754111e-39
    33    2.241573461168e-23   -5.877471754111e-39
    34    8.142863501905e-24   -1.175494350822e-38
    35   -2.421225032373e-21    1.880790961316e-37
    36   -2.432503342007e-21    9.403954806578e-38
    37   -3.567399990690e-20    7.523163845263e-37
    38   -1.354716852053e-19   -9.027796614315e-36
    39   -5.891075980269e-19    0.000000000000e+00
    40   -3.300390405366e-19   -9.629649721936e-35
    41    1.766439555748e-19    7.703719777549e-34
    42   -1.326012246262e-17    3.081487911020e-33
    43   -2.933886241134e-16   -6.162975822039e-33
    44   -1.538087058713e-16   -7.087422195345e-32
    45   -1.000928827461e-15   -2.958228394579e-31
    46    4.228990239109e-15    7.888609052210e-31
    47    4.659795018298e-14   -3.155443620884e-30
    48    4.011994303845e-14   -6.310887241768e-29
    49    1.130576264168e-12    1.009741958683e-28
    50    7.324505351653e-12    2.019483917366e-28
    51    1.695857284993e-11   -1.615587133893e-27
    52    1.757486809572e-10   -6.462348535571e-27
    53    1.805113585984e-09   -2.584939414228e-26
    54    9.900389783682e-09   -2.067951531383e-25
    55    7.436008856336e-08    1.654361225106e-24
    56    4.302693806660e-07    0.000000000000e+00
    57    2.344217111603e-06   -5.293955920339e-23
    58    1.324633375331e-05    1.058791184068e-22
    59    9.352616678349e-05    0.000000000000e+00
    60    6.350992240897e-04   -3.388131789017e-21
    61    5.885944169935e-03   -6.776263578034e-21
    62    5.536984811695e-02   -1.084202172486e-19
    63    5.300113086361e-01   -1.734723475977e-18
