     0    1.151535458334e+01    6.938893903907e-18
     1    5.329484797540e-01    1.084202172486e-18
     2    5.106530354370e-02    1.084202172486e-19
     3    5.151032041931e-03   -2.710505431214e-20
     4    5.999807111782e-04   -2.541098841763e-21
     5    8.405119260250e-05    1.482307657695e-21
     6    1.286739633354e-05   -5.293955920339e-23
     7    1.858165669550e-06    1.323488980085e-23
     8    3.240898774847e-07    0.000000000000e+00
     9    3.821198357114e-08    4.135903062765e-25
    10    4.541188676589e-09   -5.169878828456e-26
    11    8.558736610869e-10    0.000000000000e+00
    12    1.081074166966e-10    4.846761401678e-27
    13    1.157880116657e-11   -1.211690350419e-27
    14    1.071647448162e-12   -2.019483917366e-28
    15    4.511425200970e-13    3.786532345061e-29
    16    7.383692576476e-14    6.310887241768e-30
    17   -7.169163015558e-14   -1.577721810442e-30
    18   -1.031365382144e-14    3.944304526105e-31
    19    2.824593216943e-16   -2.958228394579e-31
    20    7.461413514190e-16    4.930380657631e-32
    21    1.338222418983e-16    2.465190328816e-32
    22    3.209948476745e-17    7.703719777549e-33
    23    3.806156008182e-18   -7.703719777549e-34
    24    1.407371096905e-20   -4.814824860968e-35
    25    3.205666391522e-19   -7.222237291452e-35
    26    6.258446051834e-20    1.805559322863e-35
    27    4.706682633445e-20    1.504632769053e-36
    28    2.069236320883e-21   -1.128474576789e-36
    29   -7.593052437615e-21    6.582768364605e-37
    30   -2.194408069875e-21    1.175494350822e-38
    31   -1.419903989217e-22   -1.469367938528e-38
    32    9.422003721732e-23    2.938735877056e-39
    33    4.732645637092e-23    5.877471754111e-39
    34    4.862155012169e-23    5.877471754111e-39
    35    1.156571136645e-21    0.000000000000e+00
    36   -4.747133651585e-22   -7.523163845263e-37
    37   -2.263495422295e-20    6.018531076210e-36
    38   -1.415092861098e-19    0.000000000000e+00
    39   -2.293056144406e-19    4.814824860968e-35
    40   -3.806828787045e-18   -5.777789833162e-34
    41   -9.794356668168e-18    1.540743955510e-33
    42    5.881812187066e-18    9.629649721936e-33
    43    2.726316258329e-16    1.540743955510e-32
    44    1.130243402363e-15   -2.465190328816e-32
    45    5.690990771318e-15    2.465190328816e-31
    46    2.936571421331e-14    1.577721810442e-30
    47    1.521299415158e-13    0.000000000000e+00
    48    1.000187149393e-12    3.786532345061e-29
    49    3.701711313811e-12    1.009741958683e-28
    50    9.021670933230e-12    4.038967834732e-28
    51    3.304966830330e-11    0.000000000000e+00
    52    3.116365509545e-10    6.462348535571e-27
    53    1.644615019405e-09   -1.292469707114e-26
    54    7.837288965192e-09   -1.550963648537e-25
    55    4.410307948768e-08    1.033975765691e-24
    56    2.289889687711e-07   -5.376673981595e-24
    57    1.404024866581e-06   -4.963083675318e-24
    58    1.007387266866e-05   -3.705769144238e-22
    59    7.403337809372e-05   -3.176373552204e-22
    60    6.898541471726e-04   -1.016439536705e-20
    61    5.635984632237e-03    2.710505431214e-20
    62    5.114303932336e-02    0.000000000000e+00
    63    5.203714322604e-01    0.000000000000e+00
