     0    1.158408033340e+01    3.469446951954e-18
     1    5.036512636385e-01    0.000000000000e+00
     2    4.653778426757e-02    1.084202172486e-19
     3    4.770657108054e-03   -3.388131789017e-21
     4    6.147930271704e-04   -1.694065894509e-21
     5    6.521097866686e-05    0.000000000000e+00
     6    8.570096296170e-06    2.646977960170e-23
     7    1.521973701641e-06    0.000000000000e+00
     8    2.045502992494e-07    1.654361225106e-24
     9    3.079577246744e-08    2.067951531383e-25
    10    4.729176871850e-09   -7.754818242685e-26
    11    7.197298236593e-10    0.000000000000e+00
    12    1.841957334145e-10    0.000000000000e+00
    13    2.301455735396e-11    3.231174267785e-27
    14    6.213743128097e-12    0.000000000000e+00
    15    1.589630155350e-12    0.000000000000e+00
    16    2.370498253570e-13    0.000000000000e+00
    17    6.668866036109e-14   -1.577721810442e-30
    18    1.333317732550e-14   -7.888609052210e-31
    19    3.716251870997e-15   -1.972152263053e-31
    20    8.224536188483e-16   -4.930380657631e-32
    21    1.221175996823e-16    6.162975822039e-33
    22    3.344142845559e-17    4.622231866529e-33
    23    1.507028268224e-18   -1.925929944387e-34
    24   -1.241003129204e-18   -9.629649721936e-35
    25   -2.152372965265e-19   -1.203706215242e-35
    26   -7.804503489370e-20    1.203706215242e-35
    27   -2.080615179129e-20    1.504632769053e-36
    28   -3.160717712582e-21    0.000000000000e+00
    29   -4.011223069633e-22   -9.403954806578e-38
    30   -2.183836187192e-22    2.350988701645e-38
    31   -4.258783926444e-24    1.175494350822e-38
    32    2.195103630164e-23    2.938735877056e-39
    33    7.103212029329e-23   -1.175494350822e-38
    34    5.510818903757e-22    4.701977403289e-38
    35    1.326451268594e-22    0.000000000000e+00
    36   -3.632408720876e-21    0.000000000000e+00
    37   -1.069443855191e-20    0.000000000000e+00
    38    1.256370850234e-20    0.000000000000e+00
    39    8.545564881751e-20    0.000000000000e+00
    40    1.566010371905e-18    0.000000000000e+00
    41    1.197098002993e-17   -1.925929944387e-34
    42    5.824140638218e-18    3.081487911020e-33
    43   -8.664360732861e-17    0.000000000000e+00
    44    1.617439437268e-16    6.162975822039e-33
    45   -6.356101156454e-16    0.000000000000e+00
    46   -1.561434943690e-16   -1.972152263053e-31
    47    1.622191610056e-14    0.000000000000e+00
    48    1.375188073327e-13   -6.310887241768e-30
    49    9.630562663115e-13   -2.524354896707e-29
    50    6.199025705942e-12   -6.058451752097e-28
    51    3.799270138440e-11    2.019483917366e-28
    52    1.871834784268e-10    3.231174267785e-27
    53    7.550420087979e-10   -1.292469707114e-26
    54    3.346342129238e-09    0.000000000000e+00
    55    3.357512833247e-08    0.000000000000e+00
    56    1.823688452638e-07    3.308722450212e-24
    57    1.323928773729e-06   -1.323488980085e-23
    58    1.149842489495e-05   -3.970466940255e-23
    59    7.847247310597e-05   -4.235164736272e-22
    60    5.719242479112e-04   -4.235164736272e-21
    61    5.727424054336e-03    1.355252715607e-20
    62    5.208578445120e-02   -2.710505431214e-20
    63    5.231554295615e-01   -2.168404344971e-19
