     0    1.177391704913e+01    0.000000000000e+00
     1    5.543453262107e-01    1.734723475977e-18
     2    5.819887176567e-02   -9.486769009248e-20
     3    6.451266216197e-03   -6.776263578034e-21
     4    7.590613505867e-04    2.541098841763e-21
     5    1.131799322650e-04    2.541098841763e-21
     6    1.713328098941e-05    1.058791184068e-22
     7    2.361129814662e-06    3.308722450212e-24
     8    4.132871169279e-07   -6.617444900424e-24
     9    6.720579207687e-08   -2.895132143936e-24
    10    1.517632714727e-08   -1.033975765691e-25
    11    3.170880074652e-09    0.000000000000e+00
    12    4.059067457432e-10   -3.231174267785e-27
    13    2.125426939777e-11    0.000000000000e+00
    14   -4.727779736596e-12    0.000000000000e+00
    15   -1.288313953913e-12    0.000000000000e+00
    16   -4.307812353832e-13    3.470987982972e-29
    17    2.279192348540e-14    1.972152263053e-30
    18    8.939228473491e-15    0.000000000000e+00
    19    6.624505094399e-16    4.807121141191e-31
    20    2.138248568669e-16   -6.162975822039e-32
    21    1.415061761683e-16   -2.465190328816e-32
    22   -1.319516450419e-17   -3.081487911020e-33
    23    1.054828360383e-17   -3.851859888774e-34
    24    1.499423669427e-18    2.648153673532e-34
    25   -3.665285619460e-20    2.407412430484e-35
    26    1.136762079057e-19    7.523163845263e-37
    27    3.020164121251e-20    7.523163845263e-37
    28    6.057800867567e-21    1.880790961316e-37
    29    6.885087473194e-23    2.350988701645e-38
    30    3.129898888618e-22    0.000000000000e+00
    31    1.476314427516e-22   -7.346839692639e-40
    32   -6.807801351047e-23   -4.224432823268e-39
    33   -1.348729005432e-22   -1.138760152359e-38
    34    6.414257740809e-23   -1.175494350822e-38
    35   -8.648761244698e-23    4.701977403289e-38
    36    2.070784276400e-22    1.175494350822e-38
    37    8.495806592369e-21   -1.880790961316e-37
    38   -5.864363178285e-21   -1.504632769053e-36
    39   -1.342611765929e-19   -1.278937853695e-35
    40   -2.318173266957e-19   -3.611118645726e-35
    41   -2.166121670855e-18   -4.814824860968e-34
    42   -2.061948258246e-17   -3.851859888774e-33
    43   -5.494457309603e-17    0.000000000000e+00
    44   -8.615456993676e-18   -1.232595164408e-32
    45   -1.315210637449e-15    9.860761315263e-32
    46   -7.971637146258e-15   -9.860761315263e-32
    47   -3.561877069543e-14    3.155443620884e-30
    48   -8.201707814927e-14    1.262177448354e-29
    49   -5.100178485523e-13   -5.048709793414e-29
    50    1.932280076084e-12   -1.514612938024e-28
    51    3.134978434032e-11    4.038967834732e-28
    52    1.837903046589e-10   -6.462348535571e-27
    53    9.845032396585e-10   -1.292469707114e-26
    54    4.506316296906e-09    2.584939414228e-26
    55    3.133830674095e-08    0.000000000000e+00
    56    1.686846026911e-07   -8.271806125530e-25
    57    1.524458272428e-06    4.963083675318e-24
    58    1.383674001710e-05   -5.293955920339e-23
    59    8.273833915721e-05   -3.176373552204e-22
    60    5.745694784350e-04    0.000000000000e+00
    61    4.498272196437e-03   -6.776263578034e-21
    62    4.649214141952e-02   -1.084202172486e-19
    63    5.101333321738e-01    0.000000000000e+00
