     0    1.117135878834e+01   -8.673617379884e-18
     1    5.060486113575e-01   -2.168404344971e-19
     2    4.927868189376e-02   -8.131516293641e-20
     3    5.030375334196e-03   -6.776263578034e-21
     4    5.849912754300e-04   -1.694065894509e-21
     5    6.884400383436e-05    8.470329472543e-22
     6    6.537298888988e-06    0.000000000000e+00
     7    8.068033085339e-07    1.323488980085e-23
     8    1.364819948288e-07   -1.240770918830e-24
     9    2.198725882549e-08    4.135903062765e-25
    10    4.638684624471e-09   -1.292469707114e-26
    11    1.311629676359e-09    1.098599251047e-25
    12    3.327220768352e-10   -1.292469707114e-26
    13    4.216453151528e-11   -3.231174267785e-27
    14    5.270118401825e-12   -1.615587133893e-27
    15    8.008288264787e-13   -5.048709793414e-29
    16    3.646965035231e-13    6.310887241768e-29
    17    7.751283253924e-14   -4.733165431326e-30
    18    7.000989030268e-15    0.000000000000e+00
    19    1.003097289650e-15    1.232595164408e-32
    20   -1.183526635251e-16   -1.232595164408e-32
    21    2.277383794477e-17   -9.244463733059e-33
    22    2.812326589781e-17    1.155557966632e-33
    23    8.678021732510e-18    2.311115933265e-33
    24    1.556763544626e-18    1.925929944387e-34
    25    3.050961818279e-19    2.407412430484e-35
    26    2.673039499464e-20   -3.009265538105e-36
    27   -4.716898427303e-20   -1.504632769053e-36
    28   -1.411223275207e-20    0.000000000000e+00
    29   -4.580436999369e-21    1.880790961316e-37
    30   -7.931312102121e-22    5.289724578700e-38
    31   -2.245049100874e-22    8.816207631167e-39
    32   -2.792480698019e-23   -3.122406869372e-39
    33   -1.437542278066e-23   -3.673419846320e-40
    34    4.701027675764e-23   -5.877471754111e-39
    35    1.598695861096e-22    9.403954806578e-38
    36    1.106197697274e-21    3.291384182302e-37
    37    1.510748302794e-20    1.128474576789e-36
    38    7.227924384973e-20   -3.009265538105e-36
    39   -1.057305825746e-20    0.000000000000e+00
    40   -7.992687111033e-19    9.629649721936e-35
    41   -1.909212833899e-18   -1.444447458290e-34
    42   -2.078140885818e-18    3.851859888774e-34
    43    1.449664507867e-17    0.000000000000e+00
    44    7.455831913163e-17   -9.244463733059e-33
    45    1.076646006288e-15    0.000000000000e+00
    46   -1.515498491700e-15    0.000000000000e+00
    47    1.481271896792e-14    1.577721810442e-30
    48    5.993136018197e-14    0.000000000000e+00
    49    1.392207798497e-13   -2.524354896707e-29
    50    2.968622216678e-12   -1.009741958683e-28
    51    1.009975901721e-11   -6.058451752097e-28
    52    1.212259431081e-10   -2.019483917366e-28
    53    8.413196740739e-10   -1.292469707114e-26
    54    3.683953531432e-09    0.000000000000e+00
    55    1.329176816210e-08    0.000000000000e+00
    56    9.472791836194e-08    2.067951531383e-25
    57    7.367941118456e-07    1.075334796319e-23
    58    6.822955901690e-06    7.940933880509e-23
    59    5.809212806787e-05    2.117582368136e-22
    60    4.601274036131e-04    0.000000000000e+00
    61    4.608927702919e-03    0.000000000000e+00
    62    4.968600376724e-02   -1.084202172486e-19
    63    5.001805065243e-01    8.673617379884e-19
