     0    1.167730279084e+01   -6.938893903907e-18
     1    5.236827524259e-01    8.673617379884e-19
     2    4.952425336379e-02   -5.421010862428e-20
     3    6.152441196490e-03   -6.437450399133e-20
     4    5.525787057102e-04   -3.388131789017e-21
     5    5.775116988907e-05    3.176373552204e-22
     6    6.541062373659e-06    1.058791184068e-22
     7    6.899087481081e-07   -3.970466940255e-23
     8    6.260571264789e-08   -8.271806125530e-25
     9    1.686553571141e-08   -8.271806125530e-25
    10   -2.842513713796e-10    0.000000000000e+00
    11   -4.903695039893e-10    6.462348535571e-27
    12   -1.942573385279e-10   -1.292469707114e-26
    13    8.825225471559e-11    6.462348535571e-27
    14    6.889567605694e-11   -1.009741958683e-26
    15    1.528556273348e-11   -1.615587133893e-27
    16    7.112591124478e-12    0.000000000000e+00
    17    3.887901937525e-13    7.573064690122e-29
    18    2.148327359778e-13    2.524354896707e-29
    19    7.272628131045e-14    0.000000000000e+00
    20    6.106099332463e-15    3.451266460342e-31
    21    4.726681823452e-16    0.000000000000e+00
    22    2.048370795703e-16   -2.465190328816e-32
    23    1.999576690398e-17    7.703719777549e-34
    24   -2.859840594498e-18    0.000000000000e+00
    25   -7.513901176858e-18    5.777789833162e-34
    26   -1.358571437506e-18   -1.444447458290e-34
    27    1.985119033676e-19    0.000000000000e+00
    28    3.512471952471e-20   -6.018531076210e-36
    29   -4.644046819828e-22   -1.504632769053e-36
    30    3.313210892194e-21    3.761581922631e-37
    31   -6.727177429349e-22    0.000000000000e+00
    32   -8.907739575713e-23   -7.052966104934e-38
    33   -6.931702663730e-22   -1.175494350822e-38
    34   -9.849529396232e-22    4.114230227878e-38
    35   -1.508860303987e-21   -2.350988701645e-38
    36   -8.037866660449e-21    1.880790961316e-37
    37   -8.757826835427e-21   -2.633107345842e-36
    38    9.240708056562e-21    0.000000000000e+00
    39    8.268946057380e-20    3.009265538105e-35
    40   -1.934164043569e-19    1.203706215242e-35
    41    5.431047571114e-18   -1.925929944387e-34
    42    4.628351507683e-18    0.000000000000e+00
    43    9.444314871014e-18    1.540743955510e-32
    44   -2.191597658321e-16   -4.930380657631e-32
    45    4.801343987847e-16   -5.916456789158e-31
    46    1.189433618853e-14   -5.916456789158e-31
    47    1.715105865838e-14   -1.577721810442e-30
    48    4.702038674707e-13   -6.310887241768e-30
    49    1.217206141301e-12   -7.573064690122e-29
    50   -1.128240496072e-12   -2.019483917366e-28
    51   -1.250327105674e-11   -3.231174267785e-27
    52   -2.080301252926e-11    1.615587133893e-27
    53    6.528793770358e-10   -2.584939414228e-26
    54    4.283694051327e-09    0.000000000000e+00
    55    2.179884634146e-08   -1.033975765691e-24
    56    1.686082061502e-07   -1.654361225106e-24
    57    7.113366502011e-07   -2.646977960170e-23
    58    7.127192933092e-06    5.293955920339e-23
    59    6.236617833201e-05   -4.235164736272e-22
    60    4.635800610376e-04    0.000000000000e+00
    61    4.670128310212e-03    6.776263578034e-21
    62    4.840003738222e-02    3.591419696358e-19
    63    5.243026809006e-01   -2.818925648462e-18
