     0    1.132540550662e+01   -3.469446951954e-18
     1    4.969808789015e-01    0.000000000000e+00
     2    4.422215093339e-02    1.558540622948e-19
     3    4.754122706263e-03   -1.016439536705e-20
     4    5.473236554370e-04   -1.694065894509e-21
     5    5.986466728193e-05    0.000000000000e+00
     6    8.702504757936e-06    0.000000000000e+00
     7    9.727249810214e-07   -6.617444900424e-24
     8    1.272279879247e-07    4.135903062765e-25
     9    2.229040618542e-08    0.000000000000e+00
    10    3.197708142142e-09    5.169878828456e-26
    11    9.337378383377e-10   -5.169878828456e-26
    12    1.901237503869e-10    6.462348535571e-27
    13   -6.965401917666e-12    4.846761401678e-27
    14    3.067751359507e-12   -8.077935669463e-28
    15    3.928284558640e-13    4.038967834732e-28
    16   -5.203388625602e-13   -1.577721810442e-29
    17   -1.195435203859e-13   -9.466330862652e-30
    18   -1.370916623688e-14   -6.310887241768e-30
    19    4.103653199531e-16   -3.944304526105e-31
    20    1.895604513189e-15    9.860761315263e-32
    21    3.351248570694e-16    0.000000000000e+00
    22    7.408204317703e-18    3.081487911020e-33
    23   -1.945616847560e-17   -3.851859888774e-34
    24   -7.307790279724e-18   -3.851859888774e-34
    25   -3.400855438518e-20    4.814824860968e-34
    26   -4.478309831674e-21   -4.814824860968e-35
    27   -4.811564914011e-20   -6.018531076210e-36
    28   -2.503451208317e-20    2.633107345842e-36
    29   -7.855679783429e-21   -1.504632769053e-36
    30   -6.017090724098e-22   -1.880790961316e-37
    31   -2.600921565482e-22    4.701977403289e-38
    32    3.508626472700e-24    0.000000000000e+00
    33   -2.370525224313e-23    1.175494350822e-38
    34   -2.845215163170e-22    5.877471754111e-39
    35   -5.849024679360e-22   -7.052966104934e-38
    36    1.132433368603e-21   -5.642372883947e-37
    37   -4.518662511532e-20   -1.504632769053e-36
    38   -9.949293781003e-20    6.018531076210e-36
    39   -4.837261381287e-20   -3.611118645726e-35
    40    1.194948930481e-19    2.407412430484e-35
    41    3.708859091709e-18   -1.925929944387e-34
    42    4.381919762468e-17    0.000000000000e+00
    43    2.419488013915e-16   -6.162975822039e-33
    44    2.905028278265e-16   -2.465190328816e-32
    45   -1.614606181091e-15    1.232595164408e-31
    46   -1.143247963886e-14    0.000000000000e+00
    47   -5.931928209932e-14    1.577721810442e-30
    48   -1.854560084091e-13   -4.733165431326e-30
    49    2.876329202144e-13    5.048709793414e-29
    50    1.130613488957e-12   -4.038967834732e-28
    51    1.108652991792e-11   -1.009741958683e-27
    52    4.224225073430e-11   -2.423380700839e-27
    53    5.263748363094e-10    0.000000000000e+00
    54    3.882514266117e-09   -1.033975765691e-25
    55    2.059634277525e-08    6.203854594148e-25
    56    1.384585883465e-07    3.308722450212e-24
    57    1.015079461287e-06    6.617444900424e-24
    58    6.153654768012e-06    2.646977960170e-23
    59    4.994611403113e-05   -2.117582368136e-22
    60    4.948477700181e-04   -1.694065894509e-21
    61    4.502405511643e-03    3.388131789017e-21
    62    4.487260554872e-02   -1.355252715607e-20
    63    5.077438855255e-01    0.000000000000e+00
