     0    1.148232498293e+01   -1.387778780781e-17
     1    5.251543272925e-01   -2.168404344971e-19
     2    5.169849923906e-02   -1.084202172486e-19
     3    6.950522518470e-03   -3.049318610115e-20
     4    8.204609797003e-04    3.388131789017e-21
     5    1.132532366574e-04   -8.470329472543e-22
     6    2.223361518411e-05   -3.176373552204e-22
     7    2.308576842586e-06   -7.940933880509e-23
     8    8.148086594092e-08   -9.926167350636e-24
     9   -4.778718284927e-09    3.308722450212e-24
    10    1.594089090669e-09   -6.203854594148e-25
    11    7.359380579231e-10    3.231174267785e-26
    12    8.905264481228e-11    0.000000000000e+00
    13    5.530502521876e-11   -1.615587133893e-27
    14    3.464948414853e-11    2.423380700839e-27
    15    6.185062787783e-12   -2.019483917366e-28
    16    8.036223695413e-13    2.524354896707e-29
    17    2.018783109140e-13   -6.310887241768e-30
    18    1.345784521467e-14    1.577721810442e-30
    19    4.421301517933e-15    0.000000000000e+00
    20    1.371514588441e-15   -1.232595164408e-31
    21    3.730265948226e-16    0.000000000000e+00
    22    1.086618494544e-16   -1.155557966632e-33
    23    3.986900695331e-17    1.925929944387e-34
    24    5.576641360339e-18    0.000000000000e+00
    25    9.759990863003e-19    3.370377402678e-34
    26    3.931218032162e-19    4.814824860968e-35
    27    1.297759135818e-19    3.009265538105e-36
    28    2.559055657880e-20   -3.761581922631e-37
    29    8.377492882921e-21    7.052966104934e-38
    30    4.504825961899e-22   -1.175494350822e-38
    31   -5.941166834919e-23   -1.763241526233e-38
    32    8.377794882385e-23    0.000000000000e+00
    33   -3.426368815681e-23   -5.877471754111e-39
    34   -1.402138179172e-22    0.000000000000e+00
    35   -3.275831105397e-22   -2.938735877056e-38
    36    1.776656550911e-21   -1.880790961316e-37
    37    3.063249205992e-21   -1.504632769053e-36
    38    1.195529409591e-19   -1.504632769053e-35
    39    8.605538411805e-19   -2.407412430484e-35
    40    2.642805258295e-18    0.000000000000e+00
    41    7.783682932073e-18    0.000000000000e+00
    42    6.151367002924e-17   -6.162975822039e-33
    43    1.777410633557e-16    0.000000000000e+00
    44    9.151388224281e-16    2.465190328816e-32
    45    1.650036311638e-15    7.395570986447e-32
    46    1.486801097090e-14   -7.888609052210e-31
    47    8.769344445807e-14    3.155443620884e-30
    48    2.960187620171e-13    0.000000000000e+00
    49    9.845732325131e-14   -2.524354896707e-29
    50    6.308922242988e-12    1.009741958683e-28
    51    1.051808547820e-11    0.000000000000e+00
    52    1.248324549044e-10   -3.231174267785e-27
    53    4.902841638140e-10    0.000000000000e+00
    54    5.897664706671e-09    0.000000000000e+00
    55    5.070185826241e-08    8.271806125530e-25
    56    2.529971405675e-07   -3.308722450212e-24
    57    1.246642915994e-06    0.000000000000e+00
    58    8.797293362675e-06    0.000000000000e+00
    59    7.030744512691e-05   -4.235164736272e-22
    60    5.363499434418e-04    6.776263578034e-21
    61    4.928613848222e-03    0.000000000000e+00
    62    5.208638110426e-02    0.000000000000e+00
    63    5.231565846742e-01    8.673617379884e-19
