     0    1.200879601847e+01   -2.775557561563e-17
     1    5.659782950012e-01   -8.673617379884e-19
     2    5.556243153585e-02    1.626303258728e-19
     3    5.750297712479e-03   -1.355252715607e-20
     4    5.735602848890e-04    5.082197683526e-21
     5    5.951697903373e-05    1.376428539288e-21
     6    7.557825919799e-06   -5.293955920339e-23
     7    5.061834524812e-07    2.646977960170e-23
     8   -1.728383960780e-07   -6.617444900424e-24
     9   -3.111821508690e-08   -1.033975765691e-25
    10   -5.186262615703e-09   -9.693522803356e-26
    11   -6.947525512005e-11   -1.130910993725e-25
    12    1.582598517015e-11   -3.029225876049e-28
    13    2.283436286107e-11   -1.413638742156e-27
    14   -2.085748112417e-11   -4.038967834732e-28
    15   -1.089895600607e-11    0.000000000000e+00
    16   -2.315237674410e-12    6.310887241768e-30
    17   -5.163741702546e-13    7.888609052210e-31
    18   -5.802977285854e-14    9.860761315263e-31
    19   -1.327258507684e-15    9.860761315263e-32
    20   -1.056805669264e-15   -3.081487911020e-32
    21   -2.096016763090e-16    7.703719777549e-34
    22   -7.781269614100e-17    4.237045877652e-33
    23   -6.679286372795e-18    1.540743955510e-33
    24    4.110437025158e-18    2.888894916581e-34
    25    9.109135360271e-19   -6.018531076210e-35
    26    2.742549830844e-19    2.407412430484e-35
    27   -4.849205548944e-21    1.128474576789e-36
    28   -6.343679230610e-21    3.761581922631e-37
    29    1.014348467831e-21    2.350988701645e-38
    30    5.571496116697e-22   -3.526483052467e-38
    31    2.355185184814e-22    0.000000000000e+00
    32   -6.470882306382e-23    4.408103815584e-39
    33   -1.037644047253e-22   -1.469367938528e-39
    34   -8.654158079299e-23   -2.938735877056e-39
    35    3.922901849442e-22    3.526483052467e-38
    36    3.962975263021e-21    9.403954806578e-38
    37    7.385214454663e-20    6.770847460736e-36
    38    4.648727766443e-19    3.009265538105e-36
    39    1.708282909457e-18   -2.407412430484e-35
    40    3.256749659227e-18   -1.083335593718e-34
    41    1.624467792771e-17    1.733336949949e-33
    42   -3.494575543406e-18    7.703719777549e-34
    43   -1.368964903863e-17    1.848892746612e-32
    44   -1.007409783772e-15   -2.465190328816e-32
    45    2.208552052297e-15    9.614242282381e-31
    46    1.827809654803e-14   -1.479114197289e-30
    47    1.141492305003e-13    7.888609052210e-31
    48    3.958724449444e-13    6.310887241768e-30
    49    7.416739435388e-13    2.524354896707e-29
    50    4.340280033581e-12    8.077935669463e-28
    51   -7.910005550844e-13   -4.038967834732e-28
    52   -2.927424701248e-10    1.615587133893e-27
    53   -8.116702245473e-10    2.584939414228e-26
    54   -8.063977341131e-10    0.000000000000e+00
    55   -2.382743003035e-09    4.135903062765e-25
    56    9.454065649365e-08   -2.067951531383e-24
    57    9.272941295619e-07   -6.617444900424e-24
    58    7.812900417341e-06    1.588186776102e-22
    59    7.829523574858e-05    0.000000000000e+00
    60    6.495942008192e-04   -1.694065894509e-20
    61    6.333026672036e-03    3.388131789017e-21
    62    5.911741442319e-02    3.252606517457e-19
    63    5.811123227140e-01   -1.409462824231e-18
