     0    1.155086226055e+01    3.469446951954e-18
     1    5.464235544310e-01    0.000000000000e+00
     2    5.336837885019e-02   -1.626303258728e-19
     3    5.642450446753e-03    1.016439536705e-20
     4    5.497578617124e-04    2.117582368136e-21
     5    5.996160777610e-05    0.000000000000e+00
     6    1.028082163401e-05    0.000000000000e+00
     7    1.849678699669e-06    2.646977960170e-23
     8    2.135245165926e-07    4.963083675318e-24
     9    1.392626163437e-08    2.067951531383e-25
    10   -3.726121388790e-10    0.000000000000e+00
    11    7.470892529684e-11    1.454028420503e-26
    12    1.393190237407e-11   -1.615587133893e-27
    13   -1.633438496086e-11    2.019483917366e-28
    14   -1.774313362105e-12   -1.262177448354e-28
    15   -7.801715159247e-13    5.048709793414e-29
    16   -1.116792608341e-13   -4.733165431326e-30
    17   -7.626524367182e-15    0.000000000000e+00
    18   -3.679491113582e-15    0.000000000000e+00
    19   -1.787864334404e-15   -4.930380657631e-32
    20    7.813412864187e-18   -1.540743955510e-32
    21    6.744026772910e-17   -2.311115933265e-33
    22   -5.336282301523e-18    2.696301922142e-33
    23    1.753148114992e-18    3.851859888774e-34
    24    1.607266327502e-18    0.000000000000e+00
    25    7.625267924614e-19   -3.611118645726e-35
    26    1.317160443821e-19    3.009265538105e-36
    27    3.976564737256e-20    0.000000000000e+00
    28    4.094904570713e-21    0.000000000000e+00
    29   -6.515285525435e-23    2.350988701645e-37
    30    2.357973912065e-22    6.171345341817e-38
    31    1.881536877849e-22   -2.350988701645e-38
    32    9.016789812730e-23    4.408103815584e-39
    33   -1.956633636907e-22   -1.175494350822e-38
    34   -1.392249155089e-22    5.877471754111e-39
    35   -4.108925476972e-22    0.000000000000e+00
    36   -1.522497674890e-21    9.403954806578e-38
    37   -2.620025678618e-20    0.000000000000e+00
    38   -1.126317498281e-19   -2.407412430484e-35
    39   -5.431304170420e-19   -9.629649721936e-35
    40   -1.221235991414e-18    0.000000000000e+00
    41    4.353254661065e-19   -1.540743955510e-33
    42    5.147838964926e-17    0.000000000000e+00
    43    3.588937634390e-16    5.546678239835e-32
    44    1.273155485459e-15    4.930380657631e-32
    45    6.435900882283e-15   -1.972152263053e-31
    46    3.166736508144e-14    0.000000000000e+00
    47    1.154325274084e-13    6.310887241768e-30
    48    4.071678951981e-13    1.341063538876e-29
    49    1.230272694394e-12    5.048709793414e-29
    50    1.504575058413e-12    2.019483917366e-28
    51    1.336679335705e-11   -8.077935669463e-28
    52    9.086097200499e-11   -9.693522803356e-27
    53    9.741789686394e-10   -1.033975765691e-25
    54    4.393544997490e-09    1.033975765691e-25
    55    1.765705409080e-08    2.067951531383e-25
    56    1.086311877712e-07    0.000000000000e+00
    57    7.085960619804e-07    3.308722450212e-24
    58    6.883469275839e-06    0.000000000000e+00
    59    6.087068558945e-05   -7.411538288475e-22
    60    4.846067137479e-04    0.000000000000e+00
    61    4.667682678821e-03    1.355252715607e-20
    62    4.672951993612e-02    4.878909776185e-19
    63    5.039674507423e-01    0.000000000000e+00
