     0    1.191544750072e+01   -3.469446951954e-18
     1    5.353230163978e-01    0.000000000000e+00
     2    5.601668408906e-02   -1.084202172486e-19
     3    5.236248467289e-03   -2.710505431214e-20
     4    6.036272289889e-04   -3.388131789017e-21
     5    6.072099474422e-05    1.058791184068e-22
     6    5.372836190138e-06    0.000000000000e+00
     7    5.402823737388e-07    0.000000000000e+00
     8    5.715930280732e-08   -4.963083675318e-24
     9    2.597312857694e-09   -1.033975765691e-25
    10    4.143571417864e-10   -2.067951531383e-25
    11   -1.278625174733e-10    0.000000000000e+00
    12   -6.391819314086e-11    0.000000000000e+00
    13    1.049750854198e-11   -8.077935669463e-28
    14    6.319034236988e-12   -4.038967834732e-28
    15   -1.226168182317e-12   -2.524354896707e-28
    16   -1.031816931625e-12    2.019483917366e-28
    17   -2.000735797794e-13    2.524354896707e-29
    18    3.561953738557e-14    3.549874073495e-30
    19    7.359658102225e-15    2.958228394579e-31
    20   -7.236621083951e-17    9.860761315263e-32
    21    2.809008893096e-17    2.773339119918e-32
    22   -3.516358142927e-17    2.311115933265e-33
    23   -3.049985458631e-17    1.925929944387e-33
    24   -4.855528720376e-18    3.851859888774e-34
    25   -3.634437541880e-19    0.000000000000e+00
    26   -8.388957155703e-20    6.018531076210e-36
    27   -1.231529515592e-19    0.000000000000e+00
    28    2.006183089233e-20   -3.761581922631e-37
    29   -3.680202310941e-23    3.761581922631e-37
    30   -1.932434093144e-21    0.000000000000e+00
    31    6.987209187068e-22   -4.701977403289e-38
    32    1.721513249019e-22    1.175494350822e-38
    33    1.552148462870e-22    1.763241526233e-38
    34    3.343357094108e-22    7.052966104934e-38
    35    4.057320002236e-21   -1.880790961316e-37
    36    8.677761414501e-21    5.642372883947e-37
    37    2.904179669682e-20   -1.504632769053e-36
    38    1.097912055653e-19   -6.018531076210e-36
    39    5.000777088678e-19    0.000000000000e+00
    40    2.819429004292e-19   -9.629649721936e-35
    41   -2.628689884343e-18    3.851859888774e-34
    42    1.226262687750e-17    0.000000000000e+00
    43    9.280183656012e-17   -7.703719777549e-34
    44    2.010129205158e-16   -2.465190328816e-32
    45    1.432866081528e-15    2.218671295934e-31
    46   -1.772044234462e-15    7.888609052210e-31
    47   -2.033525149500e-14    0.000000000000e+00
    48   -1.071235493362e-13    0.000000000000e+00
    49   -1.603889540915e-13   -6.310887241768e-30
    50    2.283799008062e-12    2.019483917366e-28
    51    2.232874094375e-11    8.077935669463e-28
    52    1.527003655043e-10    0.000000000000e+00
    53    9.588020932059e-10   -3.877409121342e-26
    54    5.056667237339e-09   -5.169878828456e-26
    55    2.749554665546e-08    8.271806125530e-25
    56    1.446661997090e-07    1.861156378244e-24
    57    9.078499662866e-07   -2.646977960170e-23
    58    7.492157044758e-06    2.117582368136e-22
    59    7.239728243367e-05    4.235164736272e-22
    60    7.305578723116e-04    0.000000000000e+00
    61    6.211692459807e-03   -2.710505431214e-20
    62    5.906352095312e-02   -2.168404344971e-19
    63    5.872420429516e-01   -1.734723475977e-18
