     0    1.156047734681e+01   -1.734723475977e-18
     1    5.078775203305e-01    0.000000000000e+00
     2    5.082716898861e-02    0.000000000000e+00
     3    5.461459356516e-03   -2.710505431214e-20
     4    5.802752148391e-04   -1.694065894509e-21
     5    7.994300056890e-05    0.000000000000e+00
     6    8.230957045778e-06   -9.264422860594e-23
     7    1.321302918675e-06   -3.308722450212e-24
     8    2.939646248283e-07    1.158052857574e-23
     9    6.064129255393e-08    1.757758801675e-24
    10    9.715026381737e-09    0.000000000000e+00
    11    1.265682671930e-09   -1.292469707114e-26
    12    8.076593457037e-11    5.654554968624e-27
    13    1.685381326535e-11   -1.615587133893e-27
    14    2.215811809547e-12    1.009741958683e-28
    15   -4.159265222204e-13   -1.767048427695e-28
    16   -2.366867692831e-13   -1.893266172530e-29
    17   -6.099394290297e-15    3.944304526105e-30
    18    2.900370551122e-15    3.944304526105e-31
    19   -1.433215014067e-15   -1.479114197289e-31
    20   -1.175051746143e-15    1.232595164408e-31
    21   -4.735752792579e-16    1.232595164408e-32
    22   -1.282490481993e-16    6.162975822039e-33
    23   -1.048183230175e-17   -3.851859888774e-34
    24   -2.316048274345e-18    0.000000000000e+00
    25   -2.921323036864e-19    2.407412430484e-35
    26   -3.800025491842e-20    4.513898307158e-36
    27   -9.070599151798e-22    7.523163845263e-37
    28   -1.885727979696e-21   -1.410593220987e-37
    29   -1.224349810168e-21    4.701977403289e-37
    30   -5.645129416881e-22    2.350988701645e-38
    31   -2.379015768214e-22   -1.175494350822e-38
    32   -1.314491733135e-22    2.938735877056e-39
    33   -8.281064239231e-23   -1.469367938528e-39
    34    1.558817618365e-22    0.000000000000e+00
    35    9.485752137016e-22    0.000000000000e+00
    36    3.054451729316e-21    7.523163845263e-37
    37   -2.564449100493e-20    3.761581922631e-37
    38   -1.663603862086e-19    1.956022599768e-35
    39   -7.265778056993e-19    4.513898307158e-36
    40   -2.435890469755e-18    9.629649721936e-35
    41   -6.187738218604e-18    9.629649721936e-35
    42   -1.011720212883e-17   -8.666684749743e-34
    43   -4.461566260115e-17   -6.162975822039e-33
    44    4.427852968112e-16    0.000000000000e+00
    45    7.310100316300e-16    0.000000000000e+00
    46    4.540071408178e-15    0.000000000000e+00
    47   -8.464294442714e-15   -3.155443620884e-30
    48    2.799702662369e-13   -4.733165431326e-30
    49    9.657659253122e-13    0.000000000000e+00
    50    9.908908107571e-12    1.009741958683e-28
    51    7.517679255022e-11   -3.231174267785e-27
    52    3.381243474250e-10    3.635071051258e-27
    53    1.024751482081e-09   -6.462348535571e-27
    54    4.703297382805e-09   -1.033975765691e-25
    55    2.349216414510e-08    2.067951531383e-25
    56    1.558853147967e-07    1.447566071968e-24
    57    8.212868158075e-07   -6.617444900424e-24
    58    7.026604229979e-06    0.000000000000e+00
    59    5.340364956241e-05    5.293955920339e-22
    60    4.890692655943e-04   -3.388131789017e-21
    61    5.124645378291e-03    1.355252715607e-20
    62    4.523860725869e-02    0.000000000000e+00
    63    5.039024713378e-01    1.734723475977e-18
