     0    1.180469210191e+01    2.775557561563e-17
     1    5.364206347577e-01    0.000000000000e+00
     2    5.086793425577e-02   -2.168404344971e-19
     3    4.709390087656e-03    5.421010862428e-20
     4    4.744724867030e-04    0.000000000000e+00
     5    5.332646703210e-05    6.882142696441e-22
     6    8.758168609246e-06    1.191140082076e-22
     7    7.368610247357e-07   -3.308722450212e-23
     8    8.023339479966e-08    3.308722450212e-24
     9    2.360633839102e-08    4.135903062765e-25
    10    6.526111259548e-09    2.067951531383e-25
    11    1.140353970217e-09   -5.169878828456e-26
    12    2.065969936524e-10    6.462348535571e-27
    13    1.641565246866e-11    0.000000000000e+00
    14    2.023281554804e-12   -8.077935669463e-28
    15    8.136731908986e-13    5.048709793414e-29
    16    3.034326728516e-13    2.524354896707e-29
    17    2.483364181056e-14   -3.155443620884e-30
    18    5.386261293613e-14    0.000000000000e+00
    19    4.496272049413e-15    0.000000000000e+00
    20    1.042996304304e-15    9.860761315263e-32
    21    2.174382470549e-17    0.000000000000e+00
    22   -4.580388143628e-17   -1.540743955510e-33
    23   -1.256044991501e-17   -1.540743955510e-33
    24   -7.143850193717e-18    1.925929944387e-34
    25   -1.336694951046e-18   -4.814824860968e-35
    26    2.689264388199e-19    3.611118645726e-35
    27    2.625713924362e-19   -1.203706215242e-35
    28    3.591006038278e-20   -7.523163845263e-37
    29    5.105308518218e-21   -1.880790961316e-37
    30    8.784883179065e-23    1.410593220987e-37
    31    1.797231525513e-22    2.350988701645e-38
    32   -2.133392369428e-23   -2.938735877056e-39
    33   -1.185289552297e-22    5.877471754111e-39
    34   -4.829136237299e-23    0.000000000000e+00
    35   -2.295246684860e-22   -1.057944915740e-37
    36    2.798922891287e-21    0.000000000000e+00
    37    9.869951159362e-21    0.000000000000e+00
    38    9.096630523285e-20    7.523163845263e-37
    39    7.225101154559e-19    2.407412430484e-35
    40    2.569856672586e-18   -1.203706215242e-34
    41    1.930922562704e-17   -3.851859888774e-34
    42    3.809791745995e-17   -7.703719777549e-34
    43    1.042617226543e-16    0.000000000000e+00
    44    6.847984425207e-16    0.000000000000e+00
    45    5.939005683187e-15    9.860761315263e-32
    46    1.621075562305e-14   -6.902532920684e-31
    47    3.347272344838e-14    6.902532920684e-31
    48    1.749224326439e-13   -1.577721810442e-30
    49    1.096645979110e-12   -1.893266172530e-29
    50    5.442070661852e-12    5.048709793414e-29
    51    4.442413796535e-11    2.019483917366e-28
    52    1.347607103163e-10   -8.077935669463e-28
    53    6.011550727814e-10   -1.615587133893e-27
    54    4.105838672752e-09   -9.047287949799e-26
    55    3.867227329677e-08    2.067951531383e-25
    56    2.684925312886e-07   -1.654361225106e-24
    57    1.365692017241e-06    1.323488980085e-23
    58    9.496324989493e-06    0.000000000000e+00
    59    7.516637316922e-05    0.000000000000e+00
    60    6.337895779599e-04    1.694065894509e-21
    61    4.753345680294e-03   -1.016439536705e-20
    62    4.627576866110e-02   -5.421010862428e-20
    63    5.139715532844e-01    0.000000000000e+00
