     0    1.143029312107e+01   -5.204170427930e-18
     1    5.002193227691e-01    3.523657060578e-19
     2    4.585009245907e-02   -2.168404344971e-19
     3    4.934772870983e-03    4.065758146821e-20
     4    6.051341571782e-04    0.000000000000e+00
     5    7.499274571879e-05    2.117582368136e-22
     6    1.090252935703e-05   -1.058791184068e-22
     7    1.543440858978e-06    0.000000000000e+00
     8    2.476965581400e-07    0.000000000000e+00
     9    3.734352716265e-08    0.000000000000e+00
    10    5.595146224065e-09    2.067951531383e-25
    11    4.706831367998e-10   -7.754818242685e-26
    12    9.221689750159e-11   -3.231174267785e-27
    13    3.431189297024e-11    0.000000000000e+00
    14    1.051368792158e-11   -5.048709793414e-28
    15    1.357748684712e-12   -5.048709793414e-29
    16    8.615318546476e-14    0.000000000000e+00
    17    5.821262048852e-14    0.000000000000e+00
    18    3.802876621792e-14   -2.366582715663e-30
    19    5.416930451586e-15   -3.944304526105e-31
    20    2.502827543944e-16   -3.697785493223e-31
    21    4.885841101275e-16    2.465190328816e-32
    22    1.201706898614e-16    6.162975822039e-33
    23   -8.437679406470e-18    0.000000000000e+00
    24   -8.473463013521e-19   -1.925929944387e-34
    25    6.448843493395e-19    0.000000000000e+00
    26    2.955256860413e-19    1.203706215242e-34
    27    1.498438443766e-22   -6.018531076210e-36
    28   -3.310102225081e-20   -1.203706215242e-35
    29   -2.256547271953e-21    1.504632769053e-36
    30    3.604047520439e-21    3.761581922631e-37
    31    7.172852422453e-22    0.000000000000e+00
    32    1.499357583639e-22    3.526483052467e-38
    33    1.969618575582e-22   -8.816207631167e-39
    34    2.384723733618e-22    1.469367938528e-39
    35    8.390069416941e-22    2.350988701645e-38
    36   -8.288145413559e-22   -9.403954806578e-38
    37   -1.505157019867e-20    0.000000000000e+00
    38    3.339394424749e-20    1.504632769053e-36
    39    1.881975176669e-19   -6.018531076210e-36
    40    9.632797876746e-19   -4.814824860968e-35
    41    3.998822643233e-18   -4.814824860968e-35
    42    5.306661121708e-19    1.540743955510e-33
    43    5.633665088049e-17   -1.155557966632e-33
    44    1.285608212599e-16   -3.081487911020e-33
    45    5.626029961027e-16    0.000000000000e+00
    46    4.007366529467e-15   -1.972152263053e-31
    47    1.966326122120e-14    4.930380657631e-32
    48    3.878969503811e-14   -5.916456789158e-31
    49    1.990482726834e-13    0.000000000000e+00
    50    1.773144393408e-12    0.000000000000e+00
    51    1.212173909204e-11    1.009741958683e-27
    52    5.119987809336e-11    0.000000000000e+00
    53    1.859768528441e-10   -3.231174267785e-27
    54    7.497194246011e-10   -5.169878828456e-26
    55    9.652532863162e-09   -2.067951531383e-25
    56    9.242168775484e-08   -1.654361225106e-24
    57    8.718409616189e-07   -3.308722450212e-24
    58    7.683416177802e-06    0.000000000000e+00
    59    6.500578076472e-05    0.000000000000e+00
    60    5.945480235478e-04   -5.929230630780e-21
    61    4.844791680536e-03    0.000000000000e+00
    62    4.748526096726e-02    1.084202172486e-19
    63    5.070692911195e-01   -1.734723475977e-18
