     0    1.158441014184e+01    3.469446951954e-18
     1    5.014794202783e-01    1.734723475977e-18
     2    4.737900381324e-02    5.421010862428e-20
     3    5.312984729831e-03    1.016439536705e-20
     4    5.958269542279e-04   -6.776263578034e-21
     5    6.924892212006e-05    8.470329472543e-22
     6    7.949215467695e-06   -2.117582368136e-22
     7    1.122843144187e-06   -1.323488980085e-23
     8    1.295125179704e-07    1.654361225106e-24
     9    2.092654014842e-08   -6.203854594148e-25
    10    4.658277711309e-09   -4.135903062765e-25
    11    1.741543210925e-10   -7.754818242685e-26
    12   -1.496234188005e-11   -6.462348535571e-27
    13   -1.598651751915e-11   -8.077935669463e-28
    14   -6.078067107090e-12    0.000000000000e+00
    15   -1.030868118651e-12    0.000000000000e+00
    16   -1.289786892036e-13   -4.417621069238e-29
    17    5.833563269343e-14    4.733165431326e-30
    18    1.998801936965e-14   -5.916456789158e-31
    19    2.048090007674e-15    0.000000000000e+00
    20    5.985652576048e-16    4.930380657631e-32
    21    1.184014722452e-16    3.697785493223e-32
    22   -3.502707404344e-18    3.081487911020e-33
    23   -2.757714403124e-19   -7.703719777549e-34
    24    9.923974862505e-19    9.629649721936e-35
    25    4.884351294086e-20    0.000000000000e+00
    26    6.247666106339e-20   -1.203706215242e-35
    27    2.470844994316e-21   -1.504632769053e-36
    28   -1.808978898608e-21   -1.880790961316e-37
    29    1.281387507526e-22   -7.052966104934e-38
    30    5.514936640928e-23   -1.175494350822e-38
    31    4.861351636416e-24    2.938735877056e-39
    32   -2.498809542796e-22   -2.791799083203e-38
    33   -4.381901320170e-22   -5.877471754111e-39
    34    1.143165819404e-21    0.000000000000e+00
    35    7.307473527210e-21    5.642372883947e-37
    36    7.047631926768e-20   -1.504632769053e-36
    37    2.898863955254e-19   -6.018531076210e-36
    38    5.808093134077e-19    6.018531076210e-36
    39    2.200025759243e-18   -1.444447458290e-34
    40   -4.991274302392e-18   -7.703719777549e-34
    41    1.482117806582e-17    0.000000000000e+00
    42    2.287908309918e-16   -3.081487911020e-33
    43    2.473716384957e-16   -1.232595164408e-32
    44   -4.757129686259e-16    2.465190328816e-32
    45    2.054753135474e-15    4.930380657631e-31
    46    2.916738798843e-14   -7.888609052210e-31
    47    8.034633427554e-14    0.000000000000e+00
    48    4.662502448174e-13    7.257520328033e-29
    49   -1.073683009759e-12    2.524354896707e-29
    50   -3.941235057953e-12    1.009741958683e-27
    51   -4.202850283732e-11    1.615587133893e-27
    52   -1.727009408534e-10   -6.462348535571e-27
    53    9.493098351757e-10    1.033975765691e-25
    54    2.725522454299e-09   -2.067951531383e-25
    55    2.389714743725e-08    1.654361225106e-24
    56    1.598095816000e-07    0.000000000000e+00
    57    1.220669351474e-06   -1.654361225106e-23
    58    9.701924744917e-06    1.588186776102e-22
    59    6.888321858612e-05   -7.676236084492e-22
    60    4.628298460914e-04    3.811648262644e-21
    61    4.245788326772e-03   -1.355252715607e-20
    62    4.542006847247e-02   -1.016439536705e-19
    63    5.319376920679e-01   -4.336808689942e-19
