     0    1.126976018332e+01   -3.469446951954e-18
     1    5.334432378847e-01    4.336808689942e-19
     2    5.289153918581e-02   -2.168404344971e-19
     3    5.704953587243e-03    2.710505431214e-20
     4    7.185805709802e-04    0.000000000000e+00
     5    9.290960324933e-05    0.000000000000e+00
     6    9.358832539519e-06   -7.940933880509e-23
     7    1.070921147042e-06    3.308722450212e-24
     8    1.916150112425e-07   -2.895132143936e-24
     9    1.864802766437e-08   -1.033975765691e-25
    10    2.274452745078e-09    5.169878828456e-26
    11    5.859912812296e-10    4.846761401678e-26
    12    1.014194732641e-10   -1.130910993725e-26
    13   -2.177300078830e-12    1.211690350419e-27
    14    9.277484385691e-13    0.000000000000e+00
    15    5.198027288492e-13   -7.573064690122e-29
    16    2.503543320306e-14    3.155443620884e-30
    17   -2.075872414158e-14    4.733165431326e-30
    18   -2.784711759938e-14    3.944304526105e-31
    19   -9.213082695879e-15    0.000000000000e+00
    20   -3.306929724455e-15    4.930380657631e-32
    21   -4.512600308819e-16    0.000000000000e+00
    22   -4.230001092484e-17   -9.244463733059e-33
    23    1.501665790815e-17   -2.311115933265e-33
    24    5.184500475937e-18    9.629649721936e-35
    25    1.195848923232e-18    2.407412430484e-35
    26   -2.990330493389e-21   -1.203706215242e-35
    27    2.571840989598e-20   -1.504632769053e-36
    28    1.102732189072e-21    3.761581922631e-37
    29    2.270761025260e-22    4.701977403289e-38
    30    4.650372329510e-22    1.175494350822e-38
    31    4.280239519620e-23    2.938735877056e-39
    32    8.477856495006e-23    2.938735877056e-39
    33    6.000624390468e-23   -4.408103815584e-39
    34   -1.245209924748e-22    2.350988701645e-38
    35    2.546379934999e-21   -5.877471754111e-38
    36    9.249819872936e-21    6.582768364605e-37
    37    9.670035221771e-21   -1.128474576789e-36
    38    4.854442801410e-20    6.018531076210e-36
    39    4.045530923104e-19   -6.018531076210e-35
    40    3.027463698298e-19    4.814824860968e-35
    41    1.858408999401e-18   -1.685188701339e-34
    42    1.249318200100e-17   -3.851859888774e-34
    43    2.300657733789e-18   -2.888894916581e-33
    44   -2.421385201168e-16   -7.395570986447e-32
    45   -8.405285430278e-16    4.190823558987e-31
    46   -5.255616738211e-15    1.380506584137e-30
    47   -2.583865392424e-14   -2.366582715663e-30
    48    2.593617456357e-13    3.155443620884e-30
    49    1.142813875267e-12    0.000000000000e+00
    50    6.383126472188e-12    4.038967834732e-28
    51    5.786682362112e-11    2.019483917366e-28
    52    3.585651593972e-10   -8.481832452936e-27
    53    2.532751310584e-09   -6.462348535571e-26
    54    1.177720220924e-08    0.000000000000e+00
    55    5.305411115453e-08    1.240770918830e-24
    56    2.575596648988e-07    4.135903062765e-24
    57    2.114892003690e-06    1.323488980085e-23
    58    1.402517271482e-05   -4.632211430297e-23
    59    9.029351523635e-05   -2.117582368136e-22
    60    6.876194278367e-04    1.270549420881e-21
    61    5.378289834526e-03    1.016439536705e-20
    62    5.302495218139e-02   -5.421010862428e-20
    63    5.229187959465e-01    1.084202172486e-18
