     0    1.123691311140e+01    6.938893903907e-18
     1    4.870904143964e-01    1.734723475977e-18
     2    4.275009409232e-02    0.000000000000e+00
     3    4.502934776536e-03   -1.355252715607e-20
     4    4.690523670280e-04   -1.694065894509e-21
     5    7.060463593597e-05   -4.235164736272e-22
     6    1.078216053295e-05    7.940933880509e-23
     7    1.459471542916e-06    3.308722450212e-23
     8    1.598930318288e-07    1.654361225106e-24
     9    2.565027074298e-08   -4.135903062765e-25
    10    2.970193723527e-09   -1.033975765691e-25
    11    3.937135600368e-10    6.462348535571e-27
    12    1.086686451122e-10   -1.615587133893e-27
    13    2.277382485218e-11   -2.019483917366e-28
    14    6.630261938790e-12    0.000000000000e+00
    15    8.131339323629e-13    0.000000000000e+00
    16    1.332206018035e-13    3.944304526105e-30
    17    6.913671595133e-15   -1.183291357832e-30
    18    6.915846188721e-15    0.000000000000e+00
    19    2.384779249171e-15   -4.314083075427e-32
    20    6.651269696306e-16   -2.465190328816e-32
    21    1.495835897038e-16    0.000000000000e+00
    22    6.203198337043e-17    0.000000000000e+00
    23    1.825812149222e-17   -9.629649721936e-35
    24    2.335690758365e-18   -3.611118645726e-35
    25    3.431961906663e-19    1.203706215242e-35
    26    6.230400077274e-20    0.000000000000e+00
    27    1.165364969644e-20    0.000000000000e+00
    28    1.323705680841e-21    4.701977403289e-38
    29    4.856068370028e-22   -4.701977403289e-38
    30    2.789711636151e-22   -1.175494350822e-38
    31    3.501579291500e-23    5.877471754111e-39
    32   -1.290631119429e-22   -5.877471754111e-39
    33   -5.714767147791e-22    1.175494350822e-38
    34   -2.804200285406e-21   -1.410593220987e-37
    35   -1.113097405168e-20    4.607937855223e-36
    36   -2.030785446136e-20   -1.504632769053e-36
    37   -4.454900078733e-20    1.203706215242e-35
    38   -4.270367456367e-19    1.625003390577e-34
    39   -7.994780261063e-19   -4.814824860968e-35
    40    5.802067220961e-18   -2.888894916581e-34
    41    3.201025259350e-17   -3.851859888774e-33
    42    1.981706742874e-16   -4.622231866529e-33
    43    9.548386267029e-16    2.465190328816e-32
    44    4.203658274601e-15    2.465190328816e-32
    45   -9.461833034343e-15    1.183291357832e-30
    46   -2.473555616606e-14    1.577721810442e-30
    47   -1.822958999223e-13   -1.009741958683e-28
    48   -8.724910562176e-13    2.019483917366e-28
    49    9.930674393029e-13    2.019483917366e-28
    50    8.506303997997e-11    9.087677628146e-27
    51    1.888836865360e-10    1.777145847282e-26
    52    7.545297717787e-10   -7.108583389128e-26
    53    2.018097456923e-10   -1.292469707114e-26
    54    2.152014480090e-09   -1.550963648537e-25
    55    2.950133607212e-08   -2.481541837659e-24
    56    2.371944897305e-07   -8.271806125530e-25
    57    1.389126304857e-06   -9.926167350636e-24
    58    1.009530907393e-05    0.000000000000e+00
    59    8.037185679852e-05    4.235164736272e-22
    60    6.714606931827e-04    0.000000000000e+00
    61    5.662911187636e-03   -2.710505431214e-20
    62    4.732483685628e-02   -5.421010862428e-20
    63    5.027134451139e-01   -8.673617379884e-19
