     0    1.115791318556e+01    0.000000000000e+00
     1    4.982322471214e-01   -4.336808689942e-19
     2    4.789025279325e-02    1.355252715607e-20
     3    4.601484759451e-03    1.355252715607e-20
     4    4.610726201224e-04    8.470329472543e-22
     5    5.026220254137e-05    0.000000000000e+00
     6    6.078843477500e-06    7.940933880509e-23
     7    6.296156280731e-07   -7.444625512977e-24
     8    1.059330362948e-07   -2.067951531383e-24
     9    2.284198444266e-08    2.067951531383e-25
    10    5.347910550540e-09   -5.169878828456e-26
    11    6.770859664960e-10    6.462348535571e-27
    12    8.876168617759e-11    0.000000000000e+00
    13    4.725756043039e-12    0.000000000000e+00
    14    1.305509245154e-12    0.000000000000e+00
    15    2.716461896191e-13    0.000000000000e+00
    16    2.133147947314e-14    0.000000000000e+00
    17    1.195639530700e-15    0.000000000000e+00
    18   -1.773848554173e-15    1.479114197289e-31
    19   -9.002666836089e-16    4.930380657631e-32
    20   -2.333158976211e-17    0.000000000000e+00
    21    9.592806349708e-19    6.162975822039e-33
    22    1.766662001791e-17    0.000000000000e+00
    23    4.118862487103e-18    0.000000000000e+00
    24    3.412360311066e-19    0.000000000000e+00
    25    1.298408753198e-19    0.000000000000e+00
    26    3.588544176111e-20    6.018531076210e-36
    27    1.152456609456e-20   -1.504632769053e-36
    28    2.741785255652e-21    0.000000000000e+00
    29    4.780948715882e-22   -2.350988701645e-38
    30    1.578107842461e-22    2.350988701645e-38
    31    5.471467831954e-23    2.938735877056e-39
    32    4.283812142725e-23    0.000000000000e+00
    33    7.182925402896e-23   -7.346839692639e-39
    34    1.121419693869e-22    0.000000000000e+00
    35    3.203316719251e-22    4.701977403289e-38
    36    9.232868003266e-23    0.000000000000e+00
    37   -3.566698793196e-21    5.642372883947e-37
    38   -1.022967331133e-20    3.009265538105e-36
    39   -9.694526680089e-20   -1.203706215242e-35
    40   -1.900756961745e-19   -9.629649721936e-35
    41   -9.438420060595e-19    0.000000000000e+00
    42   -3.649021959770e-18    1.155557966632e-33
    43    1.291878986454e-16    3.081487911020e-33
    44    3.195517299712e-16    1.232595164408e-32
    45    1.591159987688e-15   -9.860761315263e-32
    46    1.174153975739e-14   -7.888609052210e-31
    47    9.703010355781e-15   -6.310887241768e-30
    48   -3.372945211980e-14   -2.524354896707e-29
    49    6.578388547660e-14    0.000000000000e+00
    50   -1.021971230410e-12   -1.009741958683e-28
    51   -8.211192913680e-12    1.615587133893e-27
    52   -8.343203356854e-11    0.000000000000e+00
    53   -7.764498268319e-10    0.000000000000e+00
    54   -3.615808669411e-10    0.000000000000e+00
    55    1.310267572296e-08    8.271806125530e-25
    56    6.526107522745e-08    2.481541837659e-24
    57    6.040518013261e-07   -9.926167350636e-24
    58    4.846353284485e-06    1.588186776102e-22
    59    4.971556048169e-05    4.235164736272e-22
    60    4.192699927949e-04    1.694065894509e-21
    61    4.245198292424e-03   -6.776263578034e-21
    62    4.662061110331e-02   -1.084202172486e-19
    63    4.990852989846e-01    7.047314121156e-19
