     0    1.156199484641e+01    6.938893903907e-18
     1    4.854762906670e-01    2.168404344971e-18
     2    4.325299721283e-02    1.084202172486e-19
     3    4.608591725394e-03   -6.776263578034e-20
     4    6.169617512888e-04   -2.964615315390e-21
     5    5.793407580583e-05    6.352747104407e-22
     6    4.760397673362e-06    1.058791184068e-22
     7    8.155888372028e-07   -1.654361225106e-24
     8    1.467377806743e-07    3.308722450212e-24
     9    2.376160310239e-08    0.000000000000e+00
    10    4.966486067294e-09    2.067951531383e-25
    11    7.471780428151e-10   -2.584939414228e-26
    12    1.846328063516e-10    0.000000000000e+00
    13    2.250724486133e-11    8.077935669463e-28
    14    2.577550892889e-12    0.000000000000e+00
    15    5.133335828742e-13   -7.573064690122e-29
    16    1.501298418434e-13    1.262177448354e-29
    17    2.489982822689e-14    0.000000000000e+00
    18   -7.317951757384e-16    9.860761315263e-32
    19    5.766976594727e-16    9.860761315263e-32
    20    1.238730428196e-16   -1.232595164408e-32
    21    3.836803889591e-18   -9.244463733059e-33
    22   -6.246748423698e-18    3.081487911020e-33
    23   -7.610330028452e-19    3.851859888774e-34
    24    4.347301899920e-19    1.925929944387e-34
    25    3.005933629284e-20    0.000000000000e+00
    26    7.074905471819e-21    3.009265538105e-36
    27   -1.739619746914e-21    0.000000000000e+00
    28    5.337572189962e-22   -4.701977403289e-38
    29   -1.014509646898e-22    2.350988701645e-38
    30   -6.933839738861e-23    0.000000000000e+00
    31   -1.175465076379e-22   -3.306077861688e-39
    32   -5.193454170954e-23   -2.204051907792e-38
    33   -1.291088099789e-22    7.052966104934e-38
    34    1.247059253353e-21   -4.701977403289e-38
    35   -9.634145001252e-22    3.761581922631e-37
    36    5.201617590952e-22    1.880790961316e-37
    37   -4.981437835156e-20    3.009265538105e-36
    38   -3.461776863349e-19   -2.407412430484e-35
    39   -5.323318931966e-20    1.203706215242e-34
    40    9.844733153077e-18   -1.925929944387e-34
    41    5.634397054848e-18   -3.851859888774e-34
    42   -4.174375871039e-17    6.162975822039e-33
    43    2.283835795120e-19   -1.232595164408e-32
    44   -2.955773428558e-16    0.000000000000e+00
    45    9.082536361063e-16    0.000000000000e+00
    46   -1.157514910749e-14    7.888609052210e-31
    47   -1.621348082889e-14    1.577721810442e-30
    48    1.147184183641e-13   -1.262177448354e-29
    49    1.923638451604e-13    0.000000000000e+00
    50    4.280164131243e-12   -5.048709793414e-29
    51    3.644348803021e-11    0.000000000000e+00
    52    2.625313994191e-10    0.000000000000e+00
    53    1.119510871819e-09   -2.584939414228e-26
    54    7.838350543419e-09    0.000000000000e+00
    55    5.088851306819e-08   -4.135903062765e-25
    56    2.456876507639e-07    4.963083675318e-24
    57    1.079856022020e-06    6.617444900424e-24
    58    6.929770990618e-06    2.646977960170e-23
    59    6.786297745573e-05    2.117582368136e-22
    60    5.264987146756e-04    1.694065894509e-21
    61    4.661161944214e-03    0.000000000000e+00
    62    5.019653873169e-02    1.084202172486e-19
    63    5.261993776642e-01    2.168404344971e-19
