     0    1.123480002673e+01   -2.602085213965e-18
     1    5.001332607396e-01    0.000000000000e+00
     2    4.699919187865e-02   -5.421010862428e-20
     3    4.629929136557e-03    2.710505431214e-20
     4    5.478211727017e-04   -6.776263578034e-21
     5    6.011921232859e-05    6.352747104407e-22
     6    7.467124051912e-06    1.588186776102e-22
     7    6.883883618876e-07    3.308722450212e-24
     8    1.131307083523e-07    3.308722450212e-24
     9    1.870830443479e-08    8.271806125530e-25
    10    4.901544882597e-09   -1.033975765691e-25
    11    8.844558553843e-10    0.000000000000e+00
    12    1.404642092898e-10   -1.615587133893e-27
    13    1.759171489099e-11    0.000000000000e+00
    14    2.470186503589e-12    0.000000000000e+00
    15    6.246810741682e-13    2.524354896707e-29
    16    1.093701755049e-13   -6.310887241768e-30
    17    3.839111069930e-14   -3.155443620884e-30
    18    1.224444308238e-14   -7.888609052210e-31
    19    1.405937877818e-15    9.860761315263e-32
    20    3.856075554053e-17    4.622231866529e-33
    21   -1.142708256289e-17   -6.162975822039e-33
    22    7.106378130292e-18   -1.540743955510e-33
    23    4.400019508679e-18   -1.925929944387e-34
    24    2.151001602397e-19   -9.629649721936e-35
    25   -3.363399522935e-19    0.000000000000e+00
    26   -6.211021312380e-20   -3.009265538105e-36
    27    1.965619460236e-21   -1.880790961316e-37
    28   -2.511047980858e-21    0.000000000000e+00
    29   -1.088568936511e-21    0.000000000000e+00
    30    4.200035339029e-23    1.175494350822e-38
    31    6.324909477809e-23   -1.175494350822e-38
    32   -1.095475683827e-22   -4.701977403289e-38
    33   -1.215730415714e-21    0.000000000000e+00
    34   -4.541162896971e-21    7.523163845263e-37
    35   -8.933836163747e-21    0.000000000000e+00
    36   -2.023365277266e-20   -1.203706215242e-35
    37   -1.761895812607e-19    0.000000000000e+00
    38   -7.098126186070e-19   -7.824090399073e-35
    39   -1.027142499283e-18   -1.925929944387e-34
    40   -7.242529405338e-18   -7.703719777549e-34
    41    2.667965919678e-18    0.000000000000e+00
    42    1.837584916003e-17    4.930380657631e-32
    43    2.722477805554e-16   -2.465190328816e-32
    44    7.787591821836e-17   -4.930380657631e-32
    45    1.175125464705e-15   -1.972152263053e-31
    46   -1.212899166751e-14   -3.944304526105e-31
    47   -2.042049787976e-13    2.524354896707e-29
    48   -1.647143708567e-12   -1.009741958683e-28
    49   -3.836521291970e-12    2.019483917366e-28
    50   -2.444776194759e-12    8.077935669463e-28
    51   -7.690038828508e-12    3.231174267785e-27
    52    4.296058266634e-11   -1.292469707114e-26
    53    3.222666593124e-10    0.000000000000e+00
    54    6.251335900618e-09    0.000000000000e+00
    55    3.751557893208e-08    0.000000000000e+00
    56    2.435722578593e-07   -2.646977960170e-23
    57    2.312469637299e-06   -5.293955920339e-23
    58    1.744504972910e-05   -2.117582368136e-22
    59    1.024742927083e-04    0.000000000000e+00
    60    6.794863076338e-04    0.000000000000e+00
    61    4.953102998661e-03   -2.710505431214e-20
    62    4.771733140571e-02   -5.421010862428e-20
    63    5.079611414425e-01    0.000000000000e+00
