     0    1.175274313532e+01    1.040834085586e-17
     1    5.208598410128e-01    0.000000000000e+00
     2    4.983466882888e-02    2.168404344971e-19
     3    6.260934569278e-03    2.710505431214e-20
     4    7.209570661206e-04    6.776263578034e-21
     5    7.407299663646e-05   -4.235164736272e-22
     6    9.504343839872e-06   -1.058791184068e-22
     7    1.698649746396e-06   -2.646977960170e-23
     8    3.774137295804e-07    0.000000000000e+00
     9    6.831660786223e-08    1.447566071968e-24
    10    1.580765934594e-08   -1.033975765691e-25
    11    1.783395529014e-09    1.292469707114e-26
    12    4.253389964799e-10    4.200526548121e-26
    13    1.335798374885e-10    6.462348535571e-27
    14    2.237986320515e-11   -1.615587133893e-27
    15    4.346612559957e-12    5.048709793414e-29
    16    8.462381331636e-13    1.009741958683e-28
    17    3.714800081689e-14   -9.466330862652e-30
    18   -2.339205321824e-14   -1.577721810442e-30
    19   -1.578451715344e-14   -7.888609052210e-31
    20   -4.500944565556e-15    0.000000000000e+00
    21   -2.953519551401e-16   -1.232595164408e-32
    22   -1.164270268259e-16    0.000000000000e+00
    23   -1.409371996923e-17   -7.703719777549e-34
    24   -6.715606960606e-18    1.540743955510e-33
    25   -5.616734406215e-19    0.000000000000e+00
    26   -6.310334880812e-19    0.000000000000e+00
    27    6.670635226997e-21    0.000000000000e+00
    28    2.600826086180e-20   -2.256949153579e-36
    29    8.667233032529e-21    0.000000000000e+00
    30   -1.783838853913e-22    2.821186441973e-37
    31    5.018116930356e-22   -5.877471754111e-38
    32    1.324432230076e-23   -1.469367938528e-38
    33   -7.451075146160e-23   -5.877471754111e-39
    34   -3.576940583022e-22    1.175494350822e-38
    35    3.253400250590e-22   -1.880790961316e-37
    36   -3.308138588896e-21    7.523163845263e-37
    37   -8.060465747980e-21    0.000000000000e+00
    38   -6.475955092125e-21   -2.407412430484e-35
    39   -1.451376084938e-19    4.814824860968e-35
    40    5.752075910127e-19    5.777789833162e-34
    41    1.140746246021e-18    0.000000000000e+00
    42    8.944884040388e-18    1.540743955510e-33
    43    2.323802414030e-16    0.000000000000e+00
    44    3.380305785837e-17   -4.930380657631e-32
    45    1.380511689344e-15   -4.930380657631e-32
    46    1.223528156230e-14    0.000000000000e+00
    47    3.173590390855e-14   -1.577721810442e-30
    48    4.636733682396e-14    9.466330862652e-30
    49    4.295144690636e-13   -1.009741958683e-28
    50   -1.608430161184e-12   -1.009741958683e-28
    51   -3.072107338882e-12   -8.077935669463e-28
    52    5.606127559731e-12    4.038967834732e-27
    53    3.755380362147e-10    0.000000000000e+00
    54    4.463405076232e-09   -2.584939414228e-25
    55    3.340362740109e-08   -4.135903062765e-25
    56    2.687640572520e-07    1.654361225106e-24
    57    1.574425529744e-06    1.323488980085e-23
    58    1.076054187557e-05    0.000000000000e+00
    59    8.392405120162e-05    8.470329472543e-22
    60    6.888269135754e-04    3.388131789017e-21
    61    5.593177133084e-03    2.710505431214e-20
    62    5.184137668419e-02   -5.421010862428e-20
    63    5.222611370124e-01    1.734723475977e-18
