     0    1.134681273212e+01    3.469446951954e-18
     1    5.091060701429e-01   -8.673617379884e-19
     2    4.994072677557e-02    1.084202172486e-19
     3    4.808572889854e-03    2.032879073410e-20
     4    5.003986517602e-04    0.000000000000e+00
     5    6.412760637018e-05   -3.970466940255e-22
     6    7.351660987510e-06   -1.323488980085e-23
     7    7.692868373838e-07   -6.617444900424e-24
     8    2.303711219764e-07    0.000000000000e+00
     9    6.627946847560e-08    0.000000000000e+00
    10    1.986510368589e-08    0.000000000000e+00
    11    5.303590005409e-09    0.000000000000e+00
    12    1.751399250588e-09   -6.462348535571e-26
    13    2.608041946782e-10   -1.130910993725e-26
    14    1.007561263521e-10    1.615587133893e-27
    15    7.040092756554e-12   -1.262177448354e-28
    16    3.008619871267e-13   -1.262177448354e-29
    17   -9.466635834768e-14    0.000000000000e+00
    18    1.120495558047e-14    0.000000000000e+00
    19   -2.228161135207e-15    3.944304526105e-31
    20   -2.092206569915e-15   -1.479114197289e-31
    21   -5.827658302150e-16   -6.162975822039e-33
    22   -7.108993531883e-17    3.081487911020e-33
    23   -1.137809231066e-17    0.000000000000e+00
    24   -6.296794573431e-18    1.925929944387e-34
    25   -9.711374597181e-19    3.611118645726e-35
    26    1.039541474149e-19    6.018531076210e-36
    27    4.131840514405e-20   -3.009265538105e-36
    28    5.592399510986e-22   -3.761581922631e-37
    29   -1.219299457156e-21    1.880790961316e-37
    30    4.269162621878e-22   -4.701977403289e-38
    31    7.064159697583e-22   -1.175494350822e-38
    32    7.256926482604e-22    3.526483052467e-38
    33    8.833631616546e-22   -2.350988701645e-38
    34    1.405044045629e-21    1.880790961316e-37
    35   -1.370480492531e-20    0.000000000000e+00
    36   -1.094244315473e-19   -1.504632769053e-36
    37   -8.306833742350e-19    6.018531076210e-36
    38   -4.770805531698e-18   -1.925929944387e-34
    39   -8.197970576162e-18    0.000000000000e+00
    40   -2.455564947494e-18    0.000000000000e+00
    41    5.447272522061e-17   -1.540743955510e-33
    42    1.059652292304e-16    2.465190328816e-32
    43    6.536420648245e-16    1.972152263053e-31
    44    4.470360721464e-15   -7.888609052210e-31
    45    2.386390492920e-14    7.888609052210e-31
    46    9.366117246591e-14    0.000000000000e+00
    47    7.076218346873e-13    1.893266172530e-29
    48    2.882806232366e-12    0.000000000000e+00
    49    8.495493000585e-12    0.000000000000e+00
    50    3.150886447538e-11    8.077935669463e-28
    51    1.629049401403e-10    8.077935669463e-28
    52    4.784029581462e-10    2.908056841007e-26
    53    1.797895468049e-09    0.000000000000e+00
    54    1.480657541162e-08    3.618915179919e-25
    55    9.099038026130e-08    0.000000000000e+00
    56    3.871263619553e-07    4.963083675318e-24
    57    2.336444706159e-06    1.124965633072e-22
    58    1.510929565015e-05    0.000000000000e+00
    59    1.290769182477e-04   -1.694065894509e-21
    60    1.025490140984e-03    6.776263578034e-21
    61    6.258811107038e-03   -2.710505431214e-20
    62    5.259262618084e-02   -2.168404344971e-19
    63    5.085582546201e-01    3.469446951954e-18
