     0    1.208803850907e+01    1.040834085586e-17
     1    5.408564596072e-01   -8.673617379884e-19
     2    5.432868037474e-02    0.000000000000e+00
     3    5.452444963680e-03    0.000000000000e+00
     4    6.772306670608e-04   -3.388131789017e-21
     5    8.540018969841e-05    1.270549420881e-21
     6    1.140824347082e-05   -2.646977960170e-23
     7    2.166759394758e-06    5.624828165361e-23
     8    4.126710087601e-07    6.617444900424e-24
     9    8.271439271893e-08    8.271806125530e-25
    10    1.004141501166e-08    0.000000000000e+00
    11    1.847510310653e-09    0.000000000000e+00
    12    4.130102737586e-10    1.615587133893e-27
    13    9.259261790710e-11   -3.635071051258e-27
    14    1.993631351921e-11   -6.058451752097e-28
    15    4.396626141138e-12    0.000000000000e+00
    16    7.770652221753e-13    2.524354896707e-29
    17    2.467827835209e-13   -1.262177448354e-29
    18    4.451728857249e-14    0.000000000000e+00
    19    2.476917633157e-15    7.888609052210e-31
    20    7.663355720427e-15    0.000000000000e+00
    21    7.336592166865e-16    2.465190328816e-32
    22   -5.474932739601e-17    3.697785493223e-32
    23   -2.626945887977e-17    6.162975822039e-33
    24   -8.260782522232e-18   -3.081487911020e-33
    25   -8.089952862159e-18   -3.851859888774e-34
    26   -7.087158426175e-19    0.000000000000e+00
    27   -7.851650890910e-20    6.620384183831e-35
    28    7.676258056912e-20    6.770847460736e-36
    29    4.035050866543e-20   -1.504632769053e-35
    30    1.704663317991e-21   -6.582768364605e-37
    31    6.330018545327e-22   -9.403954806578e-38
    32    6.807640050078e-24    8.816207631167e-39
    33    1.465030013479e-22    2.938735877056e-39
    34    3.024446520653e-22    0.000000000000e+00
    35    2.290913867315e-21   -4.349329098042e-37
    36    1.257647780260e-20   -2.492048023743e-36
    37    3.306893609927e-20    3.009265538105e-36
    38   -1.077486000881e-20    1.805559322863e-35
    39   -1.949398976407e-19   -2.407412430484e-35
    40    2.131397979115e-18    1.925929944387e-34
    41    6.026112657437e-19    8.666684749743e-34
    42    1.657565396643e-18   -1.155557966632e-33
    43    1.814674966920e-16    0.000000000000e+00
    44    1.400012268376e-15   -9.860761315263e-32
    45    1.235474904412e-14    1.972152263053e-31
    46    2.693483655827e-14    0.000000000000e+00
    47    4.982314834478e-14   -3.155443620884e-30
    48   -1.448005568008e-14   -1.262177448354e-29
    49   -2.963558402230e-13    2.524354896707e-29
    50   -6.078731935846e-12   -2.019483917366e-28
    51    3.491181498467e-12    8.077935669463e-28
    52   -4.961275152411e-11    0.000000000000e+00
    53    8.020114305316e-11   -5.169878828456e-26
    54   -2.244470441777e-10    0.000000000000e+00
    55    1.209549619916e-10    2.067951531383e-25
    56    3.964282191184e-08    0.000000000000e+00
    57    5.712077942100e-07    9.926167350636e-24
    58    7.374028091940e-06    0.000000000000e+00
    59    7.725674299445e-05    8.470329472543e-22
    60    7.269589452383e-04    0.000000000000e+00
    61    6.315648829446e-03   -1.355252715607e-20
    62    5.581620850977e-02   -2.168404344971e-19
    63    5.436173248152e-01    1.734723475977e-18
