     0    1.174673209096e+01   -8.673617379884e-19
     1    5.169945104874e-01   -3.035766082959e-18
     2    5.077982567428e-02    0.000000000000e+00
     3    6.151584394574e-03   -2.710505431214e-20
     4    8.688921134884e-04    3.388131789017e-21
     5    1.173408254042e-04    6.352747104407e-22
     6    1.408229490138e-05   -2.646977960170e-22
     7    2.100576289599e-06    3.308722450212e-23
     8    2.633486834634e-07    4.135903062765e-25
     9    7.653223112197e-08    0.000000000000e+00
    10    1.953898952430e-08   -2.067951531383e-25
    11    3.138966941941e-09   -5.169878828456e-26
    12    4.438017907157e-10    0.000000000000e+00
    13    8.266939915766e-11    0.000000000000e+00
    14    5.583993100719e-12   -8.077935669463e-28
    15    8.008711911900e-13    0.000000000000e+00
    16    3.084642139715e-13    0.000000000000e+00
    17    3.234673552607e-15    6.310887241768e-30
    18    5.040780304304e-14   -1.577721810442e-30
    19    1.620609388617e-15   -7.888609052210e-31
    20   -1.272632458772e-15   -7.395570986447e-32
    21   -4.127982215195e-16   -2.465190328816e-32
    22   -9.715451303112e-17    1.232595164408e-32
    23    2.779262022657e-17   -3.081487911020e-33
    24   -3.324058823161e-18   -1.925929944387e-34
    25   -1.466845073049e-18    1.925929944387e-34
    26   -4.389033577834e-19   -4.814824860968e-35
    27   -2.096467195339e-19    3.009265538105e-36
    28   -4.779335082513e-20    3.761581922631e-37
    29   -5.631740907479e-21   -4.701977403289e-38
    30   -3.339583888173e-21    2.586087571809e-37
    31   -5.202513885137e-22   -1.175494350822e-38
    32    5.635047588686e-24    1.175494350822e-38
    33   -3.521242827074e-22   -1.763241526233e-38
    34    2.869744973132e-21   -2.115889831480e-37
    35    1.185674595794e-20    9.874152546907e-37
    36    4.082620664612e-20    0.000000000000e+00
    37   -1.645995702671e-20    0.000000000000e+00
    38    7.393478064808e-19    3.611118645726e-35
    39    4.959047242614e-18    4.814824860968e-35
    40   -8.227184685406e-18    0.000000000000e+00
    41   -4.564392552130e-17    0.000000000000e+00
    42    1.035798569609e-16    0.000000000000e+00
    43    6.706242929896e-16    3.081487911020e-33
    44    1.462666177162e-15   -2.465190328816e-32
    45    9.905247476236e-16   -2.958228394579e-31
    46    3.781086018005e-16    0.000000000000e+00
    47   -1.197891995703e-13   -1.577721810442e-30
    48   -3.201830112990e-14    7.888609052210e-30
    49    8.418331202195e-14    0.000000000000e+00
    50   -3.513148456572e-13    3.534096855390e-28
    51   -2.941702309857e-11   -8.077935669463e-28
    52   -2.281009073157e-10   -2.746498127617e-26
    53    4.231876689938e-10    6.462348535571e-27
    54    3.008233418388e-09   -1.809457589960e-25
    55    2.083004239762e-08    2.171349107952e-24
    56    1.076648210521e-07    6.617444900424e-24
    57    9.471701421697e-07    1.985233470127e-23
    58    8.618735556589e-06    7.940933880509e-23
    59    8.358326790288e-05    8.470329472543e-22
    60    7.231366556219e-04    1.694065894509e-21
    61    5.656070956880e-03    1.355252715607e-20
    62    5.459386668942e-02   -8.131516293641e-20
    63    5.625801930523e-01    3.035766082959e-18
