     0    1.134476909680e+01    0.000000000000e+00
     1    5.302420890083e-01   -8.673617379884e-19
     2    5.235792112705e-02    5.421010862428e-20
     3    4.929715944753e-03   -1.355252715607e-20
     4    5.437305389088e-04   -3.388131789017e-21
     5    5.845465787935e-05    2.117582368136e-22
     6    6.729276848300e-06   -1.058791184068e-22
     7    8.882722540624e-07    1.985233470127e-23
     8    1.181944891737e-07    6.617444900424e-24
     9    1.906712215917e-08    0.000000000000e+00
    10    3.914888604928e-09    0.000000000000e+00
    11    7.136439788803e-10   -5.169878828456e-26
    12    3.363285559556e-10    6.462348535571e-27
    13    2.644166341013e-11   -8.077935669463e-28
    14    1.610959714020e-12    0.000000000000e+00
    15   -8.658253747511e-13    0.000000000000e+00
    16   -2.917936538697e-13    0.000000000000e+00
    17    1.176247205723e-14    1.577721810442e-30
    18   -7.393512215077e-15    0.000000000000e+00
    19   -3.853323904535e-16    1.232595164408e-31
    20   -3.622984236492e-17   -1.232595164408e-32
    21    1.832574061673e-17    1.540743955510e-33
    22    3.404049119179e-18    0.000000000000e+00
    23   -2.523627964399e-18   -2.888894916581e-34
    24   -1.798274219903e-19    2.106485876674e-35
    25   -1.427729831784e-20   -3.009265538105e-36
    26    3.743545353155e-20   -1.504632769053e-36
    27    8.556659987851e-21   -7.523163845263e-37
    28    1.973721285338e-21    0.000000000000e+00
    29   -8.762372716342e-22    1.175494350822e-37
    30   -4.997242210007e-22   -3.232609464761e-38
    31   -4.808111329122e-23    0.000000000000e+00
    32    7.669093906630e-24    1.836709923160e-39
    33    6.586488837536e-23   -5.877471754111e-39
    34   -3.755644633027e-23    3.526483052467e-38
    35    4.279048324869e-22   -4.701977403289e-38
    36    8.394302874342e-21    3.761581922631e-37
    37    4.531261262445e-20    9.403954806578e-37
    38    1.574839774030e-19   -6.018531076210e-36
    39    5.887503592500e-19    2.407412430484e-35
    40    7.663984308383e-19    2.407412430484e-35
    41   -4.708667952459e-19   -7.703719777549e-34
    42   -8.472549540499e-18    1.540743955510e-33
    43   -7.721281505377e-17    0.000000000000e+00
    44   -1.672784528323e-16    6.162975822039e-33
    45    2.055312359477e-15    0.000000000000e+00
    46    2.769184541888e-14   -7.888609052210e-31
    47    4.702174468438e-14   -6.310887241768e-30
    48   -2.830945793292e-13   -5.995342879680e-29
    49   -8.130740177568e-13    0.000000000000e+00
    50    5.376137585848e-12    5.048709793414e-28
    51    3.107781652824e-11   -8.077935669463e-28
    52    1.273710700271e-10    3.231174267785e-27
    53    5.772618093476e-10   -1.292469707114e-26
    54    3.662434973665e-09   -1.033975765691e-25
    55    3.301547279593e-08   -4.135903062765e-25
    56    2.293330486072e-07    1.654361225106e-24
    57    1.320664145994e-06    0.000000000000e+00
    58    1.037241862283e-05    5.293955920339e-23
    59    8.858099535645e-05    0.000000000000e+00
    60    6.355048223052e-04    1.694065894509e-21
    61    5.156154075552e-03    0.000000000000e+00
    62    4.531789197093e-02    5.421010862428e-20
    63    5.077502642103e-01    0.000000000000e+00
