     0    1.165190020905e+01    3.469446951954e-18
     1    4.906661959878e-01   -4.336808689942e-19
     2    4.782559851346e-02    1.626303258728e-19
     3    5.004387197383e-03    0.000000000000e+00
     4    6.088181070356e-04   -5.082197683526e-21
     5    6.409592974926e-05   -6.352747104407e-22
     6    8.203259222164e-06    0.000000000000e+00
     7    1.232941457071e-06    6.617444900424e-24
     8    1.959798349331e-07    5.293955920339e-23
     9    2.217893633943e-08    0.000000000000e+00
    10   -6.670716358232e-09   -2.067951531383e-25
    11   -9.797354427392e-10   -7.754818242685e-26
    12   -3.661610869762e-10   -6.462348535571e-27
    13   -1.297330200691e-10    0.000000000000e+00
    14   -2.306872974714e-11   -1.615587133893e-27
    15   -6.227878079798e-12    0.000000000000e+00
    16    2.993970930485e-13    1.009741958683e-28
    17   -2.497645140950e-14   -1.262177448354e-29
    18   -2.900126986010e-14    6.310887241768e-30
    19   -5.084686503908e-14   -3.155443620884e-30
    20   -2.360870962546e-15    1.972152263053e-31
    21    4.216369679697e-16    5.546678239835e-32
    22    5.075384764977e-16   -2.465190328816e-32
    23    9.302275533746e-17   -3.081487911020e-33
    24    1.797333466008e-17    0.000000000000e+00
    25    4.411911647269e-18    0.000000000000e+00
    26    1.091158681013e-18    1.203706215242e-35
    27    2.610238085313e-19    6.018531076210e-36
    28    1.005043645799e-19   -3.761581922631e-36
    29    4.886091477327e-20    7.523163845263e-37
    30    6.982036295255e-21    0.000000000000e+00
    31    1.256923507427e-21   -2.350988701645e-38
    32    3.279632144523e-22    5.877471754111e-39
    33    1.453159609923e-22    2.350988701645e-38
    34   -4.957851853018e-22   -2.350988701645e-38
    35   -1.509023283732e-21   -4.701977403289e-38
    36   -3.133466480239e-20    0.000000000000e+00
    37    1.638446376006e-20   -9.027796614315e-36
    38    8.571949410953e-19    3.009265538105e-35
    39    2.681605659831e-18   -9.629649721936e-35
    40    8.489792407257e-18   -1.925929944387e-34
    41    1.553010911503e-17    2.311115933265e-33
    42    1.101452180596e-16    7.703719777549e-33
    43    1.731692507609e-16    2.773339119918e-32
    44    1.414407657095e-15   -1.479114197289e-31
    45   -3.143237771723e-15    3.944304526105e-31
    46   -3.326224189748e-15   -7.888609052210e-31
    47    1.244243900983e-13   -3.155443620884e-30
    48    4.613582509789e-13   -1.262177448354e-29
    49    1.018949161398e-12    2.524354896707e-29
    50    4.346101407363e-13   -2.019483917366e-28
    51    3.773113444448e-12   -4.846761401678e-27
    52    2.565081424024e-10    8.885729236409e-27
    53    2.061483707852e-09   -4.523643974899e-26
    54    1.342940033873e-08    0.000000000000e+00
    55    4.977665639662e-08   -4.135903062765e-25
    56    3.005760952585e-07    3.308722450212e-24
    57    1.672612561191e-06    2.646977960170e-23
    58    8.207853978911e-06   -3.970466940255e-23
    59    8.557681109968e-05   -4.235164736272e-22
    60    5.314235397809e-04    8.470329472543e-22
    61    4.462969850326e-03   -6.776263578034e-21
    62    4.737710826344e-02   -2.710505431214e-20
    63    5.098850236889e-01   -8.673617379884e-19
