     0    1.228562982655e+01   -1.387778780781e-17
     1    5.329692057561e-01    8.673617379884e-19
     2    5.011235863692e-02    1.084202172486e-19
     3    5.331884850437e-03    1.355252715607e-20
     4    5.694516468434e-04    3.388131789017e-21
     5    7.211155789547e-05    7.940933880509e-22
     6    8.191179628699e-06    0.000000000000e+00
     7    1.151877828561e-06    3.308722450212e-24
     8    2.656563185195e-07    0.000000000000e+00
     9    2.970706647491e-08    3.101927297074e-25
    10    3.084700084842e-09   -1.033975765691e-25
    11    2.971326035584e-10    1.292469707114e-26
    12    1.527067067506e-11    0.000000000000e+00
    13   -2.811363359329e-12    8.077935669463e-28
    14   -3.136215916905e-13   -3.534096855390e-28
    15    4.402843812647e-13   -2.524354896707e-29
    16    1.037163887758e-13    6.310887241768e-30
    17    1.820322770265e-14   -3.155443620884e-30
    18    6.344470934667e-17    0.000000000000e+00
    19    5.158011057750e-16   -1.972152263053e-31
    20    6.993419392600e-16   -3.697785493223e-32
    21    2.169843296750e-16    0.000000000000e+00
    22    1.588160293471e-17   -7.703719777549e-34
    23    1.174126314356e-18    1.540743955510e-33
    24   -9.739042148757e-19   -1.925929944387e-34
    25   -2.134360066264e-19    2.407412430484e-35
    26   -1.297281390646e-20   -1.504632769053e-35
    27   -5.317274080491e-21   -1.504632769053e-36
    28   -5.383212079095e-21    3.761581922631e-37
    29    2.450337301394e-22    2.821186441973e-37
    30    3.280198771363e-22   -2.057115113939e-38
    31    2.356177869195e-22   -5.877471754111e-39
    32    5.836712943821e-23   -2.938735877056e-39
    33   -4.849507281894e-22   -4.701977403289e-38
    34   -3.289613626629e-21    9.403954806578e-38
    35   -1.557083354471e-21   -1.504632769053e-36
    36    6.817628842618e-20    6.018531076210e-36
    37    8.989309686993e-19   -2.407412430484e-35
    38    7.032545403721e-18   -9.629649721936e-35
    39    7.916065431352e-18    4.814824860968e-35
    40    1.018434705579e-17    0.000000000000e+00
    41    1.025346421840e-16   -7.703719777549e-34
    42    2.530587722209e-16    1.232595164408e-32
    43   -4.889796853945e-16   -2.157041537714e-32
    44   -4.296043565222e-15    0.000000000000e+00
    45   -1.468993816158e-14   -1.774937036747e-30
    46   -2.344111883898e-14    1.972152263053e-30
    47   -8.341214812596e-14    9.466330862652e-30
    48   -4.117686237403e-13    3.786532345061e-29
    49   -6.170779358606e-13   -1.514612938024e-28
    50    4.036815039450e-12   -6.058451752097e-28
    51    3.040302196758e-11    8.077935669463e-28
    52    2.270654074250e-10    1.292469707114e-26
    53    1.681923645545e-09   -5.169878828456e-26
    54    6.175933938886e-09    5.169878828456e-26
    55    3.743634145408e-08   -1.033975765691e-24
    56    1.043301260365e-07   -1.654361225106e-24
    57    8.525294215202e-07   -3.308722450212e-24
    58    7.562278715957e-06    1.323488980085e-23
    59    5.704374206316e-05   -1.588186776102e-22
    60    5.617014257053e-04   -1.694065894509e-21
    61    5.130264071481e-03   -2.710505431214e-20
    62    4.999049626979e-02    0.000000000000e+00
    63    5.356774343877e-01   -8.673617379884e-19
