     0    1.127200990682e+01    3.469446951954e-18
     1    5.077664708118e-01    1.084202172486e-19
     2    4.669216239260e-02    1.084202172486e-19
     3    4.953759165475e-03    0.000000000000e+00
     4    5.910003074037e-04   -3.176373552204e-21
     5    6.651680930155e-05   -4.235164736272e-22
     6    7.589859290591e-06    0.000000000000e+00
     7    1.282484215162e-06    0.000000000000e+00
     8    3.508064464162e-07    0.000000000000e+00
     9    7.438428140117e-08   -8.271806125530e-25
    10    1.589055178325e-08    0.000000000000e+00
    11    2.285607903405e-09    2.584939414228e-26
    12    3.255690866416e-10    0.000000000000e+00
    13    6.378600112895e-11   -3.231174267785e-27
    14    1.069799150181e-11   -2.019483917366e-28
    15    1.408993978150e-13    1.514612938024e-28
    16    6.147241624992e-14   -6.310887241768e-30
    17   -3.657852608254e-15    3.155443620884e-30
    18   -2.795187416625e-14   -7.888609052210e-31
    19   -1.947720869673e-15   -4.930380657631e-32
    20   -4.381389626462e-16   -3.697785493223e-32
    21   -1.428687157293e-16   -1.232595164408e-32
    22   -2.394809702657e-17    0.000000000000e+00
    23   -6.878506902125e-19    0.000000000000e+00
    24    7.469854256029e-18   -9.629649721936e-34
    25    9.185303431610e-19    0.000000000000e+00
    26    2.321909669328e-19   -1.805559322863e-35
    27    5.188226124966e-20   -1.504632769053e-36
    28    5.803019814220e-21    0.000000000000e+00
    29    2.172926148409e-21    9.403954806578e-38
    30    9.476507977770e-22    0.000000000000e+00
    31    4.057849271631e-22   -1.175494350822e-38
    32    1.351440423130e-22    0.000000000000e+00
    33    6.338262265894e-23   -7.346839692639e-40
    34    8.089713368835e-23   -1.175494350822e-38
    35    4.267098318040e-22    0.000000000000e+00
    36    1.694766200336e-22   -7.523163845263e-37
    37    9.655644570646e-21    0.000000000000e+00
    38    2.438427960166e-20   -1.203706215242e-35
    39   -4.988210197157e-20    0.000000000000e+00
    40   -9.136628688631e-19   -4.814824860968e-35
    41    4.606927839176e-19    1.925929944387e-33
    42    3.528488168581e-18   -1.078520768857e-32
    43    2.944553293663e-17   -4.930380657631e-32
    44    4.273541047804e-17   -4.930380657631e-32
    45    3.445183552336e-18    7.888609052210e-31
    46   -7.132854687972e-16   -4.733165431326e-30
    47    1.396816139106e-14   -6.310887241768e-30
    48    6.751825682160e-14   -2.524354896707e-29
    49    1.686506062083e-13   -2.019483917366e-28
    50   -1.789166155089e-12    8.077935669463e-28
    51   -7.681490116816e-12    0.000000000000e+00
    52   -5.473795177951e-11    3.231174267785e-26
    53   -1.761172653638e-11   -1.292469707114e-26
    54    1.333228954499e-09   -2.584939414228e-25
    55    1.154847734988e-08    0.000000000000e+00
    56    1.120291638762e-07   -7.444625512977e-24
    57    8.498842318653e-07    8.685396431807e-24
    58    5.925318237489e-06   -3.970466940255e-23
    59    4.742730973612e-05   -1.058791184068e-22
    60    4.247195882758e-04   -7.411538288475e-22
    61    4.873598627215e-03    6.776263578034e-21
    62    4.823007960896e-02   -2.710505431214e-20
    63    4.921113220647e-01    3.035766082959e-18
