     0    1.131899362971e+01    6.938893903907e-18
     1    5.162564516658e-01    0.000000000000e+00
     2    5.103649145859e-02    0.000000000000e+00
     3    5.914471715754e-03   -2.710505431214e-20
     4    6.586631199239e-04    8.470329472543e-22
     5    1.069178695312e-04    2.541098841763e-21
     6    1.954911162546e-05    0.000000000000e+00
     7    2.324011654946e-06    2.646977960170e-23
     8    3.246351683938e-07   -3.308722450212e-24
     9    2.187858100779e-08    0.000000000000e+00
    10    1.764980983748e-09    1.033975765691e-25
    11   -1.389872376106e-11    0.000000000000e+00
    12    3.268595952263e-12   -9.693522803356e-27
    13    1.460419732127e-11   -8.077935669463e-28
    14    5.218938632895e-12   -1.009741958683e-28
    15    1.782577369244e-12    5.048709793414e-29
    16   -1.607752779880e-13    2.524354896707e-29
    17   -3.584177647078e-14    0.000000000000e+00
    18   -1.995451810110e-14   -1.577721810442e-30
    19    4.837220817681e-16    2.465190328816e-31
    20    1.121493975993e-15    0.000000000000e+00
    21    3.148257740474e-16    3.697785493223e-32
    22    4.128537383933e-17    1.232595164408e-32
    23    8.902969582034e-18   -2.311115933265e-33
    24    1.630138691773e-18    5.777789833162e-34
    25    9.720500651084e-19   -9.629649721936e-35
    26    2.070829061736e-19    1.203706215242e-35
    27    1.777550632318e-20    1.504632769053e-36
    28    3.853688219308e-21    7.523163845263e-37
    29   -1.059038525764e-21    3.761581922631e-37
    30   -6.421703662214e-22    4.701977403289e-38
    31   -2.050461883282e-22   -5.877471754111e-39
    32   -7.167023632539e-23    0.000000000000e+00
    33   -3.510494711207e-23    0.000000000000e+00
    34   -2.961262229507e-22    1.175494350822e-38
    35   -8.734122194622e-22    7.052966104934e-38
    36   -9.412307181900e-21   -3.761581922631e-37
    37   -4.591707405145e-20    3.761581922631e-36
    38   -1.927926063799e-19    1.504632769053e-36
    39   -1.408807844314e-18    1.805559322863e-35
    40   -2.359222712408e-18    0.000000000000e+00
    41   -1.578836738556e-17   -7.703719777549e-34
    42   -7.989236699457e-17    3.081487911020e-33
    43   -3.059689122002e-16   -1.848892746612e-32
    44   -7.945093776397e-17    0.000000000000e+00
    45    2.904667129809e-15    1.972152263053e-31
    46    5.558696128604e-15    0.000000000000e+00
    47   -1.868447709447e-14    0.000000000000e+00
    48   -4.747116439272e-14    0.000000000000e+00
    49   -1.112064723274e-12    0.000000000000e+00
    50   -6.822528331953e-12    2.019483917366e-28
    51   -2.682397410988e-11    0.000000000000e+00
    52   -1.300597350529e-10    1.615587133893e-26
    53    1.147820278190e-10    1.292469707114e-26
    54    2.145223561577e-09    5.169878828456e-26
    55    9.578483679640e-09    8.271806125530e-25
    56    8.841610042235e-08    8.271806125530e-25
    57    7.281166722352e-07   -1.323488980085e-23
    58    5.846783231074e-06    0.000000000000e+00
    59    4.671983015379e-05    0.000000000000e+00
    60    4.426967197018e-04    0.000000000000e+00
    61    4.782667473680e-03    0.000000000000e+00
    62    4.748740134358e-02    1.084202172486e-19
    63    5.057064194614e-01    1.734723475977e-18
