     0    1.185661387389e+01   -1.734723475977e-17
     1    5.439223315799e-01   -1.517883041480e-18
     2    5.324795356633e-02    2.168404344971e-19
     3    5.252916599851e-03   -1.355252715607e-20
     4    5.075481574057e-04    0.000000000000e+00
     5    4.980345518065e-05    2.117582368136e-22
     6    5.088370212252e-06    2.646977960170e-23
     7    4.144597319554e-07    6.617444900424e-24
     8    9.803234531460e-09   -4.135903062765e-24
     9   -5.297093950608e-09    4.135903062765e-25
    10    9.216004797136e-10   -2.067951531383e-25
    11    2.967752796314e-10    1.130910993725e-26
    12    9.339296381124e-12   -6.462348535571e-27
    13   -2.863907402103e-12    2.019483917366e-28
    14   -4.496904202431e-12    1.262177448354e-28
    15   -6.752265911086e-13    4.417621069238e-29
    16   -1.107978456893e-13    0.000000000000e+00
    17    5.840139588534e-14    7.888609052210e-30
    18    9.356157755973e-15    9.860761315263e-31
    19    1.201467160980e-15    4.930380657631e-32
    20   -2.160465506336e-16    2.465190328816e-32
    21   -2.973933599363e-18    2.696301922142e-33
    22    1.133984134871e-17   -1.540743955510e-33
    23    4.744026719191e-19    4.814824860968e-34
    24   -3.079586795783e-19    4.814824860968e-35
    25   -1.366572374987e-19    0.000000000000e+00
    26   -6.050261904426e-20   -1.203706215242e-35
    27   -4.359890380029e-21    1.504632769053e-36
    28    1.209502878881e-21   -1.880790961316e-37
    29    1.122299643592e-21    1.175494350822e-37
    30    6.619816445586e-22   -2.350988701645e-38
    31    5.230095515404e-23    5.877471754111e-39
    32    1.401115774707e-22    0.000000000000e+00
    33   -5.226382767664e-22    0.000000000000e+00
    34   -2.425694141448e-21    7.052966104934e-38
    35   -1.361100224503e-20   -1.880790961316e-37
    36   -3.670641898615e-20   -6.018531076210e-36
    37   -1.456369595397e-19    0.000000000000e+00
    38   -5.477643235735e-19    2.407412430484e-35
    39    1.984159876988e-18    0.000000000000e+00
    40    9.869765813763e-18   -2.888894916581e-34
    41    3.976485188609e-17   -1.540743955510e-33
    42    6.842511338513e-17    9.244463733059e-33
    43    3.061488133915e-16   -1.232595164408e-32
    44    6.391075822315e-16    0.000000000000e+00
    45    3.924279780776e-15    9.860761315263e-32
    46    1.324662798232e-14    1.972152263053e-31
    47    3.570666647658e-14    0.000000000000e+00
    48    2.828412509291e-13   -1.262177448354e-29
    49    1.365892725986e-12   -1.009741958683e-28
    50    5.053588739683e-12   -8.077935669463e-28
    51    1.640765749835e-11    0.000000000000e+00
    52    6.761079004139e-11   -6.462348535571e-27
    53    6.116398977572e-10    2.584939414228e-26
    54    4.139556554462e-09    1.033975765691e-25
    55    2.272343578444e-08    1.240770918830e-24
    56    1.577913199179e-07    1.654361225106e-24
    57    1.164836700689e-06   -1.323488980085e-23
    58    8.484958475339e-06    2.646977960170e-22
    59    7.890680667473e-05    0.000000000000e+00
    60    6.886910389862e-04    5.082197683526e-21
    61    6.094121422992e-03   -1.355252715607e-20
    62    5.755738167440e-02   -3.252606517457e-19
    63    5.475880602157e-01    1.301042606983e-18
