     0    1.162695766707e+01   -2.081668171172e-17
     1    5.010420552507e-01   -4.336808689942e-19
     2    4.751890259859e-02    2.168404344971e-19
     3    4.343903384421e-03    2.879912020665e-20
     4    4.154703289925e-04   -5.082197683526e-21
     5    5.081731709357e-05   -4.235164736272e-22
     6    6.050294813254e-06    0.000000000000e+00
     7    7.595606302726e-07   -1.985233470127e-23
     8    8.606194038948e-08    0.000000000000e+00
     9    8.341052733718e-09    0.000000000000e+00
    10    3.394742332341e-09   -1.033975765691e-25
    11    3.173215644172e-10    9.289626019883e-27
    12    2.392464791492e-10    6.462348535571e-27
    13    8.273795014458e-12    8.077935669463e-28
    14   -8.023190093779e-12   -4.038967834732e-28
    15   -2.265386279151e-12   -6.310887241768e-29
    16   -1.697672878536e-13   -1.893266172530e-29
    17   -1.424994626674e-13    3.155443620884e-30
    18    2.624731752075e-14    0.000000000000e+00
    19    3.151753870645e-15    2.958228394579e-31
    20    8.297570083299e-16   -3.697785493223e-32
    21   -1.049287843953e-16    3.081487911020e-33
    22    2.067891609714e-17    1.540743955510e-33
    23   -1.382410157049e-18    0.000000000000e+00
    24    1.509316483401e-18    0.000000000000e+00
    25   -4.308476596839e-21   -9.629649721936e-35
    26    1.435352951908e-19    6.018531076210e-36
    27   -7.132170415747e-21    4.137740114894e-36
    28   -5.195875940829e-21   -6.582768364605e-37
    29   -1.342458195619e-21   -9.403954806578e-38
    30   -3.608286404870e-22    8.081523661903e-39
    31    3.567930736701e-23   -2.057115113939e-38
    32    6.164779100058e-23   -1.175494350822e-38
    33   -1.340329787969e-22   -4.114230227878e-38
    34   -6.180329356560e-22    5.877471754111e-39
    35   -4.867507409610e-22   -1.880790961316e-37
    36    6.413178335925e-22    7.523163845263e-37
    37    5.847763765689e-20    0.000000000000e+00
    38    2.519615288635e-19    2.407412430484e-35
    39    1.567322948571e-18   -4.814824860968e-35
    40    5.750769815046e-18   -1.925929944387e-34
    41    1.897710800867e-17   -1.540743955510e-33
    42    1.164428722981e-17    0.000000000000e+00
    43   -1.010162909879e-16   -2.465190328816e-32
    44   -5.115269792419e-16    0.000000000000e+00
    45   -4.938439524791e-15    3.081487911020e-32
    46   -4.894229326283e-15    7.888609052210e-31
    47    7.042257687465e-14    0.000000000000e+00
    48   -2.112672465737e-13    2.524354896707e-29
    49   -2.460555076711e-12    2.524354896707e-29
    50   -1.409589120762e-11    0.000000000000e+00
    51   -8.083105687835e-11   -4.038967834732e-28
    52   -1.691431019036e-10    3.231174267785e-27
    53   -1.894746023218e-10    1.292469707114e-26
    54    9.353715127506e-10   -1.033975765691e-25
    55    1.859723576209e-08    0.000000000000e+00
    56    1.064277194142e-07   -9.926167350636e-24
    57    1.087279919580e-06   -1.323488980085e-23
    58    7.258562540453e-06   -1.058791184068e-22
    59    7.485726392260e-05    7.411538288475e-22
    60    6.086913459169e-04   -8.470329472543e-22
    61    5.182533871723e-03    1.016439536705e-20
    62    5.265188656291e-02    1.897353801850e-19
    63    5.663003078947e-01    8.673617379884e-19
