     0    1.233977508509e+01   -1.734723475977e-18
     1    5.284344189744e-01    8.673617379884e-19
     2    4.385872460146e-02    2.168404344971e-19
     3    5.221277533548e-03    0.000000000000e+00
     4    5.959366258158e-04   -1.694065894509e-21
     5    6.730240915056e-05   -4.235164736272e-22
     6    5.714489946961e-06    1.058791184068e-22
     7    6.586917542097e-07    2.646977960170e-23
     8    1.742355904980e-07    1.654361225106e-24
     9    2.439346809367e-08   -1.240770918830e-24
    10    3.675112841909e-09    0.000000000000e+00
    11    2.579734083657e-10    0.000000000000e+00
    12    8.047967435961e-11    0.000000000000e+00
    13    6.728095757964e-12   -1.615587133893e-27
    14    2.068093688859e-12    0.000000000000e+00
    15   -4.272275675537e-12    0.000000000000e+00
    16   -5.457403186982e-13    0.000000000000e+00
    17   -1.675343951930e-15    0.000000000000e+00
    18    3.626435116151e-14   -1.972152263053e-31
    19    6.461126445809e-15    7.395570986447e-32
    20   -5.436340267916e-16    0.000000000000e+00
    21   -1.567782394874e-16   -1.232595164408e-32
    22   -8.318139014285e-17   -6.162975822039e-33
    23   -2.237369867251e-17   -7.703719777549e-34
    24    2.144592723950e-19    5.296307347065e-34
    25    2.092960547466e-18   -9.629649721936e-35
    26    5.198786946484e-19    0.000000000000e+00
    27    2.662098964053e-19    0.000000000000e+00
    28    3.254217303296e-20   -1.504632769053e-36
    29   -3.197716280718e-23    9.403954806578e-38
    30    1.138770852324e-21    0.000000000000e+00
    31    2.903957304242e-22    2.938735877056e-39
    32    2.190633505475e-22    1.689773129307e-38
    33    9.428578644133e-23    2.938735877056e-38
    34    6.683293768239e-22    4.701977403289e-38
    35    1.467077472717e-21    0.000000000000e+00
    36    5.627371145233e-21    3.761581922631e-37
    37   -3.158881759628e-21    0.000000000000e+00
    38   -1.897415560538e-19   -1.203706215242e-35
    39   -7.879888436406e-19   -4.814824860968e-35
    40   -1.017423972894e-18   -1.925929944387e-34
    41    1.471095903187e-17    0.000000000000e+00
    42    2.099464363270e-17   -3.081487911020e-33
    43   -8.301563391548e-18   -4.930380657631e-32
    44   -1.065243845001e-16   -2.465190328816e-32
    45   -1.240771836848e-16    0.000000000000e+00
    46   -7.168729276113e-15   -4.733165431326e-30
    47   -6.586095674597e-14    9.466330862652e-30
    48    5.685326142039e-14    5.048709793414e-29
    49    2.612666074952e-13   -1.009741958683e-28
    50   -8.362775839566e-13   -9.592548607488e-28
    51    2.194749439568e-11    2.019483917366e-27
    52    2.126546847514e-10    1.454028420503e-26
    53    1.319428153162e-09   -5.169878828456e-26
    54    6.657769978922e-09    1.550963648537e-25
    55    5.319392752323e-08    8.271806125530e-25
    56    3.056058166323e-07   -1.488925102595e-23
    57    1.599807097182e-06   -2.646977960170e-23
    58    9.463215618244e-06    0.000000000000e+00
    59    6.540521919815e-05    8.470329472543e-22
    60    4.952303072118e-04    0.000000000000e+00
    61    4.389757820880e-03   -1.355252715607e-20
    62    4.403339775915e-02   -4.336808689942e-19
    63    5.062758431881e-01   -1.734723475977e-18
