     0    1.136462324550e+01    1.387778780781e-17
     1    4.895203386102e-01   -2.602085213965e-18
     2    4.373826583630e-02   -1.084202172486e-19
     3    4.386864209019e-03    6.776263578034e-21
     4    5.292339437170e-04   -8.470329472543e-22
     5    7.336331898576e-05   -4.235164736272e-22
     6    9.415322003455e-06    0.000000000000e+00
     7    1.359215811422e-06    1.985233470127e-23
     8    1.866281819149e-07   -4.963083675318e-24
     9    1.877070519940e-08   -4.135903062765e-25
    10    3.968452503663e-09   -5.169878828456e-26
    11    1.081284452709e-09    0.000000000000e+00
    12    2.613687368710e-10    6.462348535571e-27
    13    4.878381381677e-11    0.000000000000e+00
    14    5.527052668763e-12    4.038967834732e-28
    15    3.577716573537e-12    0.000000000000e+00
    16    3.518548182012e-13   -1.262177448354e-29
    17    1.864092594262e-13    6.310887241768e-30
    18    6.447827797096e-14    1.577721810442e-30
    19    3.583432061793e-15   -7.888609052210e-31
    20   -8.849604142614e-15   -1.972152263053e-31
    21   -1.662777344070e-15   -4.930380657631e-32
    22   -1.928641090797e-16   -4.930380657631e-32
    23    2.109516200981e-17   -1.848892746612e-32
    24   -8.370765750970e-18    7.703719777549e-34
    25   -5.669082275826e-18    0.000000000000e+00
    26   -1.329057697975e-18   -1.444447458290e-34
    27   -1.062428282670e-19    0.000000000000e+00
    28   -3.586822831961e-20    1.504632769053e-36
    29   -7.564408881610e-21    0.000000000000e+00
    30   -2.273605846028e-21   -1.880790961316e-37
    31   -1.367559717725e-22    9.403954806578e-38
    32   -7.693242502797e-23    0.000000000000e+00
    33    4.381211348829e-22    5.877471754111e-38
    34    2.049266455091e-23    9.403954806578e-38
    35    3.124376319196e-22   -3.761581922631e-37
    36    1.612322270462e-20    1.504632769053e-36
    37    3.567359273802e-20    0.000000000000e+00
    38    4.074666396271e-19    3.611118645726e-35
    39    3.155630236901e-18   -9.629649721936e-35
    40    9.800654109708e-18    0.000000000000e+00
    41    2.127748200737e-17    6.162975822039e-33
    42    9.294906385007e-17    1.540743955510e-32
    43    4.107594147113e-16    3.697785493223e-32
    44    4.544128768552e-16   -3.451266460342e-31
    45    4.054891173414e-15    3.944304526105e-31
    46   -1.653140294500e-14    6.310887241768e-30
    47   -1.418127528397e-13    0.000000000000e+00
    48   -9.203147000010e-14    5.048709793414e-29
    49   -4.106661955427e-12    3.029225876049e-28
    50   -1.571682658812e-11    4.038967834732e-27
    51   -7.263551975091e-11    0.000000000000e+00
    52   -1.983895282636e-10    1.292469707114e-26
    53   -5.284012011435e-10   -9.693522803356e-26
    54    5.934683046042e-10    3.101927297074e-25
    55    9.041256814043e-09    6.203854594148e-25
    56    3.689646059612e-09    3.308722450212e-24
    57    4.323439282025e-07   -3.970466940255e-23
    58    5.179354777770e-06   -5.293955920339e-23
    59    4.779799737303e-05    0.000000000000e+00
    60    4.883495309732e-04   -2.541098841763e-21
    61    5.542114188328e-03    6.776263578034e-21
    62    5.619287306818e-02    4.336808689942e-19
    63    4.941381288967e-01   -1.734723475977e-18
