     0    1.176867558011e+01    0.000000000000e+00
     1    5.353662646153e-01   -2.168404344971e-19
     2    5.668595765413e-02    1.694065894509e-19
     3    6.206064076317e-03   -1.355252715607e-20
     4    7.294144101223e-04    0.000000000000e+00
     5    7.897960018757e-05    0.000000000000e+00
     6    9.925212279460e-06    5.293955920339e-23
     7    2.373028926654e-06    0.000000000000e+00
     8    2.476378822017e-07   -1.654361225106e-24
     9    3.022236739123e-08    1.189072130545e-24
    10    6.709400225740e-09    5.169878828456e-26
    11    4.801276336580e-10    5.169878828456e-26
    12    1.048795224228e-10    1.292469707114e-26
    13   -2.125933359255e-11    8.077935669463e-28
    14   -7.400346314865e-12   -3.029225876049e-28
    15   -2.199910851818e-12    1.262177448354e-29
    16   -2.785541903652e-13   -1.262177448354e-29
    17   -5.187651379289e-14    3.155443620884e-30
    18   -1.198203706253e-14    0.000000000000e+00
    19   -4.397354529928e-15    0.000000000000e+00
    20   -6.358181447940e-16    4.930380657631e-32
    21   -3.474740711597e-17    0.000000000000e+00
    22    2.374591300030e-17   -1.540743955510e-33
    23    1.196623046548e-17    0.000000000000e+00
    24    5.107927935895e-18    2.888894916581e-34
    25    7.094489895811e-19   -6.018531076210e-36
    26    2.144085853669e-19    0.000000000000e+00
    27    1.830812653835e-20    0.000000000000e+00
    28   -9.776842810823e-22   -1.880790961316e-37
    29   -6.351762485743e-22    0.000000000000e+00
    30   -1.293659243017e-22    0.000000000000e+00
    31    4.158365676591e-23   -1.175494350822e-38
    32    5.136455608067e-23   -2.938735877056e-39
    33    2.033421318725e-22   -2.350988701645e-38
    34   -7.771186275461e-23    9.403954806578e-38
    35   -7.235550998945e-22    9.874152546907e-37
    36    4.987025991005e-21   -1.128474576789e-36
    37   -1.546278341962e-20    3.761581922631e-36
    38    2.124421611097e-19   -6.018531076210e-36
    39    1.858970151989e-18    0.000000000000e+00
    40    2.850608818559e-18    0.000000000000e+00
    41    8.630185750964e-18    9.629649721936e-34
    42    1.958586483400e-17    2.311115933265e-33
    43    2.285678985429e-16    6.162975822039e-33
    44    1.507797729140e-15    9.860761315263e-32
    45    8.356543470829e-15   -1.972152263053e-31
    46    2.345289546765e-14   -7.888609052210e-31
    47    1.464809396274e-13   -1.262177448354e-29
    48   -1.808277771910e-14   -4.733165431326e-30
    49   -1.334250049292e-12    5.048709793414e-29
    50    5.945608319861e-13   -4.038967834732e-28
    51    2.468525465090e-11    1.413638742156e-27
    52    2.687138386309e-10   -3.231174267785e-27
    53    7.873208266877e-10   -7.754818242685e-26
    54    4.223947490921e-09    2.067951531383e-25
    55    4.206939912763e-08   -8.271806125530e-25
    56    3.257055041665e-07   -1.323488980085e-23
    57    2.063632426243e-06    0.000000000000e+00
    58    1.210633431902e-05    0.000000000000e+00
    59    9.280827150998e-05    0.000000000000e+00
    60    6.358184178061e-04   -3.388131789017e-21
    61    5.554917465247e-03    2.710505431214e-20
    62    5.153053707286e-02    2.168404344971e-19
    63    5.420360177252e-01    0.000000000000e+00
