     0    1.225433784621e+01    3.469446951954e-18
     1    5.881357231939e-01   -4.119968255445e-18
     2    4.757377316947e-02    0.000000000000e+00
     3    3.966760664756e-03   -3.388131789017e-21
     4    3.677946028630e-04    0.000000000000e+00
     5    4.032305598630e-05    8.999725064577e-22
     6    4.294845686730e-06   -2.646977960170e-23
     7    5.490399805592e-07   -1.654361225106e-23
     8   -3.397536577585e-08    8.271806125530e-24
     9   -3.139146266288e-08    4.963083675318e-24
    10   -5.843165254069e-09   -1.033975765691e-25
    11    2.505887167414e-10    2.584939414228e-26
    12   -4.054633802470e-12    2.584939414228e-26
    13    1.869013144819e-11   -2.423380700839e-27
    14   -4.324517913145e-12    1.211690350419e-27
    15   -3.214918344565e-12   -3.786532345061e-28
    16   -6.885971805350e-13   -5.048709793414e-29
    17   -1.170629122709e-13    1.577721810442e-30
    18   -4.436028740918e-14    0.000000000000e+00
    19   -1.420059742149e-14    0.000000000000e+00
    20   -5.469196674117e-15   -1.972152263053e-31
    21   -1.655965324287e-15   -1.479114197289e-31
    22   -2.131698936611e-16   -2.773339119918e-32
    23   -9.743439442332e-17    0.000000000000e+00
    24   -6.844002232091e-17   -2.311115933265e-33
    25   -9.275288285020e-18   -3.851859888774e-34
    26   -1.110382918084e-18    2.407412430484e-35
    27   -2.447310407132e-19    3.009265538105e-36
    28   -8.697098227465e-21   -3.761581922631e-37
    29    4.210133209513e-21   -1.880790961316e-37
    30    1.150214479269e-21   -2.350988701645e-38
    31   -1.108467759004e-22    2.350988701645e-38
    32    1.495770036607e-22    1.469367938528e-39
    33    3.332285366578e-22    1.175494350822e-38
    34    1.081922538492e-21    0.000000000000e+00
    35   -2.166946624429e-22   -3.761581922631e-37
    36   -2.150313791597e-21    3.761581922631e-37
    37    6.115333872687e-21    3.009265538105e-36
    38    2.320006634831e-19    2.407412430484e-35
    39    7.739101102918e-19    9.629649721936e-35
    40    2.939777587432e-18    0.000000000000e+00
    41    8.588754555953e-18    0.000000000000e+00
    42    3.670438034053e-17    6.162975822039e-33
    43    2.352599945761e-16    2.465190328816e-32
    44    7.555886185197e-16    9.860761315263e-32
    45    4.074694272971e-15    0.000000000000e+00
    46    6.626560535696e-15    1.577721810442e-30
    47   -2.784733244265e-14    6.310887241768e-30
    48    2.098076780984e-13   -2.524354896707e-29
    49    1.549792913332e-12   -1.009741958683e-28
    50   -3.671248649386e-12    0.000000000000e+00
    51    1.459533787154e-11    3.231174267785e-27
    52    5.323288700945e-11    0.000000000000e+00
    53    1.031132801721e-09    7.108583389128e-26
    54    9.400111451730e-09    1.033975765691e-25
    55    3.300933109040e-08    8.271806125530e-25
    56    1.518573777251e-07    3.308722450212e-24
    57    9.105606775592e-07   -2.150669592638e-23
    58    7.597241422055e-06    2.646977960170e-23
    59    5.905119199568e-05   -1.058791184068e-22
    60    5.922562473565e-04    0.000000000000e+00
    61    5.631426356633e-03   -2.710505431214e-20
    62    5.294250551347e-02   -3.252606517457e-19
    63    5.527148767112e-01    8.673617379884e-19
