     0    1.167135582570e+01    0.000000000000e+00
     1    4.973325140242e-01    0.000000000000e+00
     2    4.763844015699e-02    0.000000000000e+00
     3    5.156576072733e-03   -2.710505431214e-20
     4    7.145859745182e-04   -1.694065894509e-21
     5    9.301149409799e-05    8.470329472543e-22
     6    1.218867663644e-05    1.058791184068e-22
     7    1.731831002282e-06   -6.617444900424e-24
     8    2.735647406407e-07    5.790264287871e-24
     9    5.161821601627e-08    0.000000000000e+00
    10    4.345898247269e-09    0.000000000000e+00
    11    1.055886233106e-10    0.000000000000e+00
    12    2.653724309357e-10    0.000000000000e+00
    13    2.117835768847e-12   -1.615587133893e-27
    14   -4.567256262915e-12    0.000000000000e+00
    15   -8.432260540848e-13    1.009741958683e-28
    16    3.145608376201e-13    0.000000000000e+00
    17    3.718336486361e-14   -3.155443620884e-30
    18    1.593313144942e-14    2.761013168274e-30
    19   -9.909784907649e-16   -3.697785493223e-32
    20   -1.372189690156e-15    0.000000000000e+00
    21   -1.824444360449e-16    0.000000000000e+00
    22   -4.849969189560e-17   -1.540743955510e-33
    23   -2.662038770409e-17    0.000000000000e+00
    24   -9.759686366295e-18   -4.814824860968e-35
    25   -5.895595236453e-19    0.000000000000e+00
    26   -8.184856328583e-21    1.354169492147e-35
    27    8.691664584879e-21    3.761581922631e-37
    28   -9.328171159586e-22    1.880790961316e-37
    29   -2.642028348764e-22    0.000000000000e+00
    30    3.331750588373e-22    0.000000000000e+00
    31    1.424081641028e-22   -2.350988701645e-38
    32    1.640363128269e-22    1.175494350822e-38
    33   -1.575776316040e-22    2.350988701645e-38
    34    1.383705857436e-22    1.175494350822e-37
    35   -6.142359082284e-21    1.410593220987e-37
    36   -4.996459417159e-20    1.504632769053e-36
    37   -1.243407123756e-19   -5.266214691684e-36
    38    3.163457720760e-20    2.407412430484e-35
    39    3.762004325022e-19   -4.814824860968e-35
    40    2.711913808684e-18    9.629649721936e-35
    41    3.125815899562e-19   -9.629649721936e-35
    42    1.633662414737e-17   -1.925929944387e-33
    43    1.244913102633e-16    0.000000000000e+00
    44    1.143622671445e-15    8.628166150855e-32
    45    5.736443496052e-15   -4.437342591868e-31
    46    1.813401840807e-14    1.380506584137e-30
    47    6.280786133284e-14   -3.944304526105e-31
    48    1.789870349386e-13    0.000000000000e+00
    49    5.891252012258e-13   -8.835242138475e-29
    50    4.002192511362e-12   -1.262177448354e-28
    51    1.622035650476e-11    6.058451752097e-28
    52    7.235137350554e-11    3.231174267785e-27
    53    2.410479828332e-10    1.292469707114e-26
    54    7.474711535637e-10   -1.033975765691e-25
    55    1.381395754010e-09   -8.271806125530e-25
    56    2.965204563205e-08    2.067951531383e-25
    57    4.619786840933e-07    1.323488980085e-23
    58    5.383970592385e-06   -5.293955920339e-23
    59    4.698130200487e-05    0.000000000000e+00
    60    4.670214720874e-04    6.776263578034e-21
    61    4.899943443877e-03    2.710505431214e-20
    62    4.906136483452e-02    0.000000000000e+00
    63    5.351286858939e-01    0.000000000000e+00
