     0    1.188580870913e+01   -8.673617379884e-18
     1    5.223640356742e-01    0.000000000000e+00
     2    5.121615277316e-02    1.084202172486e-19
     3    5.337220128280e-03    0.000000000000e+00
     4    6.484338556157e-04   -6.776263578034e-21
     5    8.158265316865e-05    8.470329472543e-22
     6    9.134926757793e-06    0.000000000000e+00
     7    9.529112120478e-07   -2.646977960170e-23
     8    2.761079111309e-07    2.646977960170e-23
     9    7.182913053428e-08    1.654361225106e-24
    10    1.595668369668e-08    0.000000000000e+00
    11    1.759012814944e-09    5.169878828456e-26
    12    2.586266936243e-10    0.000000000000e+00
    13    4.123785978537e-11    0.000000000000e+00
    14    3.099564845712e-11    0.000000000000e+00
    15    7.775001888274e-12    8.077935669463e-28
    16    1.564305130988e-12    5.048709793414e-29
    17    2.250949601877e-13    0.000000000000e+00
    18    5.050816905713e-14    0.000000000000e+00
    19    1.015019133347e-14   -3.944304526105e-31
    20    2.694494914470e-15    9.860761315263e-32
    21    2.952868652406e-17    9.244463733059e-33
    22    8.373463832569e-17    2.311115933265e-33
    23    6.978319413268e-18   -7.703719777549e-34
    24    6.753889166986e-18    0.000000000000e+00
    25    1.077062001792e-18    0.000000000000e+00
    26   -3.135242343240e-20   -6.018531076210e-36
    27   -2.498003176523e-20    1.504632769053e-36
    28   -6.691405172090e-21    7.523163845263e-37
    29   -4.420087653053e-22   -3.761581922631e-37
    30   -1.839286683215e-22    0.000000000000e+00
    31    2.339655574189e-22   -1.175494350822e-38
    32    1.930860787095e-22    1.469367938528e-39
    33    4.293126311442e-22    5.877471754111e-39
    34    1.715876527997e-21   -4.701977403289e-38
    35    1.072204705084e-20    0.000000000000e+00
    36    2.471208681057e-20    3.761581922631e-37
    37    1.736054978566e-19   -7.523163845263e-37
    38    7.803491279378e-19   -3.009265538105e-35
    39    3.702325494946e-18    2.407412430484e-34
    40    2.556430959581e-17   -7.703719777549e-34
    41    3.734010278450e-17   -7.703719777549e-34
    42   -1.477110255709e-16    6.162975822039e-33
    43   -1.768374390447e-16    1.232595164408e-32
    44   -3.854037742522e-16    2.465190328816e-32
    45   -1.770225925938e-15    1.972152263053e-31
    46    8.096333474027e-15   -7.888609052210e-31
    47    1.215677994374e-13   -1.262177448354e-29
    48    1.567137655720e-12    5.048709793414e-29
    49    5.385564109779e-12    0.000000000000e+00
    50    9.807878336123e-12    1.413638742156e-27
    51    2.080036966804e-11   -4.846761401678e-27
    52    4.032106711873e-10   -1.292469707114e-26
    53    1.747211702824e-09    1.033975765691e-25
    54    1.171207611324e-08   -2.067951531383e-25
    55    7.982739665382e-08   -8.271806125530e-25
    56    4.159919396922e-07    0.000000000000e+00
    57    1.383522586990e-06    3.308722450212e-24
    58    1.012052922563e-05    3.970466940255e-23
    59    1.034055389721e-04   -8.470329472543e-22
    60    8.754444297881e-04   -5.082197683526e-21
    61    6.533750723952e-03   -1.355252715607e-20
    62    4.955343556201e-02   -1.084202172486e-19
    63    5.221578614354e-01   -1.734723475977e-18
