     0    1.120968840541e+01   -3.469446951954e-18
     1    5.132554836777e-01    4.336808689942e-19
     2    4.716305278900e-02    5.421010862428e-20
     3    4.927897860306e-03   -3.388131789017e-21
     4    5.120639430646e-04    2.117582368136e-21
     5    7.296953601889e-05    0.000000000000e+00
     6    1.117094994921e-05    0.000000000000e+00
     7    1.512036138520e-06   -1.985233470127e-23
     8    2.084488409027e-07    0.000000000000e+00
     9    3.321306660201e-08    1.033975765691e-25
    10    3.530509299303e-09   -7.754818242685e-26
    11    8.521749591456e-10    2.584939414228e-26
    12    8.393612222216e-11    0.000000000000e+00
    13    1.184890974773e-11   -6.058451752097e-28
    14    1.652346096080e-12    2.271919407037e-28
    15    7.377203770233e-13    1.262177448354e-29
    16    1.836733743383e-13    6.310887241768e-30
    17    2.064820417147e-14    0.000000000000e+00
    18   -3.675559063764e-16    0.000000000000e+00
    19   -1.100095063287e-15   -4.930380657631e-32
    20   -2.446436723674e-17    2.465190328816e-32
    21    3.187262076339e-17    4.622231866529e-33
    22   -1.374095103632e-17   -1.155557966632e-33
    23   -2.995946398123e-18   -1.925929944387e-34
    24    1.160613704320e-19    0.000000000000e+00
    25    5.740595293599e-20    0.000000000000e+00
    26   -1.030332074209e-20    0.000000000000e+00
    27   -1.368153459343e-22    0.000000000000e+00
    28   -7.044049581616e-22    0.000000000000e+00
    29   -1.529507918223e-22    0.000000000000e+00
    30    1.807269068971e-23    5.877471754111e-39
    31    4.597214331074e-23   -5.510129769479e-39
    32    2.022205025441e-22    8.816207631167e-39
    33    4.175266924548e-22    1.175494350822e-38
    34    9.726570798189e-22   -2.350988701645e-38
    35    3.328597258517e-21    0.000000000000e+00
    36   -2.785481415155e-21   -1.880790961316e-37
    37   -6.322078243216e-22   -1.880790961316e-36
    38    1.042826540651e-19   -3.009265538105e-36
    39    2.581190480289e-19    0.000000000000e+00
    40    1.517595824073e-18    0.000000000000e+00
    41   -1.535738076585e-17    0.000000000000e+00
    42   -6.970403869139e-17    7.703719777549e-34
    43   -3.636201756155e-16    0.000000000000e+00
    44   -2.880731506741e-16    0.000000000000e+00
    45    1.432674493832e-15    0.000000000000e+00
    46    1.685056031049e-14    0.000000000000e+00
    47    6.421051629358e-14    3.155443620884e-30
    48    4.511263104977e-14    3.786532345061e-29
    49    9.765108288349e-13    2.524354896707e-29
    50    1.274693024729e-11    0.000000000000e+00
    51    9.385819399680e-11   -1.615587133893e-27
    52    3.345727323742e-10   -2.584939414228e-26
    53    9.315837017640e-10    2.584939414228e-26
    54    2.949635789840e-09    2.067951531383e-25
    55    2.231993722157e-08    2.067951531383e-25
    56    2.224971840378e-07   -1.240770918830e-24
    57    1.579564358027e-06    1.323488980085e-23
    58    1.030610489609e-05    0.000000000000e+00
    59    6.820430002894e-05    4.235164736272e-22
    60    6.224420656450e-04    6.776263578034e-21
    61    4.890527361450e-03    1.355252715607e-20
    62    4.628274217195e-02   -1.084202172486e-19
    63    4.997821538946e-01   -8.673617379884e-19
