     0    1.178551809689e+01   -1.040834085586e-17
     1    5.401394311155e-01    1.734723475977e-18
     2    4.862488713540e-02    1.084202172486e-19
     3    4.944189504189e-03   -8.131516293641e-20
     4    4.944845907486e-04    6.776263578034e-21
     5    5.800594485236e-05    0.000000000000e+00
     6    1.105026338002e-05   -4.367513634280e-22
     7    1.253641984008e-06   -1.654361225106e-24
     8    1.636589302942e-07   -4.135903062765e-25
     9    2.833957433339e-08   -4.135903062765e-25
    10    3.046021792077e-09    4.135903062765e-25
    11    8.114024648926e-10    3.037303811718e-25
    12    1.285508904080e-10   -1.454028420503e-26
    13    3.248329822544e-11   -1.211690350419e-27
    14    2.515082128761e-12    4.038967834732e-28
    15    2.260937526583e-13    7.573064690122e-29
    16   -7.433725398427e-13    0.000000000000e+00
    17   -1.820932920158e-13    2.524354896707e-29
    18   -5.877887007399e-14    3.944304526105e-31
    19    2.071632384088e-16   -1.725633230171e-31
    20    6.360005923224e-16    4.930380657631e-32
    21    1.941853770435e-16    0.000000000000e+00
    22    1.129342493850e-17    3.851859888774e-34
    23    8.742445004989e-18    1.925929944387e-34
    24    3.042773532794e-18    3.611118645726e-34
    25    3.292939726188e-19   -2.407412430484e-35
    26    1.013398086853e-19    0.000000000000e+00
    27   -1.099562180811e-20    1.222514124855e-35
    28    6.109573646319e-21    4.231779662960e-37
    29    1.370825087386e-21    2.115889831480e-37
    30   -9.001003480022e-22    2.350988701645e-38
    31   -2.256163600339e-22   -2.350988701645e-38
    32   -1.093810239480e-22   -5.693800761795e-39
    33    5.334281304681e-23    2.938735877056e-39
    34    2.477218816563e-22   -5.877471754111e-39
    35    1.114160113602e-21    9.403954806578e-38
    36   -3.974443381375e-21    1.880790961316e-37
    37   -2.318618340091e-20   -2.256949153579e-36
    38    4.473592346160e-20    0.000000000000e+00
    39    1.988894319068e-19   -2.407412430484e-35
    40   -1.791097917369e-18   -9.629649721936e-35
    41   -1.241488411903e-17   -2.888894916581e-34
    42   -8.797898188310e-18    0.000000000000e+00
    43   -4.494747126689e-17   -6.162975822039e-33
    44   -3.011057847466e-16   -1.232595164408e-32
    45   -1.051400249837e-15   -2.465190328816e-32
    46   -1.141396452498e-14   -2.761013168274e-30
    47   -5.890511818782e-15   -3.155443620884e-30
    48    3.159897554519e-13    1.262177448354e-29
    49    2.021283947791e-12    2.524354896707e-29
    50    3.378287429673e-12    2.524354896707e-28
    51    1.181281864138e-11    0.000000000000e+00
    52    2.705626157017e-11   -6.462348535571e-27
    53    4.087627293026e-10    2.584939414228e-26
    54    3.299147716434e-09   -1.033975765691e-25
    55    3.000976572162e-08   -4.135903062765e-25
    56    1.660652103113e-07    8.271806125530e-25
    57    1.003197451740e-06   -6.617444900424e-24
    58    7.038566884185e-06    0.000000000000e+00
    59    5.531558879402e-05    2.117582368136e-22
    60    5.464589162926e-04    4.235164736272e-22
    61    5.537640956651e-03   -6.776263578034e-21
    62    5.512058286134e-02   -2.710505431214e-20
    63    5.823103133357e-01   -1.517883041480e-18
