   0   -3.346708659856e-03    2.825998064286e-16
   1    5.421253903524e-04    9.914289873414e-17
   2   -1.393362200449e-03   -5.678048373221e-17
   3    1.514492678323e-03   -8.321089283531e-17
   4   -1.180579610450e-04    1.719752675630e-16
   5   -2.477924066394e-03    2.202283456215e-16
   6    1.117321607672e-03    2.989873403060e-17
   7    5.584395730580e-04   -1.391866414591e-16
   8    2.361870205146e-03    4.800315083281e-17
   9    3.442226097320e-03   -1.067963653721e-16
  10    5.018768146494e-04    4.303771015209e-17
  11   -5.064319798030e-04    5.991817743123e-17
  12   -2.379562477209e-03    3.316844762748e-16
  13   -2.593091458139e-03    2.122453312845e-16
  14    2.426434105324e-03   -2.694361937802e-16
  15    1.290286102731e-03   -1.572401637196e-16
