   0   -3.098663202994e-03    4.944101798395e-17
   1    3.931839722414e-04    6.484465743472e-17
   2    1.038782584574e-03    6.587432938765e-17
   3    5.782417703003e-04   -1.697335051379e-17
   4   -6.153837624484e-04   -8.161237414475e-17
   5    2.163830988378e-04    2.145781930344e-16
   6   -2.319467395024e-05   -6.779635730533e-17
   7   -2.084725337512e-03    4.753215379308e-17
   8   -6.230315417456e-04    7.913194674116e-17
   9   -3.234891535510e-03   -7.307472486212e-17
  10    3.339081734726e-04   -1.386266514023e-16
  11    1.239758636315e-03   -1.829341068684e-16
  12    9.370451771129e-04    9.140647886173e-17
  13   -7.409124054725e-04   -1.880965951209e-17
  14    2.553684615399e-03    2.906823805851e-17
  15   -1.741884019490e-03   -1.344266551676e-16
