   0   -6.117601257920e-04    2.251721452511e-16
   1   -1.163591878291e-03    2.388571648540e-16
   2   -1.458907331232e-04    5.156320728748e-17
   3   -5.117595407090e-04    3.651629732767e-17
   4   -2.897975613181e-05    4.103135024359e-17
   5    3.950138686528e-04   -1.193789226192e-16
   6   -8.444737674056e-04    1.554138311719e-16
   7   -2.507508649414e-04    6.536927486560e-17
   8    1.322702758991e-03   -2.049813025595e-16
   9   -1.013940504768e-03    3.843139907434e-16
  10   -6.635873758384e-04    4.523611858454e-17
  11   -6.743807805603e-04    1.762845801533e-16
  12   -1.002907975169e-03    1.680954666039e-16
  13   -4.421372230962e-04   -1.199475972530e-17
  14   -1.423861795465e-03    2.510582554852e-16
  15    3.324841815255e-04   -1.380772095806e-16
