   0   -1.963910217401e-05    2.361632310656e-17
   1    5.741972210070e-05   -3.501605721507e-17
   2    5.674121318390e-05   -3.313207830498e-17
   3    5.348109701796e-05   -2.034776024189e-17
   4    1.660244995986e-04   -1.121236783257e-16
   5   -7.800450188423e-05    4.591679452586e-17
   6   -7.458698713044e-05    4.386198743916e-17
   7   -1.169103129538e-04    6.143710560132e-17
   8   -7.320568900066e-05    5.385561938259e-17
   9    6.082701810261e-05   -3.657271346704e-17
  10    1.161514489768e-05   -4.523661738170e-18
  11   -8.878899601566e-06    2.386466432496e-18
  12   -4.913193502442e-05    2.363687384813e-17
  13    1.717829343001e-05    4.923627344070e-18
  14    7.176555889736e-05   -5.889381083462e-17
  15    1.650092838904e-05   -2.222147866182e-17
