   0   -6.501709834058e-05   -2.864666041319e-17
   1   -2.906343539686e-04   -5.865578294601e-17
   2   -2.744275604890e-04   -7.746561397606e-17
   3   -2.619663472849e-04   -6.218748261707e-17
   4    3.758990776371e-04    8.370614173489e-17
   5    3.065482896817e-04    8.006580127030e-17
   6   -3.230143391716e-07    8.240477638028e-19
   7    2.126990055273e-04    2.716321943031e-17
   8    2.808498543052e-04    6.455712136389e-17
   9    4.670048212231e-04    9.482474456663e-17
  10   -1.771887060507e-04   -8.827129242473e-17
  11    7.377540344458e-05    1.356716895342e-17
  12    9.341629502299e-05    5.280719391184e-17
  13   -8.961386106671e-05   -2.421806172567e-17
  14    2.807292671588e-05    3.393594542369e-17
  15   -1.244120737808e-04   -4.889309656219e-17
