   0   -2.421746714265e-04   -5.528719642348e-17
   1    2.850662182209e-04   -7.198117595588e-18
   2    5.190484616054e-04    8.689160726457e-17
   3   -5.771998664480e-04   -1.038957856512e-16
   4   -6.067536565521e-04   -1.452792201654e-16
   5   -2.042355280634e-04    1.124155242199e-17
   6   -9.275789554991e-04   -9.033116040796e-17
   7    1.538140067916e-04    1.039437064619e-16
   8    2.375506047009e-04    6.512572076643e-17
   9   -7.556093945442e-04   -1.173498618523e-16
  10   -4.610993554613e-04   -5.436099674521e-17
  11   -2.207016982584e-04   -6.147473777173e-17
  12   -5.544028269519e-05    1.958751168873e-17
  13    6.511505530950e-05   -2.712178642493e-17
  14   -2.534597749001e-05   -2.535359983956e-17
  15   -4.433835407645e-04    2.195338683967e-17
