   0   -8.708397206514e-06   -7.863041836985e-18
   1   -1.809366224989e-05   -3.055809233973e-19
   2   -1.782444258131e-04   -7.752215916906e-17
   3   -1.040899344346e-04   -5.026904290263e-17
   4   -2.036837624558e-04   -8.245454877398e-17
   5   -2.157565690740e-05   -1.596552335129e-17
   6    1.764110911148e-05    1.517210002038e-17
   7   -1.872954426064e-05   -6.162312888887e-18
   8   -4.081072652185e-05   -2.235606233692e-17
   9   -6.974131341492e-05   -2.100158113442e-17
  10    6.381614300166e-05    2.520674631328e-17
  11   -6.334627750003e-05   -2.401173909810e-17
  12    7.832738177323e-06   -5.309728980448e-18
  13   -4.561710188722e-05   -2.911273837159e-17
  14    8.956603952519e-05    3.388323645280e-17
  15   -4.610588645574e-05   -2.179799152597e-17
