   0   -1.417693048509e-05   -4.013031491360e-17
   1   -2.603458501842e-05   -3.851985050604e-17
   2   -2.967423008319e-05   -3.071243326370e-17
   3   -5.871371137833e-05   -9.605853170653e-17
   4    6.918993802228e-06    1.021074336489e-17
   5    1.086727084328e-04    1.446121524332e-16
   6    6.008818266279e-05    9.883992224700e-17
   7   -5.328199491215e-05   -7.290392132534e-17
   8    3.964716045222e-05    6.949092963740e-17
   9    8.472901485909e-05    1.153219830779e-16
  10   -5.866534702786e-05   -6.965456061065e-17
  11    5.232109377878e-05    6.903577614371e-17
  12   -1.585193987045e-05   -3.999287573042e-17
  13    1.286041099308e-04    1.895427995921e-16
  14    1.272096140530e-04    1.716841993784e-16
  15   -3.672646163394e-04   -5.356887174961e-16
