   0   -9.125711730463e-04   -1.878155860432e-16
   1   -5.849039978669e-04   -4.006622720663e-17
   2    7.961403225177e-04    7.857267042798e-17
   3   -1.755289305814e-04   -8.178588378763e-17
   4   -7.179561335518e-04    9.965238123340e-18
   5   -1.789558327448e-03   -1.841538260003e-16
   6   -4.777853039370e-05   -2.503973018839e-17
   7    1.271826938252e-03    2.113692663155e-16
   8   -2.544347564968e-04   -5.972101034212e-17
   9    7.018599846641e-04    5.880923850102e-17
  10   -1.750889031144e-04    3.564413835020e-17
  11    1.084513325030e-03    8.812448718785e-17
  12    1.449592222894e-03    4.184654996793e-17
  13   -1.646052777691e-03   -1.090171459118e-16
  14    5.312877006774e-04    1.150412563469e-16
  15    9.447464164389e-06   -2.381662007467e-18
