   0   -1.309302219030e-05   -1.365869158821e-17
   1    5.415398113288e-05    3.427271504470e-17
   2   -3.459469008927e-05   -2.607918197859e-17
   3    7.472587288350e-05    2.531846878548e-17
   4    5.064890003429e-05    4.168416107188e-17
   5   -9.312156425747e-06    5.989369155036e-18
   6   -1.497997532052e-05   -7.010131763911e-18
   7    9.651409404263e-05    4.311086681407e-17
   8    1.310687965291e-04    6.796401251185e-17
   9    1.581894947144e-06    4.233932524410e-19
  10    6.364031093753e-05    3.078455240135e-17
  11    8.113240210335e-05    4.031018733690e-17
  12    1.978956052964e-05    7.911915853902e-18
  13    5.834195707042e-05    4.248306477227e-17
  14   -2.475493875541e-06    1.520861150711e-18
  15    7.429682840311e-05    3.915509616292e-17
