   0   -1.714870209429e-03    0.000000000000e+00
   1    2.819323421680e-03    2.160845498307e-16
   2    2.640511875015e-03   -1.379263084026e-16
   3   -6.334019665008e-04   -6.436561058786e-17
   4    9.519160734654e-04    4.137789252077e-17
   5   -1.704078992718e-04    1.793042009234e-16
   6   -4.864685848674e-04   -8.735332865498e-17
   7    2.632262760495e-04   -3.678034890735e-17
   8   -6.848072413779e-04   -4.597543613419e-17
   9   -6.751335165102e-04   -5.976806697446e-17
  10    1.734072173216e-03   -1.379263084026e-17
  11    1.060505915543e-03   -2.298771806710e-16
  12   -9.013686172829e-04   -1.379263084026e-16
  13   -1.216745848212e-03   -1.747066573100e-16
  14    8.221550065795e-04    9.195087226837e-18
  15   -2.696965662142e-03   -1.517189392428e-16
