   0   -1.054246361279e-05   -5.767681471388e-18
   1    3.745522730412e-05    1.385050004949e-17
   2    8.074162585915e-05    3.001704942030e-17
   3   -1.511447391872e-05   -7.739293310228e-18
   4   -9.184816638054e-05   -2.728750923776e-17
   5    1.795069105459e-05    1.067800755819e-17
   6    9.707034335130e-05    3.196033171649e-17
   7   -8.049571605155e-05   -2.742642131931e-17
   8   -1.469726394955e-04   -3.407550433266e-17
   9   -6.630185142891e-05   -1.561319519608e-17
  10   -2.380294160170e-04   -7.304237567650e-17
  11   -2.931814173336e-05   -7.659358015223e-18
  12    4.743947579564e-05    9.732521948770e-18
  13   -1.300605843075e-05   -6.081106014359e-18
  14    5.746186744698e-05    2.328850223397e-17
  15   -2.837736591155e-05   -6.320572991683e-18
