   0   -4.140965638937e-05   -7.144322376918e-18
   1   -1.071088305498e-04    7.624188170057e-19
   2    4.492715950249e-04    3.589822062135e-17
   3    5.936482636056e-05   -2.417067638602e-17
   4   -8.951827070297e-05   -2.415414252205e-17
   5   -4.180211399623e-05   -2.003795760500e-17
   6    1.446659447957e-06    4.411388007499e-18
   7   -2.095773967119e-04   -3.522535111686e-17
   8    7.915890576714e-05   -2.389202506961e-17
   9   -1.142884653303e-04   -9.858976280864e-18
  10   -7.906221497518e-05    4.610695583116e-18
  11   -3.029415286135e-05    9.588674177736e-19
  12    1.194411257975e-04    3.959518695328e-17
  13   -8.615717583067e-05   -3.145666255400e-18
  14    7.776124262208e-05   -1.543940618325e-17
  15   -4.501765555259e-05    9.690811010749e-18
