   0   -1.110026949396e-03   -2.959149986264e-17
   1   -3.094669456907e-04    5.505805884619e-17
   2   -8.090601174159e-04   -1.818198357059e-17
   3    5.704896307778e-04    1.000775965193e-16
   4   -6.496146199804e-04   -4.564820556586e-17
   5    4.322404533607e-04   -1.310992757011e-16
   6    1.949510625064e-03    8.886731685371e-17
   7    1.069371472046e-03    6.234003299890e-17
   8    6.716832612423e-04    6.073811240716e-17
   9   -1.068208868468e-03    6.713827545346e-17
  10   -1.525029493139e-03    2.405985591343e-17
  11    2.042239092867e-04   -6.755767475770e-17
  12    1.358895712590e-03   -2.257534563303e-17
  13    1.385611231150e-03    1.368350621065e-16
  14    1.347219744841e-03   -1.903203923564e-17
  15    3.555244629478e-04    4.542716216619e-17
