   0   -2.337558890214e-03   -4.079482763762e-16
   1    2.418512202736e-04    1.391940986229e-16
   2    1.963206178651e-03    1.820438018095e-16
   3    1.554984300547e-03    1.786290219929e-16
   4    5.584238286073e-04   -1.552463736553e-16
   5    9.174835398608e-04    2.088848943304e-16
   6   -9.941338660503e-04   -3.843792499161e-17
   7    3.215436419787e-04   -1.437099691400e-16
   8    1.050497413168e-03    6.482713987367e-17
   9    1.206214353213e-03    2.716535739857e-16
  10    4.374532828349e-04    1.025848251704e-16
  11   -4.563621299983e-04   -3.982191531422e-17
  12   -7.760558557344e-04    3.080236147155e-16
  13    1.326248184273e-03    5.131482128584e-17
  14   -1.819090354900e-04   -5.137804159972e-18
  15   -1.373617754978e-03   -2.808933647858e-16
