   0   -5.108622675314e-04    1.053929191248e-16
   1    6.343788674136e-04   -1.331900335165e-16
   2    5.870696206375e-04   -8.063224143355e-17
   3   -1.435640208316e-04   -2.032205858618e-17
   4   -5.882214100691e-04    7.322298515382e-17
   5   -2.339225063131e-04    1.370505568317e-16
   6    1.485205493081e-04   -2.033890066626e-17
   7   -7.697047663474e-04    8.441528887202e-17
   8   -4.654616301396e-04    1.539167563932e-17
   9   -9.416477240784e-05   -8.564221458469e-17
  10   -1.648106607269e-04   -5.649388772717e-19
  11   -4.710825962546e-04    1.238737638224e-16
  12   -2.525301869194e-04    1.966851461143e-16
  13    2.537488300850e-04   -3.119340724310e-17
  14   -1.412882191675e-04    2.461158185372e-17
  15   -3.990501317526e-04    4.367217045685e-17
