   0   -1.283322201968e-04    2.012324739136e-17
   1   -8.604407606624e-04    5.488405796179e-17
   2   -3.188823378512e-04    1.745509586357e-17
   3   -2.356319354123e-04    8.135938520827e-17
   4   -7.908845548349e-05   -2.398410345029e-17
   5    2.623956997748e-04   -1.051097129606e-17
   6   -1.100181973448e-04    4.852641527098e-18
   7   -6.712975199940e-05    2.747764169815e-18
   8    6.301452324309e-04   -9.468254712764e-17
   9    6.987671326017e-05    1.464470745153e-17
  10   -7.815976969530e-05    2.373579740562e-17
  11   -2.056000724097e-05    3.682764800274e-17
  12    2.296177133469e-04    1.721297853206e-17
  13    2.642488028268e-04   -2.323328964790e-17
  14    3.555622074035e-04   -1.278468779943e-17
  15    1.097652442652e-04   -3.575106299351e-18
