   0   -2.235251445102e-03    3.149377151261e-16
   1    9.773912969480e-04   -2.686350716396e-17
   2   -2.891435765491e-04    2.513238934829e-16
   3   -1.756402063181e-03   -8.097460934000e-17
   4   -7.910002291916e-04   -1.069934835483e-16
   5    1.562927984363e-03   -2.150842937553e-16
   6    7.586265643268e-04   -1.846677259336e-16
   7    3.428139363936e-04    3.358804581038e-17
   8    1.094085166117e-04    2.284956818349e-16
   9    1.066916477214e-03    1.977839528192e-16
  10   -4.621126902408e-05   -7.242435173966e-18
  11   -1.721764697134e-04   -9.809872285017e-17
  12    5.494912887559e-05   -2.486690055688e-17
  13   -4.632174201595e-05   -1.069649290360e-16
  14   -3.581263573134e-04    1.998030187297e-17
  15   -1.361590460866e-03    1.718681301478e-17
