   0   -4.619112649037e-04    2.386104757771e-17
   1   -5.546558536852e-04   -7.148955644893e-18
   2    3.999971634693e-05   -1.465855271135e-16
   3    1.388292331351e-04   -1.551628926884e-17
   4   -7.492380807430e-04   -4.745915848292e-17
   5    1.448421488055e-03   -4.695512609218e-17
   6   -1.651177025843e-04    5.437295989703e-17
   7   -2.493733339705e-04    9.472684147677e-17
   8   -8.446704110440e-04    7.500030189342e-18
   9    1.118365664993e-03   -3.127193020655e-17
  10    2.532445071377e-04    1.254788561877e-17
  11    1.228700217745e-04   -3.657902791612e-17
  12   -3.526889123207e-04    4.728713886797e-17
  13   -1.233211722693e-04   -1.828972892451e-17
  14   -6.100450281469e-05   -3.196548285003e-18
  15   -4.302490156117e-04   -3.660936310945e-17
