   0   -2.775648114327e-05   -2.807589895721e-17
   1    5.520086213991e-05    2.323873658798e-17
   2    3.481720051904e-06    2.930722729830e-18
   3    6.526153828304e-05    2.774204854503e-17
   4   -1.487437994309e-04   -7.171827406340e-17
   5    1.628657509714e-04    8.529456676119e-17
   6    1.412523202262e-04    1.006846444487e-16
   7    5.281552889703e-07   -1.201608917964e-17
   8   -2.610064933723e-06    2.774351328075e-18
   9   -4.115061196581e-05    1.720736269581e-17
  10   -2.660270683909e-05   -1.403933814915e-17
  11   -4.604549240265e-05   -2.445751795990e-17
  12   -2.731369084189e-04   -1.299512615635e-16
  13   -1.684754333557e-04   -8.169762550697e-17
  14   -2.063884789314e-04   -9.853263913717e-17
  15    1.773991779770e-04    9.205999005406e-17
