   0   -1.825267599217e-04   -1.349944803835e-16
   1   -5.960951540425e-04   -3.014289021521e-16
   2   -3.085870334093e-04   -8.411475778652e-17
   3   -2.383054894265e-04   -1.241223893144e-16
   4   -4.364192001498e-04   -1.748845051633e-16
   5    1.699956863931e-05    2.428559690499e-17
   6    7.537877908751e-05    3.987410463013e-17
   7   -5.779508911827e-04   -2.887195139392e-16
   8   -3.433896874741e-04   -1.404827803714e-16
   9   -2.361403338284e-04   -7.682362968363e-17
  10    1.053438031447e-04    5.395485815152e-17
  11   -2.769802605742e-04   -8.742616001260e-17
  12   -5.550094985564e-04   -1.872397345967e-16
  13    1.381157123860e-04    5.557413200443e-17
  14   -2.998681938607e-04   -9.289009549024e-17
  15    1.952145708612e-04    4.069040025766e-17
