   0   -3.093821671314e-05    9.880475624635e-18
   1   -1.444882982001e-04    3.171741675983e-17
   2   -9.022135296699e-05    5.761197614192e-18
   3   -5.229020773056e-05    1.556912873148e-18
   4   -5.280386679938e-05    1.954729641088e-17
   5   -3.699855779201e-05    1.764102245741e-17
   6    7.163428482202e-05   -7.733438346349e-18
   7    5.301834193938e-05    2.117541798840e-17
   8    1.781629881795e-05   -7.785157864177e-18
   9    9.782954773413e-06   -8.972506325737e-18
  10    1.792772320240e-04   -4.097771834806e-17
  11   -1.911337172305e-04    2.681519797098e-17
  12   -1.279167933457e-04    3.154138525441e-17
  13   -1.206694421093e-04   -2.395849320041e-17
  14   -1.570393474343e-04    7.785329266650e-18
  15   -1.097120499398e-04    3.295714616313e-17
