   0   -1.888886435492e-04    2.441367373716e-17
   1    6.367303524976e-04   -4.527879240092e-18
   2   -2.488682037470e-04    6.338447968717e-17
   3    9.270452932279e-04    4.176041641026e-18
   4    7.445603333172e-05   -3.532877717106e-17
   5    8.664309536870e-05    5.041504683525e-19
   6   -2.891388699123e-04    1.868545906767e-17
   7   -1.068768126127e-04   -4.954975839947e-17
   8    5.213115910708e-04   -7.946514669099e-17
   9    3.025884040892e-04   -5.617513928875e-17
  10    9.719479851021e-04   -5.975995736036e-17
  11   -4.315625059414e-04   -4.229979460655e-17
  12   -2.659798644329e-04   -1.121435718730e-18
  13   -1.809139527080e-04    4.062203302466e-18
  14   -5.042944202288e-04    5.090003733424e-17
  15   -7.278710313083e-04    7.755540412922e-17
