   0   -2.779541574394e-05    2.341298615339e-18
   1    9.592760952880e-05    5.325046592522e-18
   2    8.940726002065e-06    1.964745344800e-18
   3    2.919990003060e-04   -3.629632536824e-17
   4   -2.405022211318e-04    1.129979294972e-17
   5   -1.543272984790e-04    1.469429125510e-17
   6    4.931832252837e-05    8.495016079942e-19
   7   -5.664347860079e-05    1.526277495122e-17
   8    3.669444980481e-06    2.033181821882e-17
   9   -9.891798614798e-05    1.353128692304e-17
  10    2.171370220842e-05    8.450686447107e-18
  11    1.870841874856e-04   -9.050005262387e-18
  12   -6.125407145097e-05    9.603711057152e-18
  13    9.678035614564e-06   -3.435643619089e-17
  14   -7.589267350652e-05   -9.680798551410e-18
  15    3.052789550120e-05    1.217673488502e-17
