   0   -9.111082760997e-07    8.053947937150e-18
   1   -3.231907251645e-05    1.515356661928e-16
   2   -3.649501316760e-06    1.973337865164e-17
   3   -2.528616093249e-05    1.137748599313e-16
   4    1.463718523064e-05   -6.321073481109e-17
   5   -1.730552356943e-05    8.062099427754e-17
   6   -3.864474353682e-05    1.695328050220e-16
   7   -1.506943783757e-05    7.031390917424e-17
   8   -2.945030922733e-05    1.322857988654e-16
   9   -3.310987070460e-06    1.516397500539e-17
  10   -5.044360319818e-06    2.271927469586e-17
  11    1.906187756946e-05   -8.149559379585e-17
  12    2.035225380664e-06   -1.047903981428e-17
  13    2.986045946328e-05   -1.273163348652e-16
  14    6.229458427222e-06   -2.933489523461e-17
  15    2.771899351304e-05   -1.273889181779e-16
