   0   -4.849526696771e-04    4.889786562256e-18
   1    4.085581177441e-04    4.194832960540e-17
   2    4.432177495499e-05    6.823356324129e-17
   3    8.240783076087e-05    8.026601845128e-17
   4    9.800457390342e-04   -2.496016198055e-18
   5    3.656951055920e-04   -1.406812159615e-17
   6    4.783931023913e-04   -9.746503006567e-18
   7   -4.040041087034e-04   -1.263256930973e-17
   8    1.497204379747e-04   -8.388118850390e-17
   9    1.140081901200e-04   -1.619377298786e-16
  10   -7.912271703633e-04   -9.869653885414e-17
  11    6.986562301272e-04   -1.819994912411e-16
  12    3.963230519873e-04   -2.400210579012e-17
  13   -7.246882214142e-04    6.477585426705e-17
  14   -1.312238672776e-03   -7.190166768277e-19
  15   -2.437243174017e-04    2.323277788613e-17
