   0   -2.395535165840e-06    2.062019420054e-18
   1   -4.963121957507e-05    2.514105277563e-17
   2    1.991957300291e-05   -1.871583077144e-18
   3    4.511132429929e-05   -1.185463704894e-17
   4   -2.962578806667e-05    9.142051186647e-18
   5   -4.610971113751e-05    1.950139878412e-17
   6    2.788805899762e-05   -1.079984268365e-17
   7    7.871819016656e-06   -6.996470825881e-18
   8    6.833546951827e-05   -3.319113844550e-17
   9   -1.064045035277e-05   -1.262865672617e-18
  10   -8.851406057032e-05    3.895456873264e-17
  11   -1.846587109031e-05    9.322169873459e-18
  12   -4.782237759086e-05    2.161318957357e-17
  13   -6.672220135859e-05    2.888827312216e-17
  14   -1.958222620791e-05    3.960247419417e-18
  15    2.276447297068e-06    8.643001579242e-18
