   0   -3.757162668138e-03    8.166227508931e-17
   1    3.160449515295e-03    6.092632427128e-17
   2    5.219661959680e-04    8.960016270642e-17
   3   -1.075938072318e-03   -1.448265542601e-16
   4    3.880613632333e-04    2.407695506122e-16
   5   -5.570914875696e-05    3.463136968201e-17
   6    6.456401319387e-04   -1.567306947305e-16
   7   -3.015171007522e-03   -1.713881785673e-16
   8   -2.041120384943e-04    6.346490325292e-17
   9    1.072504415128e-04   -1.100485825425e-16
  10   -6.089602477714e-05   -1.286368118837e-16
  11   -2.492705997476e-03    1.087518717960e-16
  12   -3.617968147918e-03    3.931843471473e-17
  13    7.022908815740e-04   -2.185930556664e-16
  14    7.984460864930e-05    6.037899137198e-17
  15   -1.121935045189e-03   -5.585921536859e-17
