   0   -6.021804188774e-04   -6.538600242465e-17
   1   -2.052141510820e-04    4.879587920300e-17
   2    6.646836724552e-04    1.973986724668e-17
   3   -6.453683536020e-04    1.400178271424e-17
   4    7.581819489711e-04   -4.057001650712e-17
   5   -2.047612336100e-04   -4.925853507339e-17
   6   -6.675268614583e-04   -1.206976473393e-16
   7    1.577916028912e-04   -1.113076675533e-16
   8   -7.976974281905e-05   -9.151211886492e-17
   9   -1.298224117093e-04    2.019597392911e-17
  10    4.162667423311e-05    4.585062371922e-17
  11    2.095254790600e-04    1.312496939446e-16
  12   -3.902914475290e-04   -8.929974778430e-17
  13   -3.836468805862e-04   -3.717508874839e-17
  14    7.686088155138e-05   -3.124456078480e-17
  15    3.040688080835e-04   -1.006417091865e-16
