   0   -1.005644587458e-05   -1.408291251475e-18
   1   -8.242147933230e-05    1.270359304988e-18
   2    3.284979767805e-05   -8.614136298386e-18
   3    5.566968726093e-05   -5.960084427371e-18
   4    6.562836964411e-05    1.550951182323e-17
   5    4.044437034049e-05   -4.913714075419e-18
   6    3.017901690560e-05    7.746279619966e-18
   7    1.969162161241e-04    1.942110698360e-17
   8   -7.375834461863e-05    4.341455903596e-18
   9   -5.542009442151e-05   -6.697060511937e-18
  10    1.639045425023e-04    1.675757882468e-17
  11    6.900813204725e-05    5.183976144065e-18
  12   -3.573077942997e-05    3.131319686632e-18
  13    9.209264159805e-05    1.912288654036e-17
  14    8.622253228141e-05    5.200632325971e-20
  15   -1.785668872728e-04   -9.686551719897e-18
