   0   -2.758253011841e-03    3.032009962671e-16
   1    5.058079535648e-05   -2.027241244524e-17
   2    1.572919699472e-03    1.001336198124e-16
   3    2.694464112248e-04   -8.477891071175e-17
   4    2.448118391935e-03   -1.578778757379e-16
   5    2.765858874938e-03   -3.502653406825e-16
   6    4.871417298945e-04    1.714722749252e-16
   7    5.335174914467e-04   -1.167852842524e-16
   8   -9.018558656997e-04    1.195377192443e-16
   9   -6.532308950741e-04   -2.823546519777e-17
  10   -2.167965206489e-03    4.918734032310e-17
  11    1.705264167150e-03    1.978138272090e-16
  12    3.626365218030e-04    1.141767209036e-16
  13   -2.777771656494e-03    2.343043292170e-16
  14    4.855055778249e-04   -9.192238139036e-18
  15   -4.786608915111e-04    7.295470931268e-17
