   0   -8.703933986983e-05    1.035781200046e-16
   1   -1.497171200400e-04    8.079655967547e-17
   2   -2.482351023211e-04    1.622026844013e-16
   3    5.606661205114e-05   -8.501305859062e-18
   4    2.337217146988e-04   -9.763492511572e-17
   5    1.492976608789e-04   -7.640385352859e-17
   6    1.026893839995e-04   -7.560189043268e-17
   7    2.555105554628e-05   -3.073978767914e-17
   8    1.561399343058e-04   -8.254661993354e-17
   9    2.890516436237e-05    1.180308402201e-17
  10    5.667390223243e-05   -1.611311647181e-17
  11   -3.343652363951e-04    2.217370097365e-16
  12   -2.196551527150e-04    1.638414616419e-16
  13   -1.108604862770e-04    5.767657116862e-17
  14   -1.324023642527e-05    5.806477572390e-18
  15   -3.047980418785e-06   -2.511673999269e-17
