   0   -4.829203540075e-06   -1.951811946915e-18
   1    3.181914406615e-06    4.058685692185e-18
   2   -5.337636387244e-05   -5.175063091006e-18
   3   -3.080507177327e-05   -1.159270266653e-17
   4   -1.776153326453e-04   -3.686916718472e-17
   5   -3.992987339716e-05   -2.213762660482e-18
   6    2.316638998215e-05    1.248881032264e-17
   7   -2.262360634557e-05   -6.682506172720e-19
   8   -4.222275842677e-05   -7.556648478346e-18
   9   -6.066804177245e-05   -1.372391465516e-17
  10   -5.831978235900e-05   -7.881885559766e-18
  11   -1.951467368443e-05   -1.272676194840e-17
  12   -3.453166072377e-05   -1.610821890043e-18
  13   -1.553689584749e-05   -3.139761938117e-18
  14   -3.268368875078e-06   -7.247851192304e-18
  15   -2.021850285337e-05   -5.793676430274e-18
