   0   -2.407695022927e-05   -9.805809964565e-18
   1    9.341641428507e-05    2.882864295063e-17
   2    8.162808081930e-05    2.588336078427e-17
   3   -8.048144520424e-05   -5.493478718941e-18
   4   -3.261387945409e-04   -7.839808755531e-17
   5   -6.010508178144e-05   -3.523210877691e-18
   6   -2.597500548770e-05   -4.199880647688e-18
   7   -3.182852983764e-05   -3.757560256397e-18
   8   -8.454642114185e-06    1.026321947633e-17
   9   -1.527911488056e-04   -5.835195628094e-17
  10    4.128391608788e-05    2.959169857939e-18
  11   -3.476008611181e-04   -7.623130458094e-17
  12   -1.084030405088e-04   -1.880602832177e-17
  13    9.647812650872e-06   -1.110978287137e-17
  14    1.153315242837e-04    4.745526975313e-17
  15   -3.290729295892e-06    2.112058180297e-17
