   0   -1.166671554944e-04   -5.995902177897e-17
   1   -6.073427287228e-04   -1.536681676410e-16
   2   -1.459877762175e-04   -8.733587737530e-18
   3   -1.138392451017e-04   -4.070044469239e-18
   4    2.343922821064e-04    6.622678673182e-17
   5   -1.441571752211e-04   -7.421810918672e-17
   6   -2.366798444669e-04   -5.242444761932e-17
   7   -2.810347258163e-04   -5.782624895773e-17
   8   -4.511851189630e-04   -8.595979636286e-17
   9   -2.318016398612e-04   -5.476845542317e-17
  10    1.763614777950e-04    9.343518568829e-18
  11    1.505808827828e-04    3.869419114577e-17
  12   -3.314558703417e-04   -1.247458964261e-16
  13   -8.111285166652e-04   -1.592661819456e-16
  14   -2.406328620734e-04   -8.701729156840e-17
  15   -2.768751450064e-04   -8.074098616339e-17
