   0   -6.092525714121e-07    5.199483036160e-19
   1   -8.034398424689e-05    3.567010862129e-17
   2   -5.169149883682e-05    3.384277325280e-17
   3   -4.530932756520e-06   -6.663472977729e-19
   4    2.582779264041e-05   -1.249416370931e-17
   5    1.669516092183e-05   -5.044198547922e-18
   6    1.865284613345e-05   -5.446272109980e-18
   7    7.164278689411e-06   -3.490359460417e-18
   8   -4.376269011705e-06   -8.190019116410e-19
   9   -3.369665984646e-05    1.385875270382e-17
  10   -3.765145741390e-07   -6.192599294895e-19
  11   -5.631288665465e-06    3.231338523798e-19
  12   -1.408158374207e-05    3.409010781437e-18
  13   -1.332880646226e-05    6.900747430874e-18
  14   -1.083275005353e-05    7.395500164564e-18
  15    4.649764283901e-05   -1.975435013772e-17
