   0   -6.447186007045e-04   -2.480721451004e-16
   1   -4.122619717891e-05   -7.558746202390e-17
   2    7.066014234166e-04    5.700953411681e-17
   3    4.785975707688e-04    3.287735799740e-17
   4    8.427645971723e-04    1.987847519170e-16
   5    1.271113185660e-03    3.742209016162e-16
   6   -3.017708046922e-04   -1.313511012266e-16
   7   -5.239422564496e-04   -1.966462185853e-16
   8    1.602546226946e-03    3.393195583537e-16
   9    2.948718517183e-04    3.417776993115e-17
  10   -1.636856440556e-04   -1.555272136455e-16
  11   -3.537531348593e-04   -3.986781440424e-17
  12    2.484270028628e-04   -4.241369765003e-17
  13    1.077090804200e-03    2.410472825576e-16
  14   -7.371456391649e-04   -1.502749234611e-16
  15   -3.327639636309e-04   -6.965777113120e-17
