   0   -8.197845416805e-04    3.178777220775e-16
   1   -5.333804662236e-04    6.844462691313e-17
   2    5.022264075549e-04   -1.673041630110e-16
   3    2.668736735576e-04    1.389854798582e-16
   4   -8.026681514521e-04    1.969444593385e-16
   5   -1.852206375560e-05   -2.766518544033e-18
   6    9.818335179210e-05   -1.080414347437e-16
   7    2.044225756329e-04   -4.916953976734e-17
   8    3.266891847145e-04   -3.472911922747e-17
   9   -2.366779993659e-04    4.270807443300e-17
  10    1.472897894373e-04    3.184039636123e-17
  11   -2.832933429794e-04    1.375727872897e-16
  12    4.719389256684e-05   -8.544054958375e-17
  13   -2.955238211781e-04   -5.714016969563e-17
  14   -1.073468427633e-03    3.098436650118e-16
  15   -5.379348404084e-04    1.646909402372e-16
