   0   -7.877917142854e-04    1.495743663026e-16
   1   -1.088311033588e-03    1.594066765789e-16
   2   -1.448466114196e-03    9.076478878987e-17
   3   -1.773621476989e-03    1.091681301004e-16
   4    2.419302570979e-04    1.442650253507e-17
   5    2.383741657356e-03   -8.295289633218e-17
   6    6.045253291438e-04   -6.362147828740e-17
   7    4.440355333903e-04   -5.150188359220e-17
   8   -1.697435866758e-04    4.727554086404e-17
   9    4.023627796227e-04   -2.573284874046e-17
  10    3.019497433413e-04    4.300615046044e-17
  11    1.660315608900e-04   -2.511021986794e-17
  12    1.145291175959e-03   -2.396031376728e-16
  13    1.057953953009e-03   -2.094990521239e-16
  14   -2.690908312112e-04    1.308098475909e-17
  15   -6.697084241264e-06   -1.364740635846e-16
