   0   -1.894126327810e-04    2.139157373073e-17
   1   -4.668431776812e-04   -4.698075336614e-17
   2    2.164521001167e-04    3.057039116098e-18
   3    6.698318729463e-04   -5.004794397821e-17
   4    2.225988932678e-05   -5.320794023816e-17
   5   -2.145458104473e-04   -3.164683826532e-18
   6   -3.929339834068e-04    4.357984109692e-17
   7   -2.424574479312e-04    3.508270482858e-17
   8   -3.282542290530e-04    1.700794972657e-17
   9    1.163504719627e-04   -1.986190874404e-18
  10    5.143917573957e-05   -1.512843311289e-17
  11    4.743802221454e-04   -3.289926654037e-17
  12    6.817797330929e-04   -1.557931820917e-17
  13    1.773975457672e-04   -4.516061645549e-17
  14   -8.347986860315e-04    1.006184977772e-16
  15   -3.740166863001e-04   -2.471904456008e-17
