   0   -2.304668600406e-04   -2.696711299603e-17
   1    1.444069700701e-05    4.129552829035e-17
   2   -5.017296893951e-04   -5.757673745242e-18
   3   -3.682881851740e-04    2.049375220620e-18
   4   -5.627372751015e-04    2.471164809813e-18
   5    1.180763038744e-04    3.387521472521e-17
   6    6.761814899406e-06    3.766491829417e-18
   7    3.820711706389e-04    2.127893021451e-18
   8   -4.620391642151e-04   -4.388623307295e-17
   9    5.459769405714e-05   -4.399818765571e-17
  10    7.889995729873e-04   -1.031709850373e-18
  11    6.954515746061e-04    3.731678543391e-17
  12   -3.807167062999e-04   -3.575754078463e-17
  13   -2.859110706018e-04   -3.189634343472e-17
  14   -6.508860752212e-04   -1.054981345523e-16
  15   -4.709781242359e-04   -3.092565403232e-17
