   0   -2.199803382326e-03   -9.372914764319e-17
   1    8.384789285730e-05   -1.648433017276e-16
   2    8.847018883482e-04    2.926202371195e-17
   3   -2.041864159498e-04    2.612159343917e-16
   4    1.736829225209e-03    1.723879268528e-16
   5    4.525874409574e-04    1.137854125215e-16
   6   -1.982358684327e-03   -1.567899827953e-16
   7   -3.783612118134e-03   -1.326777568672e-16
   8   -1.938980191754e-03    1.721861686235e-16
   9   -1.816715972505e-04   -1.080138259975e-16
  10   -1.197317034319e-03    2.452654714679e-16
  11   -1.207332348852e-03   -2.183864579694e-16
  12    4.304744595642e-04    6.124256925155e-17
  13    3.232601726890e-03    3.762424296397e-17
  14   -6.415923664771e-04    1.757457635737e-17
  15   -3.559683541055e-03   -1.122856616646e-16
