   0   -9.087886788459e-05    4.868548666313e-17
   1    3.483983205800e-04   -1.102557872688e-16
   2   -6.628162863067e-05    1.775414583073e-17
   3   -3.692263952929e-04    1.391191424548e-16
   4   -6.066169932680e-04    1.889474627191e-16
   5   -2.319346779992e-04    4.095824074130e-17
   6   -1.177774390170e-04    3.366453410090e-17
   7   -9.459047347684e-05    1.898665026853e-17
   8   -1.889565207697e-04    2.309586388493e-17
   9   -5.843371072671e-04    1.332357228621e-16
  10   -4.481996102135e-04    1.189960211335e-16
  11    1.757028419555e-04   -2.801278487738e-17
  12    4.058115803243e-05   -6.484742502182e-17
  13    6.491077371477e-05    2.071473552244e-17
  14    4.317377945028e-04   -1.156449520417e-16
  15   -5.161506379344e-05    2.864289313385e-17
