   0   -1.381175619267e-03   -3.300841482538e-17
   1    3.277698082650e-04   -4.559597266522e-17
   2   -4.008518257912e-04   -1.285714907651e-16
   3    1.298001631030e-03    7.258225205986e-18
   4    1.721815571371e-04   -8.871567603323e-17
   5    2.079958247126e-04    2.724173453959e-17
   6    2.767048759330e-05   -2.442566564566e-17
   7   -7.103198954001e-04   -2.086604567248e-17
   8   -1.701196254232e-03   -7.396693317567e-17
   9   -2.148427859908e-04    2.161135077806e-16
  10   -6.789474648196e-04   -3.699537164785e-17
  11   -2.412821375033e-04   -2.883174584594e-18
  12   -6.221020372634e-04   -1.312152960346e-16
  13   -1.229239522861e-03    1.831975122449e-17
  14    3.773519923607e-04    2.355680302513e-16
  15   -2.918115021911e-04   -9.426011048630e-17
