   0   -6.782164886136e-04    2.891308292602e-17
   1    1.535460028428e-03    3.955356855416e-17
   2    2.961571518690e-05    3.406442495251e-17
   3   -2.592505379477e-05   -6.594748456145e-17
   4   -2.813822848409e-03    2.239110738582e-17
   5   -1.118005190376e-03    1.337005842615e-16
   6   -1.173872088834e-04   -4.954137911771e-17
   7    2.351611241109e-03    4.239603388805e-17
   8   -4.580857915627e-04    1.774602207511e-16
   9    1.091672291393e-04   -1.967480670955e-17
  10   -5.094792317573e-05    9.759906678910e-18
  11    4.067470468182e-04   -4.914834350803e-17
  12    6.392615215422e-04    9.504270506543e-18
  13   -1.231737397950e-03    6.673344711130e-17
  14    5.742340417629e-04    2.245559863843e-17
  15   -1.345802576412e-03    1.732519049670e-16
