   0   -1.665156515171e-04    1.146113814546e-17
   1   -4.563959119617e-04    5.295538044188e-17
   2   -7.453927460099e-04    4.857466739291e-17
   3    2.279632790463e-04    7.505891866882e-19
   4    7.122080764226e-04   -2.164506952892e-17
   5   -4.106274357840e-04   -1.308862529795e-17
   6    3.961057570211e-05    1.009795613822e-17
   7    3.084244799962e-04    1.803854112115e-17
   8   -2.360694687945e-05   -2.784042179590e-17
   9    2.617064649974e-04    2.824217639792e-17
  10   -3.128542050490e-04    2.795845866402e-17
  11   -1.434832001306e-04   -3.517606697312e-17
  12    1.395237782295e-04   -5.351149174434e-17
  13    3.533613838844e-05    2.457148185840e-17
  14   -4.412908081660e-04   -3.209034944349e-17
  15   -1.292768660802e-04   -9.877411409731e-18
