   0   -2.797033880339e-03   -1.174327115516e-16
   1   -1.861429930612e-03    4.312708179880e-17
   2   -1.136326150642e-03   -2.385417316803e-17
   3   -8.735290751458e-04   -1.533850593562e-16
   4   -4.285513920607e-04    6.733495531996e-17
   5   -1.755179271147e-03    1.158171613411e-16
   6   -8.386114739630e-04   -9.980733613350e-17
   7   -1.171475603119e-03   -1.126665769632e-16
   8    4.180914934759e-06   -5.862858848398e-17
   9    1.837607367850e-03   -1.375733429698e-16
  10    1.005908183406e-03    2.207520012517e-16
  11   -1.374677043383e-04    2.647240568030e-17
  12   -1.267254880962e-04   -6.137662346051e-17
  13   -2.083477941133e-03   -1.376832983846e-16
  14    1.808155312237e-03    1.025454474134e-16
  15    2.884573619110e-04   -1.231205805155e-16
