   0   -5.375821303337e-05   -0.000000000000e+00
   1   -2.062356318631e-04    5.698108070381e-18
   2    7.199330664010e-06   -1.628030877252e-17
   3    5.276366760494e-07    3.988675649267e-17
   4    2.307084331101e-05    2.442046315877e-17
   5    1.184482580678e-04   -1.383826245664e-17
   6   -2.396547197617e-04   -1.872235508840e-17
   7    2.924500973261e-04    4.884092631756e-18
   8    3.700585124290e-04   -8.140154386258e-18
   9    3.350357504728e-06   -1.953637052702e-17
  10    8.367048359851e-07    1.058220070214e-17
  11    7.405915023556e-07    1.139621614076e-17
  12   -4.791903850954e-05   -6.512123509007e-18
  13    2.720446586395e-04    4.070077193130e-18
  14    9.948487651230e-05    7.326138947633e-18
  15    1.215712613028e-04   -9.768185263510e-18
