   0   -1.392509517798e-03   -1.491460708650e-16
   1    6.753123225340e-05   -1.621013577342e-16
   2    4.891812506914e-04   -6.946457190669e-18
   3    7.087401706291e-04   -7.804735083107e-17
   4   -1.653669047929e-03   -6.370122825073e-17
   5    2.606032863169e-04    7.195733256226e-17
   6    8.958635645544e-05   -3.248890129149e-17
   7    9.705149613708e-04   -1.017022712781e-17
   8   -3.570546462895e-04   -1.912134060756e-17
   9    3.686119169827e-05    2.683170516777e-17
  10    3.094470930729e-04    1.284313673742e-16
  11    6.444557515605e-04   -1.520283048279e-17
  12    6.655766733596e-04   -7.207299194460e-17
  13    1.510525746897e-03    2.756116376874e-16
  14    4.815224421846e-05    4.815110675089e-17
  15   -3.741972408500e-04    3.796187213636e-17
