   0   -1.514000737674e-03    1.727958327352e-16
   1   -3.944551520288e-04   -7.684763907327e-17
   2   -5.888692423780e-04    2.928449702532e-17
   3   -9.499358110526e-04   -1.922922312031e-17
   4   -1.342535841873e-03    2.148497724439e-16
   5   -3.425020758528e-04    2.818500384764e-17
   6   -1.054613747877e-03   -8.669390432818e-17
   7    2.731579365451e-05   -9.659651018785e-17
   8   -7.777107396091e-04    4.006091970366e-17
   9   -2.228440027938e-03    1.271680854395e-16
  10    1.419642810909e-03   -7.669339419974e-17
  11    8.797445867283e-04    7.939339886104e-17
  12    3.127660646406e-05    1.494115238462e-16
  13   -1.611301814302e-03    1.610688295046e-16
  14   -1.333271340855e-03    4.152525199788e-17
  15   -1.758813507058e-03    1.435673520080e-16
