   0   -5.514767511069e-05   -2.308510559064e-17
   1   -7.378965779222e-05   -3.028479360392e-17
   2    9.753193342421e-05    5.091900713811e-17
   3    4.125429627082e-05    1.358144056757e-17
   4   -2.342210975946e-04   -5.067202510761e-17
   5    4.437048886672e-05    9.286859496258e-18
   6    1.230841446329e-04    4.554906710962e-17
   7   -1.051079022137e-04   -3.848872027637e-17
   8   -1.144279120822e-04   -4.162828245100e-18
   9   -1.807749772415e-04   -4.937922885998e-17
  10   -8.854005429575e-05   -8.638048509220e-18
  11    5.481460970725e-05   -2.543115631442e-18
  12   -8.135196014331e-05   -9.606965752758e-18
  13   -1.024760394448e-04   -7.432546405847e-18
  14   -1.422834404816e-04   -3.142923275100e-17
  15   -1.726059289119e-04   -1.633963949663e-17
