   0   -1.843300911896e-04    9.646912130884e-17
   1   -2.147681335024e-04    7.880938304835e-17
   2   -2.329987296823e-04    3.383798205063e-17
   3    4.123758996234e-04   -7.776182742523e-17
   4    3.693050671687e-04   -7.854991123493e-17
   5    6.131003778002e-04   -1.890722586728e-16
   6   -2.856192086098e-04    8.076870176847e-17
   7   -2.438368891443e-04    1.104944614190e-17
   8   -2.013710779031e-04    9.942099001140e-17
   9   -6.118439831338e-04    1.812068416050e-16
  10    1.308762649723e-04   -8.549625600189e-17
  11    6.434304955725e-05    7.360283930437e-17
  12   -1.455162419351e-04    4.712193013362e-17
  13   -2.075696800474e-04    6.081217402497e-18
  14   -7.235311051064e-04    1.034121281264e-16
  15   -6.432501685249e-05    8.918408419783e-17
