   0   -3.561792155817e-03   -7.951073395810e-17
   1    6.360566558603e-04   -2.049292018370e-16
   2    2.705847457708e-03   -9.553728600225e-18
   3    1.243985888877e-03    5.364026350461e-17
   4    3.968375730794e-04    3.092204966326e-16
   5   -6.775648502801e-04    3.881854077300e-17
   6   -1.269590069121e-03    1.581025762791e-16
   7   -2.446021426125e-03   -1.995748161188e-16
   8   -1.739407524018e-03   -1.254289160025e-16
   9    8.526962847116e-04   -8.324505190355e-17
  10   -2.762539934116e-04    1.360603426066e-16
  11   -5.421256764414e-04   -2.592868373682e-17
  12    1.244278395097e-03   -3.249310010701e-17
  13   -5.102459081089e-05    1.319483728882e-16
  14   -2.263051564721e-04    1.072585706009e-17
  15    6.900987840603e-05    2.061729913613e-16
