   0   -1.914090154582e-04    3.072001477069e-18
   1   -6.285112161295e-04    6.033964321022e-17
   2    2.402724664153e-04   -1.882412360465e-17
   3   -2.236134416644e-04   -7.421572697046e-18
   4    5.813836696207e-04    3.219858572429e-17
   5    5.980529208241e-05   -5.087921996743e-18
   6   -2.206259298681e-05    5.240107089374e-17
   7    2.897943830765e-05   -2.325514215530e-19
   8    3.602528983441e-05   -6.787312479172e-17
   9    3.301441147102e-04    1.578269998423e-17
  10   -4.007719008389e-04    2.932808852831e-17
  11   -2.475862615951e-04    6.803483828096e-17
  12    2.235402721685e-04   -1.408185047887e-17
  13   -1.097595158339e-04    1.931279651486e-17
  14   -4.433649791408e-04   -5.658131601810e-18
  15   -2.623788495230e-04    6.968954516262e-17
