   0   -3.009130378727e-05    6.090188464976e-18
   1   -2.722087584824e-04    2.267405747301e-17
   2    1.684035917963e-04   -4.505649496984e-17
   3    1.267558682785e-05    7.243555842838e-18
   4   -9.964422958695e-05   -9.405089559866e-18
   5    1.616329652201e-04   -2.244666187175e-17
   6    1.035367824404e-05   -1.261910018625e-17
   7   -1.325661255622e-04    1.097897459744e-17
   8   -3.938332622116e-06   -2.335319482259e-17
   9    4.023902772375e-05   -1.503433399360e-17
  10   -1.554780873096e-04    1.695166725892e-17
  11    3.028798340741e-04   -2.212370872570e-17
  12   -1.039391923502e-04   -5.316347046682e-18
  13    8.008529163858e-06    4.061726400209e-18
  14   -1.771667009927e-04    2.280056302011e-17
  15    4.509732370623e-05    1.005282153114e-17
