   0   -2.405623118946e-08    9.642997434944e-19
   1    1.553015943325e-06   -3.098874945245e-17
   2   -5.136043921918e-06    1.029742097975e-16
   3   -1.519939618555e-06    3.063576677242e-17
   4    6.215787980532e-07   -1.214811342108e-17
   5   -2.610315861028e-06    5.211093011823e-17
   6   -1.902254062362e-06    3.864274220092e-17
   7   -7.195644240878e-08    1.511074099265e-18
   8   -1.260303402982e-06    2.520812177671e-17
   9   -4.742367036437e-06    9.518721187694e-17
  10    2.146812484579e-06   -4.316550139223e-17
  11    4.005772115426e-06   -7.994177078563e-17
  12    2.450216403063e-06   -4.866104277461e-17
  13    3.923983738671e-07   -7.899130305827e-18
  14    2.517320646607e-06   -5.110804439822e-17
  15   -3.593720177720e-06    7.226863856946e-17
