   0   -1.978435538234e-03    5.925874206924e-17
   1   -4.231814203832e-03    9.055821309090e-18
   2   -1.716884637044e-03   -6.811399923025e-17
   3    7.268194807972e-05   -1.294824377755e-16
   4    1.046065812674e-03    2.383977702181e-17
   5    5.048300766880e-05   -1.093970688257e-16
   6    1.389748234955e-03    3.878047887942e-18
   7   -9.882772254832e-04   -1.333462553895e-16
   8    3.869846256334e-04   -9.468365753074e-17
   9   -2.281061797891e-04    1.614394672757e-16
  10   -3.971899909991e-04    1.639716938161e-16
  11   -3.422454119885e-03    1.105139692461e-16
  12   -6.967863075879e-04   -1.426498990896e-16
  13   -2.960902991424e-04    1.822105224805e-16
  14    4.081037757083e-04    8.702857278574e-18
  15    4.370800328488e-04   -1.941984645777e-16
