   0   -3.216348741274e-04    4.380407125239e-17
   1    1.337448626264e-04    1.279455076775e-17
   2    3.804091852190e-04   -2.011199008118e-18
   3    6.723731142111e-04    7.973649085821e-18
   4    7.723524334456e-04   -5.657626895684e-17
   5    5.265341554169e-04    2.985125792402e-17
   6   -6.044624211776e-05   -1.857137538745e-18
   7    3.320907022048e-06   -6.195005893569e-17
   8   -2.143337948216e-04    1.161410671270e-16
   9   -2.846226153354e-04   -5.292911582186e-19
  10    3.225692159225e-05    5.355407008658e-17
  11    9.700948905136e-05   -4.642783727383e-17
  12    2.785494041691e-04   -2.095918332137e-17
  13    1.244310792404e-04    2.537534667864e-17
  14   -1.894003810906e-04    1.084699199315e-16
  15   -2.003795018710e-04   -6.265906869948e-18
