   0   -1.185138775557e-04    2.417268147230e-17
   1   -1.532932231542e-04    2.771956585541e-17
   2    2.892170339669e-05   -7.784043720357e-18
   3    5.106244550184e-04   -4.603158474796e-17
   4   -6.214819815960e-05   -2.508645770508e-17
   5    4.975358823903e-05    2.514185685595e-17
   6    9.199548577996e-05   -4.547392727328e-18
   7   -1.220507439787e-04    1.486430734004e-17
   8    9.599313707326e-04   -1.051479991261e-16
   9    8.019849408692e-04   -2.739989062993e-17
  10    6.138273392545e-04   -9.885866478540e-17
  11    2.264273923441e-04   -2.188299597269e-17
  12    2.102482284135e-04   -6.978700151207e-17
  13   -2.667017171282e-04    4.411978313858e-17
  14   -6.399662148387e-04    3.746676659067e-17
  15   -4.277049113028e-04    9.776659234742e-18
