   0   -1.131931607799e-04    4.961004418301e-17
   1    4.402445941965e-04   -7.285087523579e-17
   2    3.347218832303e-04   -8.280010968808e-17
   3   -1.629021552623e-04    3.215462071454e-17
   4    2.482600946631e-05    2.827996872391e-18
   5   -2.992714364158e-04    4.668294192237e-17
   6    1.966247047518e-04   -5.726241524807e-17
   7   -8.377657167504e-05    7.727980048325e-18
   8   -2.177556424508e-04    7.606732353482e-17
   9   -2.062593464653e-04    5.583016522507e-17
  10   -4.679718825279e-04    9.664487497424e-17
  11   -1.271173294741e-04    2.549396572033e-17
  12   -7.821534835750e-05    2.186478968419e-17
  13   -7.915153077880e-06    5.016337040840e-17
  14   -1.221581745500e-04    3.385675430676e-17
  15    8.146751989020e-06    1.829498590007e-17
