   0   -6.346418873134e-04   -2.237507930080e-17
   1   -3.301361891611e-04    8.164746126856e-18
   2   -6.477929144451e-04    5.361942017391e-18
   3   -4.350427840307e-04   -9.437241615893e-17
   4   -7.064364813210e-04    4.628144021383e-17
   5   -2.953425797792e-05   -9.281783538755e-17
   6   -9.658280849676e-04   -1.982261266875e-17
   7    5.704897447682e-05   -6.891645697931e-17
   8    3.333083768061e-04   -6.124963978026e-17
   9   -7.121804631567e-04   -4.611701746961e-17
  10    7.068997912918e-04    5.161769900825e-17
  11    9.034711193737e-04    1.389894282014e-16
  12    4.988236685351e-04   -8.070699662062e-17
  13    1.487210800870e-04   -5.611291098447e-17
  14   -1.901750917394e-04   -1.453996788101e-17
  15   -4.003138375393e-04    8.244353916887e-17
