   0   -1.411048842979e-04    7.385319364223e-17
   1   -3.802319657940e-04    1.047804477221e-16
   2   -3.874330623498e-04    7.765119190569e-17
   3    3.151527764105e-04   -6.664856570310e-17
   4    1.512109957807e-04   -5.803462511479e-17
   5    4.637359519769e-04   -1.213578864779e-16
   6    3.997536791605e-04   -9.933874758997e-17
   7   -3.160934792449e-05    1.222846391905e-17
   8   -3.341482581378e-04    9.403932854048e-17
   9   -1.167908186226e-05    2.151966849522e-17
  10    5.143134668785e-04   -9.239199954605e-17
  11   -1.506536039665e-04    1.304931885807e-17
  12    6.052537751516e-04   -1.755370391707e-16
  13   -1.482372276050e-04   -2.319082718499e-17
  14    4.746137871528e-05   -3.879659793010e-17
  15    3.874052445813e-04   -6.049942072314e-17
