   0   -1.652876051610e-03   -1.805470366892e-17
   1    2.853406199716e-03   -2.503891306495e-17
   2   -2.356497374759e-04    4.384973399712e-17
   3   -1.119703833964e-03    1.193932650574e-17
   4   -3.977920643882e-05   -1.827196187886e-17
   5   -3.736100302311e-04    1.333697680737e-16
   6   -3.497269661127e-04   -4.253315289764e-17
   7    6.732604078944e-04    8.943692309680e-17
   8    5.743685279620e-05    1.718333821087e-16
   9   -1.224496223317e-03   -1.014749057918e-16
  10   -5.149380634202e-04   -1.635341472222e-17
  11   -4.339859449194e-04    1.781767780046e-16
  12    1.168482523674e-03   -5.680967586855e-17
  13   -1.568156791392e-04   -5.953425181585e-17
  14   -1.705291861945e-03   -1.672922832539e-16
  15   -9.913596655272e-04   -9.568793068757e-17
