   0   -9.862518987364e-04   -1.464378845354e-16
   1    1.016197097303e-03   -1.172334575769e-17
   2    1.998061521522e-04    1.438383310068e-16
   3   -6.422132484514e-05    2.312516519281e-17
   4   -1.260051949478e-04   -8.257351700277e-17
   5   -7.595764200836e-05    1.334167960265e-18
   6   -1.104479266600e-03   -4.712993127961e-17
   7   -9.783475475848e-05    6.246911332588e-17
   8    1.190039392854e-04    1.099466770004e-16
   9   -1.147359933105e-04    1.030537677897e-16
  10    7.753262655454e-04    5.755990852677e-17
  11    2.255510055980e-03    1.012024450903e-16
  12    1.636715521304e-03    7.269647047736e-17
  13    5.510815483690e-04    4.091207137500e-17
  14    1.460110158470e-04    3.175949658199e-17
  15    1.083678347622e-04    2.547826573712e-17
