   0   -5.170099786956e-04    2.019527072862e-16
   1   -1.009508559966e-04   -3.329604293475e-17
   2   -8.016308491260e-04    1.086014115095e-16
   3    4.522662208888e-04    8.332844252872e-17
   4    9.004200252946e-04   -2.515917933808e-16
   5   -8.909088510039e-04    1.992460050270e-16
   6    7.194507525936e-05   -8.978373747002e-17
   7    9.991942369239e-04   -2.557367662938e-16
   8    3.511523495797e-04   -8.877824841741e-17
   9   -3.791922118162e-04    1.548404791676e-16
  10    3.234139603413e-04   -3.539694205926e-17
  11   -6.901623168323e-06   -5.418905003361e-17
  12   -7.191717288579e-04    2.515342157258e-16
  13    1.725664941340e-03   -3.900493171893e-16
  14    9.318931074826e-04   -1.693844389502e-16
  15   -3.073149297872e-04    7.769202648534e-17
