   0   -2.692219495276e-03   -1.843382416362e-16
   1   -3.741637354772e-03   -2.202654465504e-16
   2    4.798368593147e-04    1.431599318101e-16
   3    3.583710368326e-04    9.291694446472e-17
   4    3.469300733931e-03   -3.100203959259e-17
   5   -3.214411299440e-04   -3.404693506039e-17
   6    2.593108438163e-04   -2.906720409125e-16
   7    1.078248747993e-03    1.924496323257e-16
   8    5.471937723790e-04    9.938135999857e-17
   9   -1.443020848792e-04    1.810204545812e-17
  10    1.830998087894e-03    7.996660054849e-17
  11    1.078954460710e-04    2.686800624800e-16
  12    1.716463700071e-03    7.028490376619e-17
  13    2.176707436808e-03   -1.764874419915e-17
  14    8.433842806247e-04   -5.177441086265e-17
  15   -6.160558101091e-04   -1.996685679598e-16
