   0   -1.777875372554e-04   -1.776405597116e-17
   1    5.319479818023e-04    2.805574893012e-17
   2    7.472441563136e-04   -1.892152355350e-17
   3    1.594918537565e-04    4.201577401047e-17
   4    6.329790081004e-04    9.527732000995e-17
   5    8.246541902389e-04    8.631186347799e-18
   6    4.051264912787e-04    4.688566255032e-17
   7    3.652961895981e-04    6.414018782714e-17
   8    1.765938630282e-04   -2.374504233218e-17
   9    4.626693611557e-04    1.867332955061e-17
  10    4.345743322751e-05   -2.269938651587e-18
  11    5.525816628912e-05    9.750225605524e-17
  12    3.623614135197e-04    7.740726423991e-18
  13    1.296893633564e-04    6.273195134527e-17
  14    2.509693080537e-04   -1.706866840701e-17
  15    1.977728934414e-04   -1.084426226946e-17
