   0   -5.317847881397e-05   -8.743834730820e-17
   1    2.985004251192e-05    7.068837997859e-17
   2   -2.460103494068e-04   -2.046792537916e-16
   3   -1.856127278335e-04   -1.412616237143e-16
   4   -7.961623126862e-05   -9.217149258106e-17
   5    9.754737635344e-07    3.804421704526e-17
   6    4.531136067759e-05    6.720717636084e-17
   7   -6.827078333629e-05   -2.455192375472e-17
   8   -2.563156369773e-04   -2.163899101336e-16
   9   -3.367510749871e-05   -2.282734575412e-17
  10    8.122753229297e-05    7.244620538341e-17
  11    7.536243454627e-05    6.519553912741e-17
  12    9.086267114631e-05    4.717327330870e-17
  13    2.432327590699e-04    1.862034503683e-16
  14   -1.715381414048e-04   -1.329290601521e-16
  15   -5.501945008411e-05   -2.742116062359e-17
