   0   -3.111635507057e-04    2.350097254654e-17
   1    2.835883173806e-04    4.958153809917e-18
   2    4.117320999233e-05   -1.554826192670e-18
   3    2.154072643503e-04   -5.513638145997e-17
   4   -2.184433766297e-05   -5.401069368441e-17
   5    1.647005176925e-04    1.614062810554e-18
   6    1.531761235487e-05    6.796606342322e-17
   7    8.823582347956e-05    1.102559797216e-16
   8   -2.226114118747e-04   -3.076180059162e-17
   9    5.546077001104e-04   -7.969611243831e-17
  10    9.477061705059e-04   -7.887339655763e-17
  11    1.341413309152e-04    2.626904360753e-17
  12   -6.306311763910e-04    2.773138854432e-17
  13   -1.384005698230e-04    1.697691460085e-17
  14   -3.178346432965e-04    3.158655089834e-17
  15    5.620212214272e-05   -6.479162395263e-17
