   0   -4.203095266462e-04    9.559697215572e-17
   1   -6.102328747188e-04    6.484473312391e-17
   2    7.699040664957e-04   -1.012118249810e-16
   3    6.184222826643e-04   -6.349993148762e-17
   4    2.242072943197e-04   -4.825851035644e-17
   5   -2.582248371011e-04   -2.981320476096e-17
   6    2.485950378665e-04   -5.509568309083e-18
   7    4.726367002613e-04    1.908654565552e-17
   8   -6.630330953014e-04    1.482373106772e-16
   9    6.311900726198e-05    2.923986748946e-17
  10   -1.171428376021e-03    1.332173062296e-16
  11   -1.201901663680e-03    1.002648986357e-16
  12   -5.763185404179e-05    2.021072633286e-17
  13    1.149191824262e-05    2.828265381406e-17
  14   -2.988513704956e-04    9.771732309620e-17
  15   -5.336146012637e-04    4.247483112058e-17
