   0   -1.109697300356e-03    5.917421116940e-17
   1   -4.717071706401e-04    1.124332893286e-16
   2   -1.156100440748e-03    3.082432100713e-17
   3   -4.955595342817e-04   -7.924693759700e-17
   4    1.394788111102e-04   -6.659142819571e-17
   5    1.351901464128e-03   -1.285045356880e-16
   6   -1.902372569498e-04    1.936899649048e-16
   7   -9.161840013888e-04    2.442759189862e-17
   8   -3.812998462743e-04    9.153087923928e-17
   9   -2.129822782004e-04    8.334475401890e-17
  10   -2.041332846515e-05   -1.991686959815e-16
  11    1.814819522289e-03   -5.948246517244e-17
  12    1.429799618179e-03    3.584598764089e-17
  13   -9.456878227035e-05    3.580691700798e-17
  14    8.123994667417e-04    2.272020305133e-17
  15   -1.118001682790e-04    1.398212152987e-16
