   0   -7.513887283881e-04   -1.217313838384e-16
   1    1.815032571872e-04   -4.616315391604e-17
   2   -4.112555996858e-04   -2.880611755185e-18
   3   -2.055785731741e-03   -1.360945669130e-16
   4    3.899347279390e-04    7.240099395088e-18
   5    1.339609624648e-03    2.241589081182e-16
   6    7.339879512425e-04   -1.662596014865e-17
   7   -7.938454029598e-04   -3.387201769159e-17
   8    6.669454057452e-05    4.192195741220e-17
   9    4.543761669020e-04    5.506611515847e-17
  10   -4.995152940663e-04   -2.220316184044e-17
  11   -1.818421909743e-04   -1.168670848964e-17
  12    8.026117721479e-04    4.149285027654e-18
  13    1.309764978567e-03    1.182696882257e-16
  14    1.326679481488e-03    1.683323886436e-16
  15   -4.673591095770e-05    9.359929893920e-17
