   0   -3.064889452023e-07    2.458541980282e-19
   1   -6.568667685378e-06    3.064817073676e-18
   2    2.233783824772e-05   -8.529052697531e-18
   3    1.570555771626e-05   -5.684575875131e-18
   4    5.192039854587e-06   -1.836577835104e-18
   5    8.742807453061e-06   -2.400235952183e-18
   6   -3.426780065427e-06    2.542226123580e-18
   7    6.382738886859e-06   -3.473118112327e-19
   8   -4.536221218673e-06    1.327686801150e-18
   9   -2.110680561149e-05    9.571896805484e-18
  10   -1.221959805890e-05    7.605453015802e-18
  11   -2.503221945433e-06   -3.482016424400e-19
  12    4.527216740425e-06   -1.262611720439e-18
  13    9.082206053773e-06   -3.704169951534e-18
  14    9.794757936586e-06   -3.805570804541e-18
  15    2.259962520831e-06   -7.835024506164e-19
