   0   -3.236664551757e-05   -8.842745200219e-18
   1   -1.637939033694e-04   -1.605845012132e-17
   2   -5.211187890638e-05   -1.280324758145e-17
   3   -1.528397649780e-04   -2.214158064198e-17
   4    2.465258920772e-04    5.009835447439e-17
   5   -6.148645343054e-05   -1.534708950202e-17
   6   -2.212312606335e-05   -2.955031533247e-17
   7    9.131000043289e-06    1.451143746406e-17
   8   -5.628006355894e-05    2.417983385398e-18
   9    2.747923338016e-05    3.975634414785e-17
  10   -1.231633009287e-05   -2.945693804184e-18
  11   -9.304721038527e-05    1.255448200221e-17
  12    7.363501561584e-05    1.069036986373e-17
  13   -9.720000990765e-06    1.004146501933e-17
  14   -2.523117631524e-04   -2.688698336916e-17
  15   -2.417621830619e-04   -3.428862697825e-17
