   0   -3.992827525308e-04    7.099054062062e-17
   1    2.626983625816e-04    6.316647276045e-17
   2    3.874662040082e-04    3.268916958307e-18
   3    7.293066164996e-04    6.156947564923e-18
   4   -5.313954746656e-04   -6.003133911666e-18
   5   -3.161837142662e-04   -5.175639126386e-17
   6    5.182787883242e-04    7.169175580913e-18
   7   -5.351276166949e-04    7.419300267999e-17
   8   -2.705618042118e-04    5.511065107140e-17
   9   -6.464911431842e-04   -9.082133914396e-18
  10   -4.780665200418e-05    8.686804444846e-18
  11    7.635418598312e-04   -5.900320575028e-17
  12    7.090793164557e-04   -7.634616140460e-17
  13    2.385041445987e-05   -4.338698514382e-18
  14    6.498289957745e-04   -2.449140901814e-17
  15    1.474101034814e-03   -1.221701966299e-16
