   0   -1.804369134431e-03   -1.509116970279e-16
   1   -1.067916825698e-03   -6.930659559229e-18
   2   -1.371250115053e-03   -2.904755652790e-17
   3   -1.312146382544e-03    1.526317078198e-16
   4   -6.127477837794e-04    3.096774824885e-17
   5    3.476420554014e-04    4.283378124864e-17
   6    2.143655086566e-04    3.726036795436e-17
   7    1.547620850959e-03    1.307429109418e-16
   8    2.040774678977e-04   -6.692165326036e-17
   9    2.472613693745e-03    1.175487451679e-16
  10   -9.473097388214e-04   -2.075102506249e-17
  11    1.763805710563e-03    3.603162636080e-17
  12    6.568095187785e-04    9.349059729215e-17
  13   -2.903008444791e-04   -4.986784403641e-17
  14    2.990040693020e-04   -1.644096791717e-18
  15   -6.462187962609e-04   -8.361572904995e-17
