   0   -4.012897521249e-04    2.490905703453e-16
   1   -3.998821643088e-04    8.407600962725e-17
   2   -2.140717652529e-05   -7.342084165264e-17
   3   -2.567280011333e-04    1.330552915078e-16
   4   -1.262196295719e-04    7.475820523858e-17
   5    2.679860923170e-04   -1.587896101730e-16
   6    4.495853671681e-04   -2.240473044135e-16
   7    1.282301728578e-04   -3.312576641079e-17
   8    1.513761872121e-04   -3.808539802285e-17
   9   -3.546104363714e-04    3.444099639596e-17
  10   -9.860405176070e-04    3.260461931249e-16
  11   -6.991369541942e-04    2.036417456299e-16
  12   -5.265470869413e-04    1.990048302184e-16
  13    6.937891450207e-04   -2.019819862788e-16
  14    8.939279553750e-04   -2.196171060636e-16
  15   -8.398738945096e-04    2.695614418273e-16
