   0   -4.343977174372e-03    2.634247022627e-16
   1    4.684720594747e-04    1.321426644054e-16
   2   -2.726334569842e-03   -1.661256726797e-16
   3    4.050987758188e-04    9.747742139223e-17
   4    2.222059572383e-03    5.702063629845e-17
   5   -2.942170201421e-03    3.066978475657e-17
   6   -1.008833040544e-03    1.110793872025e-16
   7   -1.214619863864e-03    2.270792766706e-16
   8   -1.208968917992e-03    6.999807747328e-20
   9   -3.191005022629e-04    1.413876960314e-16
  10    3.733767049952e-04    3.106424885968e-16
  11    5.523489372253e-04   -3.869965507835e-17
  12    3.966774599932e-03    4.119686521733e-18
  13    8.978977752900e-04    2.581518877450e-16
  14    9.977641195617e-04   -1.619652398521e-16
  15   -1.285319482605e-04   -1.351325276239e-16
