   0   -2.070418390706e-03   -6.062064238547e-17
   1    1.710489555246e-04    2.271098760029e-17
   2   -1.465786172855e-03   -6.303521329248e-18
   3   -6.255304614457e-04    1.423940225074e-16
   4    1.679684677734e-03    1.155210572101e-16
   5   -1.628293455244e-03   -2.158031086821e-16
   6    1.188015687898e-03   -1.543662836931e-16
   7    1.016858005859e-03    2.068518720901e-16
   8   -4.900415695213e-04    1.241706595609e-16
   9    9.075036187504e-04    9.411311139378e-17
  10    6.558546832278e-04   -1.722604059404e-16
  11    9.278733045056e-04    9.441131765035e-17
  12   -5.974550802941e-04   -2.007119356212e-16
  13   -2.077610618447e-04   -5.355876331873e-17
  14   -1.813750907192e-03    6.942989965984e-17
  15    4.915247448724e-05    9.165054146438e-17
