   0   -1.535995580280e-03   -6.961858556090e-17
   1    1.051008985322e-04    3.283996612791e-17
   2    7.566059047937e-04   -1.331165185867e-17
   3   -8.268972625237e-04    1.770628241468e-16
   4    2.194750743534e-04    2.672963227430e-17
   5    1.190521214860e-03   -4.698972061318e-17
   6   -1.097128514338e-03    4.910622009910e-17
   7   -6.237762164131e-04   -5.329669879523e-17
   8    1.575820913376e-03    1.053304145840e-16
   9    9.027574584470e-05   -1.154355012133e-16
  10    5.688076745949e-04   -4.802573511757e-17
  11   -2.055544011369e-05    3.869461948738e-17
  12    6.524578764775e-04   -1.418555788400e-16
  13   -7.782416304082e-04   -1.220646743807e-16
  14    7.894226945907e-04   -3.432375377149e-17
  15   -1.216332865489e-04    4.075511801574e-17
