   0   -5.724355644953e-04   -6.375067323797e-17
   1   -3.064164542901e-04    3.606315570275e-17
   2    7.053387164585e-05    6.236570486905e-17
   3   -9.601768472460e-04   -9.065410292645e-17
   4    2.791941883828e-04    7.929724177554e-17
   5   -6.836941153681e-04   -8.851567060106e-18
   6    5.006127888190e-04   -1.368132612731e-16
   7    1.231654618298e-03    8.452076829768e-17
   8    1.219335613546e-03    9.977246870504e-17
   9   -1.577369326664e-04   -2.737732415561e-17
  10   -8.378201379673e-04   -4.134037844576e-17
  11   -7.238255387959e-04   -3.233645806252e-17
  12   -7.351973351756e-04   -2.234456968093e-17
  13    1.095723778638e-03    1.832027567505e-16
  14    1.038887648967e-03    1.375374612983e-16
  15   -7.110949799091e-04   -2.408514731429e-18
