   0   -7.261124261661e-04   -2.632660373112e-16
   1    5.427145364810e-04    1.283023962053e-16
   2   -1.464142573498e-04   -1.133007796241e-16
   3   -6.430116522433e-04   -8.665153089508e-17
   4   -5.008973277269e-04    4.681135362341e-17
   5    1.902695072422e-04   -2.234859457398e-17
   6   -1.461239326340e-04   -9.828985064242e-17
   7    4.030057788084e-04   -1.070771506059e-17
   8   -2.957179653810e-04   -1.194256296941e-16
   9    6.498689183277e-04    1.118279239227e-16
  10   -8.129236871521e-04   -2.191703938793e-16
  11   -3.825138234796e-04    1.143093197652e-17
  12   -1.042737054492e-03   -8.133245303088e-17
  13    3.995656543072e-04   -5.348037709851e-18
  14    8.812617248343e-04    2.734422626007e-16
  15   -5.558347035451e-04   -1.187142427077e-16
