   0   -6.027057416664e-04   -1.962435495836e-16
   1    5.971155127959e-04    1.026628833696e-16
   2    1.267753753926e-03    1.927649793643e-16
   3    4.187553257316e-04    1.063327243716e-16
   4   -4.976622892447e-04   -4.286200966785e-17
   5   -4.377360176674e-04   -1.203252407519e-16
   6   -5.683065421115e-04   -1.988201014038e-16
   7    2.151300576650e-04    5.955407398691e-17
   8    5.800632468698e-05   -5.597096367287e-17
   9   -2.119502832082e-04   -1.053716824926e-16
  10   -1.082750271026e-05    2.276770326088e-17
  11    9.589443976963e-05   -7.978435147786e-17
  12   -6.774902146356e-05    1.622636397116e-17
  13   -1.685541834758e-04   -3.561779361740e-17
  14   -8.824681258591e-04   -2.881247424404e-16
  15   -9.017305431079e-04    1.128143406271e-17
