   0   -1.374286710562e-05   -7.408348573599e-18
   1   -1.799160600489e-05   -9.788254269437e-18
   2   -2.875601888032e-05   -1.762853198128e-17
   3    3.292837977230e-05    2.369202546996e-17
   4   -2.388634900761e-05   -2.645669329623e-19
   5    2.625316383223e-04    8.640113258295e-17
   6    3.978021071999e-05    3.377032745371e-17
   7   -9.664713581507e-05   -2.358027013204e-17
   8   -1.154249293466e-04   -4.181192733392e-17
   9   -5.141985917488e-05   -2.044461530962e-17
  10   -1.924366905658e-05   -4.775254257991e-18
  11    4.228850781218e-05    1.222135387427e-17
  12    9.437797518317e-05    2.296865347296e-17
  13    1.212740375054e-04    3.515696428629e-17
  14   -1.420375592172e-04   -4.651549480163e-17
  15    1.008036513616e-04    3.128579243939e-17
