   0   -9.574948457325e-04    5.015697176267e-16
   1    1.828654140174e-03   -3.690238188124e-16
   2    1.874281675087e-03   -3.672328422410e-16
   3    9.864583475834e-04   -3.270790934334e-16
   4   -2.066771590561e-03    4.794867228451e-16
   5   -8.932419320430e-05   -7.523092953609e-18
   6   -4.648998880235e-04    6.336356134780e-17
   7   -3.865261945639e-04    1.390275556068e-16
   8   -7.243619789871e-04    2.034648679681e-16
   9   -3.505633223613e-05   -1.351053047287e-16
  10    7.706270079785e-04   -2.663500212004e-17
  11    2.011235598464e-05   -9.458841689917e-17
  12   -2.801416380882e-04   -6.404230423623e-17
  13   -1.741775283530e-03    4.905558865415e-16
  14   -1.386086417849e-03    1.878347223041e-16
  15   -2.975234616762e-03    8.273623684887e-16
