   0   -3.101005460813e-04   -4.301145915368e-17
   1   -3.136592405554e-04   -2.957279328523e-17
   2    8.575516600612e-05    4.895865090566e-17
   3   -3.180774960421e-05   -1.784642436734e-17
   4   -1.098768850392e-04    6.065411340886e-18
   5    5.092292001180e-04   -3.702198745506e-17
   6   -1.686815714725e-04    3.522338518512e-17
   7    2.546163981083e-04    7.882526358426e-18
   8    6.396438199615e-04    4.435982842152e-17
   9   -7.944828366677e-04   -4.727777710760e-17
  10   -6.164162244173e-04   -7.011990399470e-17
  11    1.914209664941e-04    3.673599838964e-17
  12    2.663163019085e-04    6.738858047171e-18
  13   -1.380496889155e-04   -6.822584996098e-17
  14   -2.230853063574e-04   -6.630287512373e-17
  15   -4.471995671710e-04   -1.111713795140e-16
