   0   -1.796274117581e-03    1.129295968193e-16
   1   -5.312601200657e-03    1.481768296062e-16
   2   -9.732935997419e-04    4.000569968087e-17
   3   -2.693105213602e-04    2.258181414831e-17
   4   -4.174949689630e-04   -7.157349392762e-17
   5   -3.090816022963e-04   -8.909760262023e-17
   6   -6.370762152745e-04    4.058688974617e-16
   7    7.853979282232e-04    8.824108449572e-17
   8   -5.219622492641e-04    1.011047675359e-16
   9   -9.294967753866e-04   -1.589978216312e-16
  10   -2.229813257681e-03   -8.518535464324e-17
  11   -2.203928152555e-03    2.857275521488e-16
  12    2.614785379695e-04    3.412917795695e-17
  13    1.179721948702e-04   -3.664618418797e-17
  14    2.102733490832e-04   -9.130701409557e-17
  15    8.066002061229e-04   -5.358739240446e-17
