   0   -1.002494121121e-03   -1.827908661266e-16
   1    3.418313321730e-04   -3.914008366998e-17
   2    7.653596242204e-04   -5.278356271065e-19
   3    1.203409270839e-03    2.081383262502e-16
   4    1.097451957883e-03    1.626702778059e-18
   5    8.704088765479e-04    7.232306109827e-17
   6    2.810729315029e-04    1.859445283775e-17
   7   -1.061123970785e-03   -1.705599903084e-16
   8    1.547521213695e-03    7.781072834327e-17
   9   -1.271653757898e-03   -1.159341919928e-16
  10   -1.779588486979e-03   -7.436138611590e-17
  11   -3.719154081774e-04    1.179091440969e-17
  12    4.777981047218e-04   -2.674425830052e-17
  13    3.496778186189e-04    6.703153410929e-17
  14    7.276382763355e-04    1.050046605673e-16
  15    5.737842405339e-04    1.858887303341e-16
