   0   -3.045583607378e-03    1.225393263773e-16
   1   -5.125105701152e-05    3.779284332386e-17
   2   -3.713260109616e-04    6.873983066977e-17
   3   -2.987436325643e-04   -1.169780517152e-19
   4   -4.341467036476e-04    2.538126183049e-16
   5   -2.718639455728e-03    1.037080802800e-16
   6   -1.157276944478e-03   -7.474989088577e-17
   7    2.525121469729e-03   -1.783512518917e-18
   8    1.081878396626e-03   -2.789170290722e-17
   9    2.786747910115e-04    9.242520864402e-17
  10   -1.229846346722e-04   -2.203371643730e-17
  11   -9.280524384564e-04    9.832069820326e-17
  12   -1.257989601998e-03   -6.659683321613e-17
  13    2.599266811940e-03    4.574059582428e-17
  14   -1.158982001358e-03   -2.569985877749e-17
  15   -2.519557521991e-03    1.392551219145e-17
