   0   -4.198553922676e-04    1.501426348372e-16
   1    2.682661368458e-04   -9.293632022105e-18
   2   -6.022334832237e-04    1.349796906146e-16
   3   -2.824734173128e-04    1.183393347169e-17
   4    1.890139085329e-04   -3.379621504293e-17
   5   -5.865708612380e-04    7.758184827554e-17
   6    4.734784214106e-04   -1.187825909777e-16
   7    2.811616991860e-04   -3.207339026467e-17
   8    6.008931852598e-04   -1.210907111535e-16
   9   -2.900416440212e-04    7.688402894198e-17
  10    1.627459726487e-04    2.322299865100e-17
  11   -4.496735921120e-04    6.902845284429e-17
  12   -2.804813703558e-04    1.830241512891e-17
  13    2.878877667844e-04   -5.602491401343e-17
  14   -1.948634074093e-04    1.303874348666e-16
  15   -7.643388483556e-04    3.657083213080e-17
