   0   -3.645743723860e-03   -5.362820800855e-17
   1   -6.429896800815e-04   -9.857849295578e-17
   2    6.380202888702e-04   -1.830061484965e-16
   3    2.296428163897e-03   -2.110298697377e-16
   4    1.240330256462e-03   -1.769159100953e-17
   5   -3.066686811513e-03    9.140474742941e-17
   6   -2.799126411215e-03   -2.954318789205e-16
   7   -1.765622235709e-03    1.382811764689e-17
   8   -1.275184184096e-03    3.056868616785e-16
   9   -3.108681948686e-03   -6.308522090015e-17
  10   -2.359073600598e-04    1.591495474632e-16
  11   -5.159958955298e-04   -1.244585695558e-16
  12   -5.028521500096e-03   -3.989747092377e-16
  13   -1.471918476033e-03    1.433552753416e-16
  14    3.504399680686e-03   -1.082959882309e-16
  15   -1.722421447619e-04   -1.755585008880e-16
