   0   -1.312817261548e-03    1.448154405442e-16
   1   -1.560969591028e-03    4.989056656823e-17
   2    1.119528306328e-04   -5.444651084814e-17
   3    3.335280738896e-04   -9.884858159013e-17
   4    1.300481375818e-03   -1.722936193763e-16
   5    2.661202165392e-05    8.703055323239e-17
   6   -7.508255201364e-05    1.409112755108e-16
   7   -1.699967773367e-04    1.059197065960e-16
   8   -3.078807831173e-04   -1.881742107109e-16
   9    9.475143572801e-05   -1.259054975630e-16
  10    3.119264213318e-04   -8.156654971628e-17
  11   -8.837651431332e-05   -2.730685054849e-17
  12    7.436019322938e-04   -3.145532357245e-16
  13    3.657130685399e-04    2.407845749128e-17
  14    3.846774137109e-04   -2.143039270742e-16
  15   -2.152387948670e-03    1.991668062850e-16
