   0   -2.781072448495e-05   -3.512914918807e-18
   1    1.027172841936e-04    3.693263551810e-17
   2    1.748033281492e-04    1.455306634753e-17
   3    3.782391092665e-05   -3.465992329851e-18
   4    9.919886360302e-05   -3.688100902564e-18
   5    2.524752476868e-05    7.449430221312e-18
   6    2.357904602948e-05   -7.878578137144e-18
   7   -2.454924818094e-05   -2.496990337089e-17
   8    1.475429420820e-04    1.517331019815e-17
   9    2.720798711084e-04    1.132904218619e-17
  10   -2.389407172965e-04   -1.391994069811e-17
  11   -3.040214520723e-04   -4.086422798610e-17
  12   -3.799697810782e-04   -2.751087860666e-17
  13    2.052462137591e-04    2.174513705545e-17
  14    2.826478742957e-04    1.082551982642e-17
  15    1.080587173885e-04    3.434255829873e-17
