   0   -2.290614686122e-05   -2.656784045437e-17
   1   -1.783758503474e-04   -8.750447927690e-17
   2    1.666350622945e-04    9.451094238022e-17
   3    2.853380453341e-04    1.484721575066e-16
   4   -1.044024983223e-04   -9.508414419204e-17
   5   -2.240719314840e-04   -1.405727652314e-16
   6   -1.085105948546e-04   -6.771056385830e-17
   7   -4.931428811457e-05   -3.125552975956e-17
   8   -5.944646466343e-05   -6.369930499328e-17
   9    5.807147541863e-05    2.836371738231e-17
  10    1.641027717013e-04    8.560340035956e-17
  11   -1.602993897119e-04   -7.861550065508e-17
  12    1.812309586208e-05    7.321953276978e-18
  13   -4.722838585818e-05   -2.898314262696e-17
  14   -1.085323489815e-04   -7.888167268054e-17
  15    5.770248504292e-05    3.452601117164e-17
