   0   -9.768832235825e-05   -0.000000000000e+00
   1    2.236837366140e-04   -1.316778726329e-17
   2   -1.371848511837e-04    7.681209236921e-18
   3   -1.209165128793e-04    2.194631210549e-18
   4    4.080254079604e-04    1.207047165802e-17
   5   -1.983891520571e-04   -1.207047165802e-17
   6   -2.016273804999e-05    1.536241847384e-17
   7   -3.739664750978e-04   -1.975168089494e-17
   8   -5.161823314530e-04    1.316778726329e-17
   9    3.811831247079e-04   -1.975168089494e-17
  10    5.078030424764e-06    1.975168089494e-17
  11    1.083387389015e-04    1.316778726329e-17
  12   -2.450848228763e-04   -8.778524842196e-18
  13    1.332372247717e-05   -2.414094331604e-17
  14    1.346064484865e-04   -6.583893631647e-18
  15    2.824182910132e-04   -5.486578026373e-18
