   0   -1.269942573265e-04    1.000903615702e-16
   1   -2.501782451626e-04    5.104591031028e-17
   2    2.965221390845e-05   -2.669873147870e-17
   3   -2.783070078287e-04    1.209338219014e-16
   4    4.138711377296e-05   -1.130508232819e-17
   5    4.603279130467e-04   -2.314486088914e-16
   6   -7.206650972483e-05    4.841763607112e-17
   7   -1.762102093299e-04    7.819783225085e-17
   8    1.325272673309e-04   -9.726626087263e-17
   9    1.630717741381e-04   -7.927595939848e-17
  10    5.434445210780e-04   -2.366778836439e-16
  11    3.641485264851e-04   -6.092704952657e-17
  12    2.687692883301e-04   -1.084173445488e-16
  13    2.429753919067e-04   -1.107639264987e-16
  14    1.188032580991e-04   -1.929246856819e-17
  15    1.308991860467e-04   -4.157497691758e-17
