   0   -1.128088432645e-03    7.457818305917e-18
   1    1.636188334640e-03    2.442283406195e-17
   2    2.079801816547e-03    1.199081026257e-16
   3   -1.500821703083e-03   -1.741247169726e-17
   4    3.728234736270e-05    1.479239938832e-17
   5    4.762362484106e-04    6.927506956703e-17
   6   -1.174732574878e-03   -1.103254471587e-17
   7   -1.194983288803e-03    1.046305779912e-16
   8   -8.445256109248e-04    8.855649953658e-17
   9    2.304636689293e-04   -7.618002805687e-19
  10    1.011877447854e-03    4.113045885788e-18
  11   -1.259306142657e-04    8.991008474969e-17
  12   -1.536547243211e-03   -8.441474527102e-17
  13   -1.017505450831e-03   -7.121480721115e-17
  14   -7.149987031816e-04   -6.475692840244e-17
  15   -5.244658603102e-05   -1.101336467185e-17
