   0   -5.918207935466e-04    1.620528189806e-16
   1   -3.161160621236e-04    3.787780942533e-17
   2   -2.341319456897e-04   -2.736427340240e-17
   3    6.430431432834e-04   -6.913311862157e-17
   4   -4.543354259897e-04    1.486314057538e-16
   5   -9.866396814217e-04    1.026706495002e-16
   6    1.550387359300e-04    1.658591224237e-17
   7    3.109616621516e-04   -8.038620363014e-17
   8   -7.515970332307e-04    1.569190414409e-16
   9   -2.127293564006e-04   -1.140217998327e-16
  10    5.742198349634e-06   -4.940201224988e-17
  11    1.792816731654e-04   -1.622904180591e-16
  12   -2.596314211956e-04    7.065768054036e-17
  13    7.422599668688e-04   -8.271693159978e-17
  14   -1.488887086362e-05   -5.738092599804e-17
  15   -6.481536688657e-04    5.011675026652e-18
