   0   -3.617754997001e-05    1.068439138520e-17
   1   -7.642702094255e-05   -1.141865584165e-17
   2    1.779531922486e-04   -3.963313318204e-17
   3    1.092181311070e-04   -2.414110291342e-17
   4    2.842264576082e-04   -8.203706434395e-17
   5    2.953718750611e-04   -5.553252045825e-18
   6    1.954512902314e-04   -3.553926347627e-17
   7   -1.134098940751e-04    2.609563289225e-17
   8    9.908484691836e-05   -4.614850460094e-18
   9    1.636904745873e-05    8.935013361366e-18
  10   -7.578659707657e-06    6.461306391899e-18
  11    1.659320811805e-04   -4.320021895642e-17
  12    4.091800296503e-05    1.666213205950e-17
  13    1.144618241916e-04   -2.491541832817e-17
  14   -2.374877779565e-04    4.441772317662e-17
  15   -4.410419043937e-04    4.375813057395e-17
