   0   -2.592931981535e-04   -1.465951642383e-16
   1   -1.273817851315e-04   -3.958406019062e-17
   2   -5.111637514877e-05   -2.696391277468e-17
   3   -2.394442590484e-05   -2.822161481890e-17
   4   -1.944603548161e-04   -1.336313085621e-16
   5   -4.915530065417e-06    7.549196476129e-18
   6    5.132346545988e-04    1.450823219034e-16
   7    4.922730768602e-04    1.445200938664e-16
   8    5.960234783915e-04    1.380935716846e-16
   9    6.993347580761e-04    2.262934505388e-16
  10    6.523745397218e-04    1.665372372758e-16
  11    4.252193649872e-05   -1.658373821899e-17
  12    1.792095933245e-04    1.669219710233e-17
  13   -1.272093460163e-04   -6.098826557938e-17
  14   -2.996662896535e-04   -3.465345271797e-17
  15   -2.831942173563e-04   -3.357258223118e-17
