   0   -4.130479864488e-04   -8.122935135723e-17
   1    4.147174804138e-04    7.688076961147e-17
   2    6.898098510515e-05    6.996122907033e-17
   3   -6.236345319184e-04   -4.778325578042e-17
   4   -6.784138087572e-04   -1.028098170943e-16
   5    3.390065660509e-04    4.461609682770e-17
   6    3.802610671405e-04    9.154366522713e-17
   7    6.235634590342e-04    2.069981678859e-17
   8    4.007107413847e-04    8.452898173333e-17
   9    1.367111824390e-03    8.478684492788e-17
  10    1.528149642029e-04    8.723004016679e-17
  11    6.455871283067e-04    5.219820776519e-17
  12    1.956585273296e-04   -7.837505119287e-18
  13    6.387495189756e-04    1.666007855721e-16
  14    1.244565358356e-03    1.359153340581e-16
  15    2.151027804912e-04    5.725281701511e-17
