   0   -4.038203193005e-03   -1.834330814365e-16
   1   -2.745236002904e-03   -1.893425247034e-16
   2    1.722401378171e-06   -7.051206561679e-17
   3   -6.860321886183e-04    4.085963730021e-17
   4    6.876025764252e-04   -1.254853925155e-16
   5    8.292458367438e-04    1.458261433597e-16
   6   -9.447712067303e-04   -2.119460470972e-16
   7    3.242220826675e-03    1.300789658999e-16
   8    1.755547098913e-04    3.003022140894e-16
   9    1.336238568796e-03   -2.941865135820e-16
  10    1.118726374739e-03    4.769363394628e-16
  11    4.383847353495e-03   -2.531890404990e-16
  12    6.962937701695e-04    1.704137050982e-18
  13   -7.132877497545e-05    2.029784024860e-16
  14   -1.431695317116e-03   -3.006114760568e-16
  15   -9.393409235209e-04    1.832639236049e-16
