   0   -1.822056537605e-03    1.516495523037e-16
   1    8.636960672765e-04    8.727259996656e-17
   2    1.342454859525e-03    5.787098383402e-17
   3    2.344995930806e-03    5.406268391596e-17
   4    1.063640027657e-03    1.073862348167e-16
   5    1.359673315717e-03   -2.082322777439e-16
   6    6.273935653634e-05   -1.400433014248e-16
   7    1.142696289878e-03    4.576294392976e-18
   8   -4.241293045741e-04    1.076920378622e-16
   9    6.569710559915e-04   -3.681790905591e-17
  10   -6.800231604821e-04   -6.648184617392e-17
  11    1.161152322315e-03   -1.383632076013e-16
  12   -1.815869924600e-04    1.497281873461e-16
  13    2.831484919341e-04    4.508537419715e-17
  14   -3.309082700793e-04   -1.947474061291e-16
  15    4.197476684222e-04   -1.312049388777e-16
