   0   -5.835617702348e-07   -2.544338567314e-18
   1   -1.647478892958e-05   -3.761139613560e-17
   2   -2.310833666422e-05   -4.868013134283e-17
   3    5.738629061713e-06    9.965918264069e-18
   4    1.071709309592e-05    2.387221559220e-17
   5   -2.913247427913e-05   -6.300015708083e-17
   6    1.226129027526e-06    2.503348425543e-18
   7    1.458691335820e-05    3.366543500033e-17
   8    8.014753547076e-06    1.747222624705e-17
   9   -1.100294769940e-05   -2.398651317963e-17
  10    2.988212241029e-05    6.590656523115e-17
  11    2.223163555604e-05    5.151834797173e-17
  12    3.990667598576e-06    5.392046852188e-18
  13    3.114995131662e-05    6.739827301044e-17
  14   -3.908860073913e-05   -8.928440108402e-17
  15    2.466598574444e-06    6.564562437394e-18
