   0   -6.865900193585e-05   -3.679755508817e-18
   1    2.503939227301e-04   -3.928705593175e-17
   2    5.375974673600e-05   -2.339773214984e-17
   3    2.912725219022e-05   -1.117867289021e-17
   4    1.307360158458e-04   -1.029570733738e-17
   5    4.277112073131e-05    2.986029480269e-18
   6    3.031056442820e-05    8.171753136550e-18
   7   -4.937955861093e-04   -7.210849013487e-17
   8   -5.828847572013e-04   -4.321791999621e-17
   9    3.836179722669e-04    1.119987527978e-17
  10    2.023398833169e-05   -1.141698859356e-17
  11   -1.195841390432e-05   -2.423886433999e-17
  12   -2.773890491516e-04    3.605981356831e-18
  13    8.706247705468e-06    9.432692942304e-18
  14    1.512871220736e-04    3.993170675385e-17
  15   -2.636435373156e-04   -1.902414759221e-17
