   0   -3.116376489199e-03    8.676872684602e-17
   1   -1.724430190848e-03   -6.895998858601e-17
   2    8.886917682732e-05    6.693824374389e-17
   3   -1.288384459865e-04   -2.833036321653e-16
   4   -1.226540423132e-03    2.277992264096e-16
   5   -1.567244046050e-03   -1.536834595835e-17
   6   -3.155728719008e-04   -1.443531686732e-16
   7    8.940450162956e-05   -2.553530513046e-16
   8    1.371397234172e-03   -2.298158378672e-16
   9   -2.505220981216e-03    1.588315394013e-16
  10   -1.462849821723e-03    1.071336630207e-16
  11   -3.760003855410e-06   -1.610895767198e-16
  12   -1.130399024200e-05   -1.671823199748e-16
  13   -1.170299355465e-03   -2.089437683904e-17
  14   -1.290975906342e-04    1.419275325217e-17
  15   -8.904372834830e-04    1.735380662461e-16
