   0   -9.567362229202e-06   -4.120857382219e-18
   1   -5.047905908471e-05   -7.437130584334e-18
   2   -5.310309132125e-05   -1.487033823208e-17
   3   -2.653677129651e-05   -1.842094032582e-17
   4    1.214347755751e-04    3.302030872348e-17
   5   -1.951858285100e-05   -2.343419297198e-17
   6   -1.135047255476e-04   -9.334585816852e-18
   7    2.779635395289e-06   -1.805210740585e-18
   8    2.056644502455e-05   -6.559760062247e-18
   9    8.895271464632e-05    2.533815721697e-17
  10    1.207517341045e-04    2.119744621795e-17
  11    3.525618322002e-05    1.823832560960e-17
  12    7.701871315117e-05    2.894933478063e-17
  13   -1.330048680836e-04   -2.898735487921e-17
  14    7.560054260118e-05    1.353410693806e-17
  15    8.489692029082e-05    2.927236762857e-17
