   0   -2.265714621748e-05   -2.325227817793e-17
   1    2.089111516508e-04    1.204108169172e-16
   2   -2.347723211230e-05    1.226224733853e-17
   3    1.282788307432e-04    6.053954737864e-17
   4    5.226949329259e-05    2.417891989241e-17
   5   -3.065991058447e-05   -1.203339892185e-17
   6   -2.914774122302e-05   -2.341205423156e-17
   7   -1.513862926156e-04   -9.670595839624e-17
   8    4.147930228086e-05    1.282904265403e-17
   9    1.231212418089e-04    7.057607691706e-17
  10   -2.159220857814e-05   -3.681231840824e-18
  11   -3.782937033339e-05   -1.254152316785e-17
  12    7.810666864507e-05    6.438834248169e-17
  13   -5.146380961441e-05   -1.900934885628e-17
  14   -8.644168813127e-05   -4.805534575682e-17
  15    3.882279806519e-07   -9.313082864001e-18
