   0   -7.342746022727e-06    2.647415793165e-17
   1   -5.282064903788e-05    8.830263695662e-17
   2    4.876646436768e-05   -8.610831266160e-17
   3   -4.781699284093e-05    7.807896338399e-17
   4    5.856864302192e-05   -1.055841711265e-16
   5    8.476333048911e-06   -1.106884641326e-17
   6   -1.341980494178e-04    2.587716937301e-16
   7   -3.759568690715e-05    6.085595347441e-17
   8   -3.531580564461e-05    6.246192642012e-17
   9   -5.295258039241e-05    9.245143034114e-17
  10    5.222176201939e-05   -9.203648124659e-17
  11    6.686370575047e-05   -1.181312900854e-16
  12    5.938005886600e-06   -1.551817774070e-17
  13   -3.742577202942e-05    6.867239373607e-17
  14   -5.455540937350e-05    9.774765959974e-17
  15    1.116029008615e-05   -2.312755422725e-17
