   0   -8.823050101360e-06   -3.957317071196e-18
   1   -7.066781824199e-07   -2.796691135701e-18
   2   -9.847281430541e-05   -2.406218660258e-17
   3   -1.873229424374e-04   -4.695571743222e-17
   4    2.486840899373e-05    3.268558162878e-18
   5    6.512970167176e-06    3.439258199584e-18
   6   -4.085574028518e-05   -5.864550202094e-18
   7    2.621394337779e-05    1.181471847012e-17
   8    1.479447930913e-04    3.021013362678e-17
   9    2.193466794813e-05    4.919071915323e-18
  10    1.123395606046e-05    3.838434357040e-18
  11   -1.024896029536e-04   -2.100567515452e-17
  12   -2.299758108165e-04   -5.685083249809e-17
  13    1.354314228492e-05   -1.909459224220e-18
  14   -2.848472080648e-05    9.771056958205e-18
  15    9.846942452500e-06    1.309089873322e-17
