   0   -5.316207485610e-05   -2.428468339464e-17
   1   -6.380546439245e-05   -3.723902115467e-17
   2    4.879252480746e-07   -4.745493416020e-18
   3    8.787897798334e-05    2.169074211089e-17
   4    8.437197087689e-05    6.318923484125e-18
   5    2.288507042044e-04    4.579411820017e-17
   6   -2.678236659219e-04   -6.360001732537e-17
   7    4.682746036416e-05    1.959988490711e-17
   8    1.456126151402e-04    2.516336592580e-17
   9    4.232547743534e-04    1.209570595036e-16
  10    3.971426224376e-04    7.775646865938e-17
  11   -3.941709800142e-05   -4.146020296425e-18
  12   -1.220204299321e-04   -5.863034931583e-17
  13   -4.449805936267e-04   -1.332046922376e-16
  14    7.528933758139e-04    1.606297480714e-16
  15    8.585971577886e-05    4.227626352975e-17
