   0   -1.047110185082e-03    1.221477126699e-16
   1   -3.437808793549e-04    9.908815417903e-17
   2   -1.398551953502e-03    1.031275637669e-16
   3    1.510368720652e-03   -1.455751978705e-16
   4    6.403082317110e-04   -3.734668376905e-17
   5    8.616568378011e-04   -3.588676619268e-17
   6   -5.553910047259e-04    2.520863328662e-17
   7    4.992686478759e-05   -6.504619234252e-18
   8   -9.209117671503e-04    1.060223702014e-17
   9   -3.865993092668e-04   -8.522856246389e-17
  10    7.928991266658e-04   -7.498735427518e-17
  11    1.324988133448e-03   -2.245771652878e-16
  12   -1.158737193839e-04    6.758462472694e-18
  13   -5.667664011627e-04    1.150179669135e-17
  14    6.316250880860e-04   -7.276602768512e-17
  15    3.824222497002e-04   -3.667551860015e-17
