   0   -1.032046148527e-03    1.426657684026e-17
   1   -9.965001096858e-04    7.822048579085e-17
   2    1.630934729615e-04    2.027259708180e-17
   3   -2.309111422644e-04    6.936224980103e-17
   4    2.896909990959e-04    2.296422551037e-17
   5    5.373150717762e-04   -3.713810070349e-18
   6    6.624058660619e-05   -1.145904558856e-16
   7    9.321330827789e-05    8.852183424352e-17
   8   -5.778912603693e-04   -1.172716388920e-16
   9    2.525039957857e-04    5.388033295884e-18
  10    3.961017372305e-04   -7.763730127107e-17
  11    2.734605110112e-04    6.944278200060e-17
  12   -2.737101814034e-04    5.895813523159e-17
  13   -3.508048004913e-05    2.520897845546e-17
  14   -8.743050447122e-04    4.170945680500e-17
  15   -1.317102709222e-04    1.161028664074e-17
