   0   -4.159884312887e-04   -8.151797017819e-17
   1   -1.071936692020e-04   -2.861805321056e-17
   2    4.816022681988e-04    1.241770920658e-16
   3    6.610928179404e-04    6.930334743653e-17
   4   -1.882501701488e-03   -2.070933821055e-16
   5   -1.348098694213e-03   -1.886978329201e-16
   6   -5.946280759390e-04   -1.750330072898e-17
   7    3.535958119531e-04    5.955395912940e-17
   8   -9.711751921822e-04   -5.213339612502e-17
   9   -1.066920926157e-05    8.012171869646e-18
  10   -5.914369851943e-04   -8.059349998749e-17
  11    2.612780222592e-04   -1.515868899340e-17
  12   -4.376562844305e-04   -7.911223315320e-17
  13    1.738282115101e-03    1.612611621284e-16
  14    7.819763807706e-04    1.105846911611e-16
  15   -8.939962830676e-05   -6.989794747236e-17
