   0   -3.883813545021e-03   -5.535150105314e-17
   1   -2.202223801310e-03   -1.817473771406e-16
   2   -5.306625227431e-04    1.069215426147e-16
   3   -2.291790860602e-03    3.210144160479e-17
   4   -4.321040535967e-03    2.736418600410e-16
   5    7.561578477645e-05   -2.021798074681e-17
   6   -1.301868995261e-03   -2.583587710308e-16
   7   -3.536970979823e-03   -2.050965560493e-16
   8    2.599338109856e-03    1.852267937909e-17
   9    5.930133153130e-04    1.806364160950e-17
  10   -4.061541996714e-05   -8.331667387494e-17
  11   -5.736714521558e-04   -5.943943880041e-17
  12   -9.749664220362e-04    2.072821631689e-17
  13   -4.013866281973e-04   -9.972537645534e-17
  14    1.179629419331e-04   -1.790517837560e-16
  15   -1.023101595309e-06    2.074952235324e-17
