   0   -1.441127785605e-03    3.371719694001e-16
   1   -2.569208262976e-04   -3.737928639823e-17
   2   -5.714755591289e-05    1.921298175282e-16
   3   -4.534976040482e-04    5.726569817910e-17
   4    1.375562375107e-03   -1.819892611157e-16
   5    7.611081096691e-05   -4.688943902343e-18
   6   -1.196063676135e-03    1.652057971580e-16
   7    8.464024946221e-04   -1.833068337552e-16
   8   -2.496876421990e-03    3.763825450463e-16
   9   -3.047858013840e-04    8.623024254660e-17
  10    1.372830829762e-04    3.030149864854e-17
  11   -6.967991681112e-04    1.405180423986e-16
  12    1.205833425152e-03   -1.579193825269e-16
  13    9.237593221882e-05    1.448157806336e-17
  14   -2.911504475011e-03    4.501744541936e-16
  15    6.265524988502e-04   -1.323004477983e-16
