   0   -9.473099117627e-05   -8.644626970079e-18
   1    1.313335944122e-04    8.153545918628e-18
   2    2.839439277007e-04   -9.736568614625e-18
   3   -1.801931974465e-04    2.635678996557e-17
   4    1.350187807010e-04   -4.570722777231e-17
   5   -3.159511384404e-04   -4.690772464206e-18
   6   -9.293134983912e-06    1.902639060054e-17
   7   -9.887780527933e-05   -8.879663411752e-17
   8    6.775583235277e-05    5.252668234503e-18
   9   -7.532637369999e-05    8.449427699666e-18
  10   -3.282138040606e-05   -5.819862421931e-18
  11   -7.831006897294e-05   -4.463505026655e-17
  12    5.462920541831e-05   -1.047436069505e-17
  13    6.569099546753e-05   -3.486171539671e-18
  14    7.439655243930e-05    1.095855780701e-17
  15    6.755045076227e-05    2.361312955120e-17
