   0   -1.615353749514e-04   -6.773065713498e-17
   1    1.712429080664e-04    1.473464870920e-17
   2   -2.664150733720e-04   -9.677359729169e-17
   3   -6.361637527432e-04   -1.418358465028e-16
   4    4.140614739573e-04    1.178497632738e-16
   5    4.037785356195e-04    5.642965608406e-17
   6    6.444137789621e-04    7.019055719346e-17
   7    2.701233784078e-04    3.264248410165e-17
   8   -1.088635813578e-03   -2.592719233508e-16
   9   -2.245294382328e-04   -3.860548232054e-17
  10    2.504216573914e-04    9.906485478053e-17
  11    3.533594210919e-04    5.997001795390e-17
  12    1.132562718304e-04   -1.153260112137e-17
  13    3.937922867667e-04    1.277109523672e-16
  14    7.925976083088e-04    1.633432164490e-16
  15    1.540361675564e-04   -2.414906841471e-17
