   0   -8.629329619278e-04    1.434998461466e-16
   1   -2.186858477265e-04    6.384202191349e-17
   2   -4.034931270078e-04    4.985587357055e-17
   3    3.539366671509e-04    8.798034222603e-17
   4    9.489538009010e-04   -5.933410065693e-17
   5    4.231358445167e-04   -1.199776612532e-16
   6    1.220339337247e-03   -5.254663814273e-17
   7    1.268184795921e-04   -1.706724292073e-17
   8   -8.772110669030e-05   -7.424029362779e-17
   9   -1.612880931334e-03    8.844648866518e-17
  10   -1.502262195280e-03    1.705670031797e-16
  11   -2.581726563444e-04    1.225683373123e-16
  12    1.446058088233e-03   -2.180755862283e-16
  13   -1.162545423186e-03    2.108092789278e-16
  14   -9.528104303551e-04   -3.818603799117e-17
  15   -1.873500866400e-03    1.688206270132e-16
