   0   -1.926106599433e-03    1.559194764271e-16
   1    5.387540401584e-04    7.564344254861e-17
   2    5.534556773788e-04   -1.752879972465e-17
   3   -4.004756693485e-04    1.428939465770e-16
   4   -1.067151807030e-03    2.370335263779e-17
   5    1.988914703259e-04   -3.177707853692e-18
   6   -7.066441779415e-04   -2.012320284010e-17
   7   -1.684233941692e-03    1.558745758511e-16
   8   -1.831620280473e-03    2.541053993180e-17
   9   -9.492203760008e-04    1.845944865502e-16
  10   -6.894016825955e-04   -7.929090163425e-17
  11   -1.423976506567e-03    7.712580772201e-17
  12    1.677296751764e-04    8.091579693695e-17
  13    9.097484049044e-04   -4.656730489155e-17
  14   -5.664426972282e-04   -8.426770318462e-17
  15   -9.380160722346e-04    1.159262180818e-16
