   0   -1.063979579193e-03   -4.345683791365e-17
   1    1.197708726262e-04   -3.738949335631e-17
   2   -3.640874747783e-04   -3.813932389838e-18
   3    8.348599716944e-04    1.342797221389e-17
   4   -4.947694692150e-04    5.508115475762e-17
   5   -2.162553576160e-03   -7.949287925976e-18
   6   -6.802084717666e-04   -3.026897965336e-18
   7   -7.143613105293e-04    7.956791095062e-17
   8   -1.516509746973e-04   -4.293242644263e-17
   9    1.744880187295e-04   -7.300843368719e-18
  10   -3.679903004288e-04    3.956320264934e-17
  11    3.873661300870e-04    1.962236927771e-16
  12    7.489408007621e-04    9.496561746314e-17
  13    4.871298042935e-04   -9.869400867321e-17
  14    1.442614967544e-03    4.756786544256e-17
  15    1.117066449670e-03   -2.064428747029e-17
