   0   -2.386681301253e-04    5.831581669264e-17
   1   -4.323299517475e-04    3.395054750999e-17
   2    6.635681901062e-04   -2.961250098806e-17
   3   -8.088445209046e-06   -4.017594655177e-17
   4   -4.254919398044e-04    2.453929726929e-17
   5   -1.888323806559e-04    8.481567066684e-17
   6    2.698052715470e-04   -1.084294372921e-16
   7    3.550470015712e-04   -6.738822381704e-17
   8    2.024167786473e-04   -2.644427871689e-17
   9   -1.969603922860e-04   -2.396228525245e-17
  10    2.005261180371e-04    3.553286073787e-17
  11   -3.090892971887e-04    8.921634244409e-17
  12   -4.356845158500e-04    2.921485887945e-17
  13   -1.821521346593e-04    5.101680327734e-18
  14   -2.509023366033e-04    3.751323658974e-17
  15   -3.193967409969e-04    1.436458986602e-16
