   0   -6.224503015147e-04   -4.431824492499e-17
   1    3.498695474253e-05   -2.645337357505e-17
   2    1.000554836222e-03   -2.531800864276e-17
   3    8.478828010375e-04    1.742187762391e-16
   4   -4.585032503637e-04   -1.603569319653e-16
   5    7.866079116143e-04   -1.077535948153e-17
   6    5.558487645370e-04   -5.222902867208e-17
   7    8.579773566963e-04    1.136405538928e-16
   8    8.646827731956e-04   -6.339371414615e-17
   9   -4.871076285215e-04    4.913642054151e-17
  10    3.261393243616e-04    5.309419860820e-19
  11    9.696522692984e-04    1.120763807407e-16
  12   -6.371857987531e-05    1.251465837993e-16
  13   -3.509878397801e-04   -1.454498408190e-16
  14    1.492184892687e-04   -9.163400851110e-17
  15   -2.597878550119e-04   -1.366633566093e-16
