   0   -3.486227455001e-04    1.077932168862e-16
   1    8.970655752920e-04   -5.991316748164e-17
   2    7.820308206223e-04   -1.665057375538e-16
   3    7.887727669280e-05    4.584818031294e-17
   4   -1.346957980854e-04    1.667789660346e-17
   5   -1.218610594581e-04   -6.407830294431e-17
   6    1.431601063346e-04    4.834782001878e-17
   7    4.491663654569e-05   -5.669476719722e-17
   8   -1.079829433167e-03    1.524295553924e-16
   9   -1.226763252265e-04   -3.700395972941e-17
  10   -1.842820256270e-04    7.824046925708e-17
  11    3.902947510548e-04   -8.521440230191e-17
  12   -2.038933307749e-04   -8.663631405943e-17
  13    7.517124646831e-04   -1.638915069053e-16
  14    3.449555403701e-04   -5.747555641021e-17
  15   -1.548631184287e-04    2.808752316908e-17
