   0   -3.064394908436e-03    1.597923352943e-16
   1   -6.448298933393e-04    8.441672042047e-17
   2   -2.417532430557e-03    1.798022243378e-16
   3    1.775888994692e-04    6.912013758210e-17
   4    3.569121048555e-05    2.571955241338e-16
   5   -1.348304689049e-03   -1.738056518701e-16
   6    8.058778747374e-04   -1.377825021974e-16
   7   -6.062870746566e-04    3.515648511614e-18
   8   -2.855221036804e-03   -1.099332712796e-16
   9   -8.478307960756e-04    3.439671221542e-17
  10   -7.849855761160e-04    1.065084943239e-16
  11    1.016315584722e-03   -2.047277114432e-16
  12   -1.528087036578e-03    3.369505627016e-17
  13    8.655540841021e-04    8.191252085681e-17
  14   -3.576828434469e-03    1.792985725352e-16
  15   -3.679732998509e-03    2.004191199107e-16
