   0   -5.136281673567e-04    9.058100748070e-17
   1    2.491611594391e-04   -7.732549543558e-17
   2    1.166931094357e-03   -1.632845321517e-16
   3    7.585141228848e-05   -9.475326456300e-17
   4    3.617095019783e-04    2.849265926387e-17
   5   -6.342074863086e-05    7.101190649253e-17
   6    1.141590986419e-03   -4.530770357307e-17
   7   -3.994433737324e-04    6.541563080846e-17
   8   -8.617068962870e-04    7.598325382002e-17
   9   -1.781302484044e-04    1.067482121114e-17
  10    1.313301856123e-05   -4.644854191674e-17
  11   -2.731795570361e-04    3.415287656865e-17
  12   -4.429175340706e-04    8.861740002254e-18
  13   -5.597083092618e-04    2.419234951156e-17
  14    3.348220195115e-05   -8.850110980127e-17
  15    2.400924646775e-04   -3.878375316397e-17
