   0   -1.186866911267e-03    7.649644215578e-17
   1   -2.527384819828e-03    1.502948292401e-16
   2   -1.034367205778e-03   -1.256413158944e-17
   3   -5.149955813330e-04    1.007424415835e-16
   4    6.493429630020e-05   -4.799045149404e-17
   5    2.113664737113e-03   -2.221753617419e-17
   6   -6.705167791275e-04   -8.931162729751e-17
   7   -1.059973656318e-03   -8.823537491968e-17
   8   -5.093589117250e-04   -4.860726911283e-17
   9   -6.392278484149e-04   -4.824690773077e-17
  10    1.276589469088e-04   -1.341579155622e-16
  11    1.249088407859e-04   -1.932462683398e-17
  12   -7.087630495237e-04   -1.110280276429e-16
  13   -1.423461295233e-03   -6.887190210179e-17
  14   -5.230110351554e-04    9.335110505766e-17
  15    3.711031249936e-04    3.776344055337e-17
