   0   -6.630623544053e-05    8.859587285263e-17
   1   -9.001128554593e-05    4.747827686516e-17
   2    2.141443542592e-04   -1.539142496853e-16
   3    6.160748100202e-05   -4.839110398892e-17
   4    7.199027454125e-05   -4.899937450141e-17
   5    8.561366479514e-05   -6.262110035143e-17
   6    3.288482305076e-04   -2.260255330388e-16
   7    1.083518760217e-04   -6.334743506240e-17
   8   -1.658579176224e-04    1.325034727847e-16
   9   -1.376201897192e-04    1.100222250660e-16
  10    2.361270904446e-04   -2.101863160434e-16
  11   -3.598900065790e-05    1.442579764241e-18
  12    2.719231721168e-04   -1.672020738714e-16
  13    5.513099225380e-04   -3.701277662818e-16
  14   -6.861382046062e-05    3.499111591934e-17
  15    2.143666056298e-05   -2.426586044570e-17
