   0   -4.746217748396e-04   -7.256134329869e-17
   1   -1.275099812758e-03   -2.280806143745e-16
   2    1.394153369351e-04   -9.092880095945e-17
   3    7.648813173995e-04    1.648917712371e-16
   4    8.477654979045e-04    1.470404254041e-16
   5   -1.111092223126e-03   -1.961939811561e-16
   6   -6.508050055735e-04   -4.007348851459e-17
   7    1.248170284108e-04   -5.818275339432e-17
   8    5.645274089538e-04    5.282801456368e-17
   9    3.075039721642e-04    1.250918620888e-16
  10    2.900020879513e-04   -6.974291890860e-17
  11   -1.790340074953e-04   -1.104340372484e-16
  12   -6.272383722796e-04   -4.310944899522e-17
  13   -1.910907341423e-04   -1.040995339179e-16
  14    2.608488374448e-04   -3.569075754936e-17
  15   -8.698476014978e-04   -8.100448812350e-17
