   0   -4.311663792669e-06   -2.074794956744e-17
   1    5.433542306789e-05    1.235859195602e-16
   2    1.038478578927e-04    2.567766195759e-16
   3    4.508480959585e-05    1.206934568284e-16
   4   -2.032847761874e-04   -4.868031101006e-16
   5    1.203036744823e-04    2.779271187594e-16
   6   -2.859273433768e-05   -6.141781080869e-17
   7    1.002476352936e-04    2.347434899023e-16
   8    3.456320824335e-05    8.292944165977e-17
   9    2.676283053667e-05    7.269124341979e-17
  10    4.087798146557e-05    9.881454794273e-17
  11   -1.097908156968e-04   -2.770693821090e-16
  12   -3.964024860600e-05   -9.768079280152e-17
  13   -6.718826242173e-06   -9.480219581334e-18
  14   -7.481837985371e-05   -1.719463131293e-16
  15    5.854068032603e-05    1.486885077084e-16
