   0   -6.912950284587e-04   -8.757158319523e-17
   1    9.880954600467e-04    7.134193053843e-17
   2    1.423917482363e-03    6.099868464252e-17
   3    1.442615934119e-04   -6.383896435841e-17
   4   -1.183947779725e-04    4.177228948838e-18
   5    4.050520378499e-04    3.441266484765e-17
   6    4.871921388889e-04    8.340111116985e-17
   7    5.195823949356e-04    9.129077638706e-17
   8    4.465562732905e-04    5.747486237031e-17
   9   -2.687453592182e-04   -2.426742379121e-18
  10   -1.269352508837e-03    1.334223889212e-18
  11    5.192427466806e-04    1.000264217966e-16
  12    8.314733616851e-04   -1.739274875269e-17
  13    3.514650324556e-05   -1.528817960183e-17
  14   -7.805224419950e-04   -7.278977031540e-17
  15   -1.679890977836e-04   -4.802120874239e-18
