   0   -6.336932631550e-09   -1.060549688940e-19
   1   -1.194297804010e-06   -9.878997206999e-18
   2   -3.629071674098e-06   -3.049182099848e-17
   3   -1.400434262229e-06   -1.205468175417e-17
   4   -3.205098847827e-06   -2.708542086001e-17
   5   -2.059485415120e-07   -1.802919668085e-18
   6    2.713545376207e-07    2.173479094239e-18
   7    1.391218356834e-06    1.187150804213e-17
   8    8.109285911194e-07    7.024478249323e-18
   9   -2.378443839960e-07   -2.016796755548e-18
  10    4.501714330453e-07    3.775874752283e-18
  11    3.988579796658e-07    3.337645599701e-18
  12   -7.152196006866e-08   -5.808202969760e-19
  13   -6.323149689424e-07   -5.079104933941e-18
  14    2.585520160060e-06    2.197148656645e-17
  15    2.025564817711e-07    1.915941520137e-18
