   0   -1.039686076618e-04   -1.358446658496e-17
   1    3.444279010957e-05    3.621130206515e-17
   2    4.091888718151e-04    6.355468039020e-18
   3   -6.095250863910e-05   -4.247132836505e-17
   4    2.900002148696e-04    2.120969181597e-17
   5   -2.175665428554e-04   -7.421313940161e-18
   6   -4.846520602095e-04    1.135532552281e-17
   7   -2.933077213744e-05    4.902558046246e-17
   8   -3.801397151958e-04   -2.709847429419e-17
   9    4.787126048366e-05    5.391490706612e-18
  10   -1.916144549559e-04   -5.725872985385e-18
  11   -3.133939197793e-04    1.688336638071e-17
  12   -4.097939399503e-04   -2.998880285434e-18
  13   -6.503307483763e-06   -1.287728653860e-17
  14    4.767781350380e-04   -2.813415282865e-18
  15   -1.094616078070e-04    1.548968854349e-17
