   0   -7.901579387612e-05   -3.947545778197e-17
   1   -8.878803196291e-05   -3.303453335467e-17
   2   -3.196541602921e-04   -6.208396863725e-17
   3    5.196872167648e-04    1.406708788466e-16
   4    6.554829869250e-06   -1.415282115590e-17
   5   -2.894659206082e-04   -5.454310545854e-17
   6   -2.450928385390e-04   -5.628846718631e-17
   7   -4.737136955604e-05   -1.183311846436e-17
   8    1.898104997203e-04    5.234809473705e-17
   9   -6.515941333682e-05    3.800227639376e-17
  10   -1.793564319727e-04   -2.366174369059e-18
  11    5.564849270505e-05    3.044949315869e-18
  12   -2.019234615597e-04   -5.438696232376e-17
  13    2.367008175897e-05   -9.955434315930e-19
  14   -1.456530025938e-04   -6.006862711467e-17
  15    1.927410927479e-04    6.590966521003e-17
