   0   -4.269353492817e-05    4.352537661344e-17
   1    5.303686949475e-05   -3.428934989398e-17
   2    3.479737738352e-04   -1.947870015346e-16
   3    1.803390252526e-04   -7.886876422300e-17
   4    6.276134277486e-05   -1.240567353799e-17
   5    1.566995163201e-04   -9.293393939331e-17
   6    1.241626955795e-04   -5.676213551511e-17
   7    1.041589226911e-04   -4.003656562412e-17
   8    9.629533698730e-05   -5.924169983579e-17
   9    1.073806498522e-04   -6.271608066596e-17
  10    2.696294564850e-04   -1.338143463761e-16
  11    3.334153930361e-05   -3.513115684882e-17
  12   -8.479542389666e-05    6.353563223236e-17
  13   -3.617050205358e-05    2.641727679730e-17
  14    9.050405292884e-05   -4.468287196264e-17
  15   -1.233072786430e-04    5.850236239720e-17
