   0   -3.051740161675e-05   -3.434567320864e-17
   1    1.440842695921e-04    7.678628936036e-17
   2    8.621460670446e-05    5.096818420040e-17
   3    4.814544786903e-04    2.568191366089e-16
   4    4.354180055009e-04    2.137405285419e-16
   5    7.849343126768e-05    4.110346267602e-17
   6    2.322725264227e-04    1.423580344622e-16
   7    7.005913119401e-05    2.777087171946e-17
   8    3.114042015960e-04    1.881138606643e-16
   9    1.397999792843e-04    7.989526201137e-17
  10   -2.869885669314e-05   -3.270902098877e-17
  11   -1.357149089617e-04   -9.476933655040e-17
  12   -8.183778939278e-05   -3.439899082363e-17
  13   -1.252679874094e-04   -8.091751326441e-17
  14   -1.533680949737e-04   -9.550345229080e-17
  15    7.341879175713e-05    5.296742173389e-17
