   0   -2.285350017114e-04   -9.398847848492e-17
   1    3.793916659007e-04    1.015124020962e-16
   2    1.633516739497e-04    1.848513298961e-17
   3   -3.614185511377e-04   -7.767615610868e-17
   4   -1.238840086846e-03   -2.346054799502e-16
   5   -3.855653308123e-04   -3.229054980123e-17
   6   -6.124568662441e-04   -8.901703297586e-17
   7   -2.579279057314e-04   -1.453484903700e-16
   8   -8.893596146497e-04   -1.342086963609e-16
   9   -4.251019072568e-04   -8.070133403253e-17
  10    3.222849090234e-04    8.809102735147e-17
  11   -9.837165946578e-04   -2.224245576297e-16
  12   -6.522915616319e-04   -1.341323887965e-16
  13   -1.025387545231e-05    3.985061144124e-17
  14   -4.370574695052e-04    2.257725129796e-17
  15    5.081150700598e-04    9.609317817672e-17
