   0   -1.695378567079e-04   -1.329938019065e-16
   1    3.741380473035e-04    1.669842955052e-16
   2    4.287353993915e-05    1.247929832424e-17
   3   -1.762670651004e-04   -2.576871724550e-17
   4   -8.007315627063e-05   -1.116846637596e-17
   5    3.083204586811e-04    1.411690247651e-16
   6   -2.045659239120e-05   -1.958825513390e-17
   7    1.644989681039e-04    1.122248239036e-16
   8    1.736259637910e-04    6.810035670684e-17
   9   -2.460828140274e-05    2.359647962573e-17
  10   -3.840124882306e-04   -1.347176730700e-16
  11   -4.430573351330e-04   -1.130633796771e-16
  12    2.162454384827e-04    7.758883480994e-17
  13   -5.396238427988e-04   -2.203272003517e-16
  14   -7.777054933724e-05   -3.917702359113e-17
  15    1.971888883795e-04    4.120269292143e-17
