   0   -4.947853982439e-04   -2.074426029066e-16
   1   -2.221709456320e-04   -7.126899113425e-17
   2   -2.767872490670e-04   -3.332704890380e-17
   3   -1.880940992020e-04   -4.930817171527e-17
   4    2.110982024181e-04    4.739399832694e-18
   5    5.952454215710e-04    2.680148003188e-16
   6   -4.838995003278e-04   -1.162566318077e-16
   7   -1.866732365617e-04   -8.111453024725e-17
   8   -6.031994323964e-05   -2.993168481384e-17
   9    3.501852155967e-04    2.401783335578e-17
  10   -9.761968622131e-06   -5.637659592559e-17
  11   -1.468354589665e-05    3.643478168359e-17
  12   -6.843906124433e-04   -1.953286780310e-16
  13    6.429661328246e-05    4.805219321695e-17
  14   -1.107769804190e-03   -2.420987459215e-16
  15    4.446190490593e-05    1.253895740971e-16
