   0   -1.032855095442e-03    7.849691859873e-17
   1    6.094249405485e-05   -8.081273134733e-17
   2    2.594665120464e-04    5.793307450099e-17
   3    3.569191756966e-04    7.845333712832e-18
   4   -3.748615379071e-04   -2.744103618406e-20
   5   -1.444563635498e-03    4.062120312018e-17
   6   -1.241498484369e-03   -8.127260201732e-17
   7    4.765975919680e-04   -8.947152774456e-17
   8   -7.829119283010e-04    1.904650199152e-17
   9   -2.087655673164e-03   -4.911865696558e-17
  10    7.071303204627e-04   -9.030719903327e-18
  11    3.253776535104e-04    5.899649507042e-17
  12    7.779940404319e-04    1.682079512894e-17
  13    9.468400535351e-04    2.110877750614e-17
  14    6.943824387671e-04    2.157824440886e-18
  15   -3.427291469294e-04    1.022247400547e-16
