   0   -7.488354391066e-05   -7.685876673193e-18
   1    1.383508629664e-04    2.055029317110e-17
   2    3.119232349953e-04    4.002591039067e-17
   3    5.640772472772e-04    5.584837137347e-17
   4    1.240353227177e-04    3.518738926760e-17
   5    1.104123821894e-05    6.205363717788e-17
   6    1.161291623523e-04    4.438899994785e-17
   7    2.006346549934e-04   -1.660422596826e-17
   8    8.195170675148e-05    1.189154509082e-17
   9   -1.483000583197e-04   -2.394307831761e-17
  10    9.287517089354e-05   -6.762566831541e-18
  11    2.716061682749e-04   -2.064792526907e-17
  12    5.105375991270e-06    4.061285462571e-17
  13   -5.460427266293e-06    9.327122922274e-18
  14   -5.106755239944e-04    6.457688568941e-18
  15   -2.559162988674e-04   -1.313333350049e-17
