   0   -5.586570035548e-03    3.153308418364e-16
   1   -2.306260786625e-03    1.646659649673e-16
   2   -8.736170831753e-04    1.408299361217e-16
   3   -5.675848433877e-03    3.571235498923e-17
   4    5.340360064392e-04   -8.145712322686e-17
   5   -2.204438982491e-03    2.696686680138e-16
   6   -1.429941992430e-03   -9.241474011969e-17
   7   -7.968006517457e-04   -1.600724760149e-16
   8    9.650446514135e-04    1.221315362780e-16
   9    2.390658450841e-03   -1.255569543590e-16
  10   -1.972692232535e-03    3.046191599823e-16
  11    8.314619083442e-04    1.259015381359e-16
  12   -1.034951251374e-03    8.729588452796e-17
  13   -1.523103242631e-03   -1.063818827121e-16
  14   -1.309470356808e-03   -1.290074375832e-16
  15    5.121767755831e-04    4.363249356850e-17
