   0   -3.122098996368e-05    1.985105272962e-17
   1   -5.099334106965e-05    6.906212451497e-18
   2   -1.452691675021e-04    3.997935296416e-17
   3    2.977571218868e-05   -3.179848958377e-17
   4    7.101971256928e-04   -2.394277647065e-16
   5    2.398157445439e-04   -7.934202231393e-17
   6    3.683121293875e-05   -6.746320209787e-18
   7    1.313869978295e-04   -3.680673587789e-17
   8   -1.312246819050e-05   -2.031664289476e-18
   9   -3.882813295330e-05    3.343567168935e-17
  10    2.691754360158e-05   -5.455682273297e-18
  11    1.005904576978e-04   -4.500616373077e-17
  12    1.829030787167e-04   -5.938776851863e-17
  13    1.390363820845e-04   -3.737753048763e-17
  14    1.964025854287e-04   -5.871666008316e-17
  15    1.992958585964e-04   -6.459922943250e-17
