   0   -5.780645762287e-04   -2.776078530675e-16
   1    1.092121919173e-03    2.088524146502e-16
   2    7.948570257965e-04    2.175528399729e-16
   3   -5.867997835466e-04   -1.302241851999e-16
   4   -5.002336271742e-04   -1.414697357789e-16
   5   -4.260091326697e-04   -1.877104215011e-16
   6   -1.095780802863e-03   -1.803686107808e-16
   7    7.681826406809e-04    1.631003169411e-16
   8   -2.349983472354e-04   -4.041158352571e-17
   9   -1.135428391587e-03   -2.619599948935e-16
  10   -1.179082597738e-03   -2.777807844837e-16
  11    5.525509546258e-04    9.530734926800e-17
  12   -5.669966275953e-04   -1.121225521808e-16
  13    2.333169379433e-04    9.072466556965e-17
  14   -4.359364083751e-04   -1.580624674551e-16
  15   -9.198574740182e-04   -1.568113309378e-16
