   0   -2.859728788044e-03   -3.799729034907e-16
   1   -1.340744221977e-03   -2.376467293373e-17
   2   -1.730125766713e-03   -2.136673262014e-18
   3   -6.884093227608e-04   -8.729409867587e-17
   4    7.730224975882e-04   -1.988906983927e-17
   5   -5.025029487050e-04    3.109665954265e-16
   6   -3.086725574520e-03   -1.694445528992e-16
   7   -6.396485775968e-04   -2.027962046078e-16
   8    3.378825792654e-04   -1.794133321438e-16
   9    2.436887671249e-03    2.390769435068e-16
  10   -1.573532707173e-04   -1.351323938409e-16
  11    2.836362116695e-04    1.138366342640e-16
  12    7.041770522493e-04   -1.432043582417e-16
  13   -1.353340246828e-03   -1.136576407288e-16
  14   -2.537425029398e-03   -1.092033937012e-16
  15   -1.575318003523e-03   -1.521530681607e-16
