   0   -8.302928021180e-04    3.199085639575e-17
   1   -4.718546558881e-05   -2.290066887534e-18
   2   -1.480977569238e-04    4.124210195314e-17
   3    3.185921780348e-04   -9.251292817361e-17
   4   -1.081244730144e-03   -4.762717180903e-18
   5   -2.744384589506e-04   -9.068556603162e-17
   6   -3.054137066900e-04   -9.648700523042e-17
   7    9.583589912567e-04    9.350539913865e-17
   8   -1.149534818930e-04   -7.382700606752e-18
   9   -3.465931323505e-04    1.154459605508e-16
  10   -5.111250598575e-04    1.624489543987e-17
  11   -7.192862773060e-04   -5.652297482968e-17
  12    2.834624070662e-04   -3.105353286508e-17
  13   -6.885384848324e-04    6.866387762572e-18
  14   -9.614354081950e-04   -3.906167669616e-17
  15   -8.166466871194e-04    7.011699433816e-17
