   0   -3.128862957177e-09   -2.732474873764e-19
   1    2.080839180371e-08    8.278791355409e-19
   2    1.374968708663e-07    6.016306576412e-18
   3    5.010444126132e-07    2.205851030241e-17
   4    1.704140787991e-06    7.471045375054e-17
   5    7.675398958889e-08    3.332880100271e-18
   6   -1.787758011877e-06   -7.805735341000e-17
   7   -1.276627827330e-06   -5.569506535767e-17
   8   -1.016276348815e-06   -4.420245299671e-17
   9    9.823830659285e-07    4.294604788169e-17
  10    1.804896790128e-06    7.860079318799e-17
  11    1.401842771311e-06    6.121233499200e-17
  12   -7.139688645328e-07   -3.113863274114e-17
  13    1.016681572456e-06    4.453065584699e-17
  14   -2.203432378842e-07   -9.602793779448e-18
  15    1.145057535905e-08    3.633727388514e-19
