   0   -9.933555556465e-05    7.967004982397e-17
   1   -4.722747880013e-04    1.772173520553e-16
   2   -2.163540646121e-04    1.044656308543e-16
   3    5.479283730498e-05   -6.512734734015e-17
   4   -4.164063751978e-04    1.138717399941e-16
   5   -3.778811176796e-04    1.648142509195e-16
   6   -6.399739572660e-05   -8.927823825650e-19
   7    2.470412305755e-04   -9.464106824238e-17
   8   -1.891880341737e-04    8.250636672369e-17
   9   -3.363388951523e-06    5.446213519424e-17
  10   -7.137318963517e-05    1.755641848800e-17
  11   -6.260852193751e-04    2.090213380462e-16
  12    2.057713374685e-04   -1.256719557737e-16
  13    1.386427709824e-04   -6.776961200763e-17
  14    1.438171537805e-05    2.300245993772e-17
  15   -4.469649229294e-04    1.482567383627e-16
