   0   -5.422492785988e-04    1.706293187409e-16
   1   -9.246370859075e-04    9.118640586768e-17
   2   -4.380628039494e-05   -9.651945777500e-17
   3    2.278890033623e-04   -6.429308113060e-17
   4    6.626393717491e-05   -1.818149868646e-17
   5   -2.906598056991e-04    2.504854871012e-17
   6    4.728651957526e-04   -4.078932623590e-17
   7    2.078073533727e-04    2.159582708583e-17
   8    4.288215905632e-04   -4.161561436844e-17
   9    2.237803691740e-05    1.649742379179e-18
  10    4.476317062213e-04   -3.940451395908e-17
  11   -5.495767942816e-05    3.449968031012e-17
  12   -3.038882258334e-04   -9.064258915595e-18
  13    5.579313861923e-04   -1.498290249803e-16
  14    8.782498073973e-04   -2.131527100091e-16
  15    1.108849975489e-03   -7.621952034891e-17
