   0   -2.676004154185e-04    0.000000000000e+00
   1    4.398664671723e-04    2.724236958465e-17
   2    2.182633742311e-04   -1.452926377848e-17
   3   -4.211790182179e-04    2.724236958465e-17
   4   -6.427014590088e-04   -7.264631889239e-18
   5    1.100754999751e-04   -1.089694783386e-17
   6    8.914527488876e-04   -6.356552903084e-17
   7    1.043871604224e-04    1.089694783386e-17
   8    3.499561163454e-04    9.080789861549e-18
   9    6.915855129807e-04    1.452926377848e-17
  10   -2.505794005499e-04    3.087468552927e-17
  11    4.486191998414e-04    0.000000000000e+00
  12    1.977663863402e-04   -6.538168700316e-17
  13   -7.885061038662e-05   -3.269084350157e-17
  14   -5.522173705196e-04   -7.264631889239e-18
  15   -1.068335731258e-04    1.634542175079e-17
