   0   -2.858289154270e-03    5.935582018667e-17
   1   -1.120572631683e-03    4.131293091215e-17
   2    2.286357125409e-03    1.483923974928e-16
   3   -1.445863960941e-03   -9.776350422737e-17
   4   -5.158126282956e-03    1.247843396256e-16
   5   -9.055777498741e-04    8.656527310428e-17
   6   -4.876905994122e-04   -8.396998865643e-17
   7   -3.338454859768e-04   -3.214714011501e-17
   8   -9.170618698534e-05   -5.840362542068e-17
   9    1.978003766283e-04    8.697994863751e-17
  10    3.791097620042e-04   -3.936335627716e-18
  11    4.927441757856e-04    1.862611464814e-17
  12    1.006620397528e-04    8.798854597418e-17
  13    1.213243122278e-03   -4.821072016031e-17
  14    6.522344439922e-03   -3.804426266047e-17
  15    8.062667580518e-04    3.911310552404e-17
