   0   -1.171746076949e-04    4.807142266853e-18
   1   -1.963666051544e-04   -4.043805074391e-17
   2    6.243114759041e-04   -5.595619569552e-18
   3    3.257672905996e-04   -6.734487606763e-19
   4    1.681268506552e-04    6.165543778876e-18
   5    9.490097661570e-05    1.728189092259e-17
   6   -2.366101787358e-04    3.129280326603e-17
   7    1.811212246986e-04   -4.917076412578e-18
   8    3.399905946564e-04   -3.221163229626e-17
   9   -4.374638101484e-04   -1.265856301823e-17
  10    2.528408016419e-05   -3.296685582023e-17
  11    3.538980281671e-04   -1.447012822925e-17
  12    6.828626676648e-05    3.104747252336e-17
  13   -2.085551074251e-04    2.350660375255e-17
  14    1.022359196543e-04    9.920717813509e-18
  15    2.850399470823e-04    3.982090395698e-17
