   0   -5.746461386441e-05    3.029793133289e-17
   1    1.537860974495e-04   -4.054147680755e-17
   2    8.106546489726e-05   -3.651964688882e-17
   3   -1.105306427482e-04    1.483100886296e-17
   4   -1.936193767189e-04    6.787460989078e-17
   5   -3.562458691848e-04    7.708224566250e-17
   6    4.607986130897e-04   -1.080111391134e-16
   7   -1.387009629246e-04    6.181297191129e-17
   8    8.824282510869e-05   -5.945199068564e-17
   9    3.009358894816e-04   -1.138394514841e-16
  10   -1.249273714635e-04    3.461688547361e-17
  11    7.574835383658e-05   -1.323609743617e-17
  12    5.677268481629e-05    1.112332771948e-17
  13   -1.677216259105e-04    6.104737985385e-17
  14    1.257613967363e-04   -2.473744286401e-17
  15   -9.812338931231e-05    1.240178679023e-17
