   0   -2.395024283842e-03    7.606646362077e-17
   1   -1.697635918952e-04   -6.250396267147e-17
   2    4.137706152881e-04    9.729236588177e-18
   3   -2.841618790952e-03    1.374916185994e-16
   4   -2.264885817505e-03   -4.553316286272e-17
   5    4.750916956681e-04    1.934882917505e-16
   6    6.019846398771e-04   -1.399592298802e-16
   7   -1.028745781803e-04   -7.986612357492e-17
   8    1.958075315338e-03    5.583866400403e-17
   9   -1.460433646015e-03   -8.547454018535e-17
  10   -2.683108234770e-04    1.455270930377e-16
  11   -1.397942743526e-03   -3.213371383973e-17
  12   -6.458744531563e-04    8.632301632589e-17
  13    3.178326384574e-04    6.015261099214e-17
  14    1.571034229433e-03    1.163181045324e-16
  15   -6.138086768709e-04   -6.631911873906e-17
