   0   -6.617843244536e-05   -6.502808491815e-17
   1    8.508714433558e-05    2.554703670026e-17
   2   -6.623796935218e-05   -4.699397899929e-17
   3    1.310020396915e-04    3.365474068561e-17
   4    3.822396089753e-04    1.733469762768e-16
   5    7.444280912818e-05    3.115539590236e-17
   6   -2.303491119282e-04   -1.222042110957e-16
   7   -1.885227449011e-04   -1.043640548252e-16
   8   -1.679869571574e-04   -6.085743245698e-17
   9   -1.639741135547e-04   -9.501260115405e-17
  10   -6.261507396078e-06    3.846938759182e-17
  11    5.117932947572e-05    7.030324433706e-17
  12   -1.471983379548e-04   -6.599765547105e-17
  13   -3.592788011095e-04   -1.738073126249e-16
  14   -6.902318705409e-05   -9.526163425753e-18
  15    7.483795781021e-05   -1.019618501530e-17
