   0   -1.169499582985e-04   -3.121645724289e-17
   1   -3.539593991685e-06   -8.211543887278e-17
   2    6.463571086032e-04    5.264557839281e-17
   3    3.372178369837e-04    8.822813087355e-17
   4    3.578191972533e-04    7.416874218123e-17
   5    4.648671274683e-04    3.802885397567e-17
   6   -7.607682851969e-04   -1.063352343834e-16
   7   -1.061246627647e-04   -5.258373167735e-17
   8    9.993773591623e-05    2.534409444839e-17
   9   -1.308907149722e-04   -3.787953290501e-17
  10   -1.601812611721e-04   -4.298930400800e-17
  11   -1.572637439660e-04   -1.018283977289e-17
  12    1.761642002133e-04    1.990910657934e-17
  13    2.513292473084e-04    3.954575356770e-17
  14   -9.256341500969e-05    2.126414081085e-17
  15   -3.640628621387e-04   -4.618683505041e-17
