   0   -4.088653663400e-04    1.930629079237e-16
   1   -6.118210732280e-04    1.691425657096e-16
   2   -4.674855763544e-04    1.171062002882e-16
   3   -3.610491354388e-05   -4.945281617238e-18
   4    3.498706576139e-04   -8.933779521326e-17
   5    1.260253114702e-04   -1.105710958959e-16
   6   -2.824244149403e-04    7.790384605902e-17
   7    4.025847241647e-05    8.029183937699e-17
   8   -7.237324720850e-05    1.259719493290e-17
   9    1.556076519941e-03   -3.135053315342e-16
  10   -7.808775442723e-05    8.578372798768e-17
  11    1.813191328250e-05    1.367846911886e-17
  12    9.189140788978e-04   -1.608289470496e-16
  13   -2.769176908157e-04    1.731351847994e-16
  14   -4.263353506684e-04    1.590239022587e-16
  15   -4.588668476707e-04    1.375205287577e-16
