   0   -2.202994057363e-04   -1.977416431647e-17
   1   -2.102774307475e-04   -4.074638738245e-17
   2    3.158060191117e-06    3.309867491146e-17
   3    2.573386183974e-04    4.958021454095e-18
   4   -4.020353996498e-04   -6.418314728501e-17
   5   -1.228368787261e-03   -3.041173573780e-17
   6   -3.861065948198e-04   -4.204624794005e-17
   7    2.747115835532e-04   -5.797205519095e-18
   8    3.149183285706e-04    7.016039756575e-17
   9   -3.101631241370e-04    5.693723800756e-17
  10   -2.623642366727e-04    7.999203986021e-18
  11   -6.876979388187e-04   -1.768124722306e-17
  12   -4.682289204818e-05   -1.528419713411e-17
  13   -4.161093453701e-04    1.428186843302e-17
  14   -5.375234015162e-05   -1.177617078102e-16
  15   -1.594946426657e-04   -3.187585741404e-17
