   0   -4.627340168425e-04   -2.006112247313e-16
   1   -1.600305671341e-03   -2.800235621441e-16
   2   -1.112783693659e-03   -2.555445113960e-16
   3   -1.532970516038e-05   -6.064047187316e-17
   4    5.258896230463e-04    5.667819103889e-17
   5    5.090208233040e-04    1.819859452953e-16
   6   -4.292577059813e-04   -6.200206694519e-17
   7   -9.189316208406e-04   -1.227710203342e-16
   8    5.440403020105e-04    1.274830733046e-16
   9    8.088310693732e-04    5.114024162557e-17
  10    6.424685007045e-04    1.822542941979e-16
  11   -1.111700611574e-04   -2.887449387178e-17
  12   -2.393273136806e-04   -9.964291753142e-17
  13    1.194561700247e-04    1.070939751853e-16
  14    7.140367132836e-05    2.025444015153e-17
  15    2.692340816674e-04    7.985520993159e-17
