   0   -4.019436804341e-04   -1.290983898901e-16
   1   -2.047177941932e-04    2.499552192585e-17
   2   -9.985550537824e-04   -1.291989074147e-16
   3    3.180252942291e-04    5.107252014133e-17
   4    3.915267711449e-04    2.948880140224e-17
   5    2.939897939168e-04    3.830925856792e-17
   6    9.914200148652e-05   -5.307938825904e-17
   7   -6.164879918314e-04   -1.568751233537e-16
   8    1.556119299900e-04   -1.062321899000e-17
   9    2.576463851755e-04    3.469860908522e-17
  10   -1.103605761304e-03   -1.638759518595e-16
  11    4.822146875857e-04    2.847177274819e-17
  12   -4.419325637530e-04   -1.778111619117e-16
  13    3.344123564342e-04    1.363914409610e-17
  14   -1.816928895297e-05    1.043715185342e-17
  15    1.587634504499e-04   -2.347211386436e-17
