   0   -2.633592093529e-05   -2.962701028822e-17
   1   -8.609183923042e-06   -1.224927129939e-17
   2    7.570041158201e-06    2.704802660696e-17
   3   -7.672162282067e-06   -3.175959682992e-18
   4   -1.451650665796e-04   -5.943260970421e-17
   5    1.801665665979e-05   -2.291145021484e-17
   6    2.647039198391e-05    1.773789379856e-17
   7    9.940176466212e-07   -7.987135040660e-18
   8    8.601281945873e-05    5.578749257512e-17
   9    9.269018731029e-05    5.327614562270e-17
  10    4.946393856449e-05    1.186961399848e-17
  11    1.654127747326e-04    1.135528641142e-16
  12   -1.410400312983e-07    8.466920362139e-18
  13   -2.362816496695e-05   -1.670893990553e-17
  14   -2.273227715321e-04   -1.324231730245e-16
  15   -3.908457742546e-05   -4.322150266174e-18
