   0   -2.225049834003e-04    2.318505532726e-17
   1   -7.696807713460e-04    6.328548587778e-17
   2   -5.022687663453e-04    2.948039418396e-17
   3   -4.206473226024e-04   -2.279827568345e-17
   4   -1.630154374942e-04    7.639220810303e-17
   5   -4.678919014968e-04    3.596973364256e-17
   6    2.093294632135e-04   -3.740328808264e-17
   7    1.856472859827e-04    1.682496744652e-17
   8    2.231118275930e-04   -2.321667195886e-17
   9   -4.405199067857e-04    1.632682131460e-17
  10   -6.436770222533e-04    4.844030343801e-17
  11    1.962204882314e-04    7.993725850082e-18
  12   -7.876378156333e-05    1.238397630388e-17
  13   -3.434311331578e-04   -3.675769769307e-17
  14   -4.959859675612e-05   -1.232058751494e-17
  15    2.023778678082e-04    2.920190582196e-17
