   0   -8.811663983058e-06    5.273017059020e-18
   1   -8.769862737803e-05    1.964874186250e-17
   2   -2.662101949377e-06    9.035607781558e-18
   3    4.224433904124e-05   -2.450407587581e-17
   4    4.033370859274e-05   -2.393240252514e-17
   5    1.118394772927e-04   -2.950835341001e-17
   6   -1.914477431672e-05    9.023879598404e-18
   7   -5.594976293122e-05    2.003617722995e-17
   8   -1.116678251516e-04    3.176393890990e-17
   9   -3.697095719985e-05    2.589231701575e-17
  10   -1.149266868094e-04    3.175032131601e-17
  11   -1.615905385533e-04    4.604201999983e-17
  12   -4.310686381060e-05    2.080738623501e-17
  13   -8.519982493235e-05    2.549235485815e-17
  14   -1.014068827548e-04    1.122692762208e-17
  15   -7.919762333993e-05    1.941212982014e-17
