   0   -2.463853666861e-04   -1.115315297906e-16
   1    4.920617483594e-04    1.392539437328e-16
   2    1.606976780095e-04    3.811427580262e-17
   3   -3.811977313592e-04   -1.002200354095e-16
   4   -5.337187690773e-04   -1.765652904389e-16
   5   -5.089981232528e-05    5.121604902380e-17
   6    5.630269951991e-05    4.236886447210e-17
   7    3.316306259115e-04    3.497815311392e-17
   8    1.468715542431e-04    1.930081124388e-17
   9   -5.564123302939e-05   -1.782162895542e-17
  10    4.521707940829e-04    1.197691221574e-16
  11    1.751551966198e-04   -5.097552203060e-17
  12   -4.460526368107e-04   -8.004540236489e-17
  13    4.163051828384e-04    1.465050627462e-16
  14    3.728199604840e-04    8.438240689477e-17
  15    2.560138125900e-04    1.171961495948e-16
