   0   -9.515546592679e-05   -3.465589173291e-17
   1   -2.620786625208e-04   -5.097388754956e-17
   2   -3.468623112119e-04   -5.450014794258e-17
   3    1.278136450414e-04    2.652403664523e-17
   4   -4.888027707356e-05   -3.486184987516e-18
   5   -4.142843085333e-04   -6.894378291108e-17
   6   -2.029511584575e-04   -6.403261041614e-17
   7   -3.148574988632e-04   -8.765990423189e-17
   8   -6.165697409457e-05   -3.072176189475e-17
   9    1.547796114955e-04   -1.080229050783e-17
  10    3.883437093327e-04    1.205357869178e-16
  11    3.408089023613e-04    5.556380680288e-17
  12   -1.551245577362e-04   -8.239823372611e-17
  13   -3.925800666377e-05    5.847020474798e-18
  14    3.525998270106e-05   -3.040099189881e-17
  15   -2.457745988749e-04   -1.443199922299e-17
