   0   -4.691103317392e-04    9.618508212611e-18
   1    7.692977971901e-04    2.096879023914e-17
   2   -1.092175736591e-04    3.959371627897e-17
   3   -1.817743928722e-04   -2.699199875448e-17
   4   -9.360017205195e-05    9.595759916921e-19
   5   -4.318117663154e-04    4.426874382843e-18
   6   -4.875213368088e-04   -2.866677756547e-17
   7    2.723998859100e-04    1.006063574075e-16
   8    2.391222701103e-04    7.930587143435e-17
   9    6.509269137438e-04    4.141932855626e-17
  10   -1.269874862763e-05    2.417645634252e-17
  11   -2.892852128570e-05   -6.703298629730e-17
  12   -1.170326329187e-03    5.047205618003e-17
  13    4.150938492740e-04    2.219541297040e-17
  14    1.586781276694e-05   -1.459043693626e-17
  15   -9.678370641633e-04   -7.664444246567e-17
