   0   -2.538526785003e-05    1.678117473815e-17
   1   -1.063410134999e-04    3.458950086151e-17
   2   -6.885948003183e-05    2.443822726700e-17
   3    8.041136542943e-06    2.195455440583e-17
   4   -7.602817751964e-05    4.750447755246e-17
   5   -1.184754367092e-04    6.041581643240e-17
   6    8.952838358716e-05   -2.064183838019e-17
   7    9.216385366136e-05   -3.605662453563e-17
   8   -1.912769260030e-04    5.147590075235e-17
   9    7.643032338238e-05   -1.631253923067e-17
  10    6.805166259864e-05   -2.473059202798e-17
  11    4.729381246571e-06   -1.554751369394e-17
  12    8.740824230225e-06   -2.889102837705e-18
  13    6.916782962652e-05   -8.318343748334e-18
  14    8.614495696185e-05   -2.287975002022e-17
  15    5.192295784057e-05   -1.268710466141e-17
