   0   -4.646379809638e-05   -5.448790122525e-17
   1    1.212015856994e-04    6.047142601956e-17
   2    3.164999726324e-04    1.961739651627e-16
   3   -4.590885885871e-05   -2.010757550077e-17
   4    9.542431484350e-05    4.611375369551e-17
   5    8.787293958039e-05    5.152411391657e-17
   6    7.515285666978e-05    2.438953341325e-17
   7   -1.738527978413e-04   -1.064788820053e-16
   8    9.791688527365e-05    5.514303120116e-17
   9    8.817339309483e-05    5.018673139311e-17
  10   -8.231348812195e-05   -2.631782543681e-17
  11    2.238763329392e-04    1.509456050647e-16
  12    1.623434228776e-04    8.762196162777e-17
  13    5.538900382374e-05    3.172044987522e-17
  14   -4.340841286689e-04   -2.847953751189e-16
  15   -1.273098424357e-04   -7.540463564082e-17
