   0   -2.501621982122e-04   -3.511972185732e-17
   1    1.050951132925e-03    1.124020553081e-16
   2    7.854085593758e-04    3.581504474942e-17
   3   -1.367739584721e-04   -2.189260054366e-17
   4   -9.134646576228e-07   -3.576091834767e-18
   5   -4.912329164752e-04   -3.448155540098e-17
   6   -7.888941158462e-04   -6.591147313888e-17
   7   -2.134230413150e-05   -1.203401617067e-17
   8   -2.409729687244e-05    7.088447159256e-18
   9   -3.597443899032e-04   -2.700784869126e-17
  10    2.512071712924e-04    5.341309017013e-18
  11   -3.176773792363e-04   -6.619866727850e-17
  12   -5.906144853098e-04    7.710075054866e-18
  13   -2.096706492448e-04   -4.983732294922e-17
  14    4.336929398513e-04    1.112675287548e-17
  15    4.156338718007e-05    2.398932945805e-17
