   0   -7.327047935383e-06    2.404167562152e-18
   1   -1.289728465418e-04    1.274484477878e-17
   2   -6.569728808093e-05    9.576287693936e-18
   3   -1.210760610777e-04    2.016439662640e-17
   4    2.574195339085e-06   -1.244316321299e-17
   5   -3.609521855569e-06    3.897912640834e-18
   6   -5.895866064275e-05    5.165010447970e-18
   7   -1.139513901877e-04    2.710958057480e-17
   8   -1.081441257120e-05    1.048933218495e-17
   9   -2.367819544805e-05    8.091964791023e-18
  10   -4.180368419843e-05    1.166669489038e-17
  11   -4.079661633587e-06    5.477649031523e-18
  12    2.379708198172e-05    3.007805524593e-18
  13   -2.477854821728e-06    4.012771011084e-18
  14   -1.385317228403e-06    7.139258454346e-18
  15   -2.325342884101e-05    9.224360881564e-18
