   0   -5.229113344367e-04   -5.077550520637e-17
   1   -1.105284169264e-04    1.748273660615e-17
   2   -2.603120080768e-04   -7.610773226741e-17
   3   -6.231007474474e-04   -4.548467820826e-17
   4   -3.941462535700e-04    7.225980174459e-17
   5    1.298145307236e-04    2.153524814621e-17
   6   -3.769909944124e-04    4.262739981576e-17
   7   -6.960393110724e-04   -3.125447546474e-17
   8   -2.584152918541e-04    2.807414045571e-17
   9    1.904223632013e-04    6.002065926729e-17
  10   -9.220258813231e-04   -1.937732213741e-17
  11   -3.544050935786e-04   -5.528827225815e-17
  12   -4.046585975419e-04   -6.534444480095e-17
  13   -2.205887178408e-04   -1.021056634479e-16
  14    7.957991932449e-04    9.448972643846e-17
  15    5.193417751397e-04   -2.302228222722e-17
