   0   -5.706515490195e-04   -3.182562755755e-17
   1    3.133227292600e-04    1.466481643054e-16
   2    1.142944541670e-03    1.538696387457e-16
   3    2.392115997504e-04   -8.880638533135e-17
   4   -7.788025896593e-04    4.723834957744e-17
   5   -1.840259902743e-04    6.382389864368e-17
   6   -5.457965341274e-05    3.782298941529e-18
   7   -7.198407066875e-04   -3.598581828666e-17
   8    8.666201203511e-05   -1.349621390872e-17
   9    1.210189439276e-03    1.920919205239e-18
  10    6.331911942864e-04   -1.947314562274e-17
  11    5.108252503777e-04    8.940265702980e-18
  12   -2.518111361231e-04   -4.369704096098e-18
  13   -4.937278847014e-04   -8.007116181315e-17
  14    6.727724340621e-04    2.141262524402e-17
  15   -1.440208564696e-04    1.126778968299e-16
