   0   -3.788559920372e-04   -6.915081267222e-17
   1    3.132080075644e-04    6.964249154439e-17
   2    3.864986622232e-04    9.341342009746e-18
   3    2.183034577249e-04    9.339569313320e-17
   4    1.561800322191e-04    6.611651499085e-17
   5   -5.808557133668e-04   -1.675414721100e-16
   6    5.415983223850e-04    9.264696253878e-17
   7    9.409985827647e-04    8.803899846789e-17
   8   -2.407601865656e-04   -4.684712354004e-18
   9    7.343676580662e-06   -4.903194313478e-17
  10   -4.411928743133e-04   -9.212754565562e-17
  11    2.966543935914e-04    6.164887597998e-17
  12   -1.262768422823e-05    1.397430419488e-17
  13   -2.114562373757e-04   -8.844887178504e-17
  14    3.768591931740e-05    3.369279785974e-17
  15   -6.765861763006e-04   -2.933261206031e-17
