   0   -9.477249650190e-04   -1.367134936469e-17
   1   -1.042348943281e-04    3.684439365989e-17
   2    2.126123863346e-04   -2.922702248795e-17
   3    2.910985717677e-04   -5.942145968964e-17
   4   -4.939362092066e-04    5.795844863259e-17
   5    6.396672203848e-04   -4.665381964973e-17
   6   -7.662256996866e-04    2.865180208603e-17
   7    1.113227766956e-03    3.537209875907e-17
   8    2.108096572819e-04    6.304158314403e-17
   9    3.513104766382e-04    2.304092810088e-17
  10   -2.829537005139e-04   -2.596572716495e-17
  11    6.531346255598e-04    6.623194922979e-17
  12   -6.539522632370e-04   -2.439653883623e-16
  13   -8.491948850060e-04   -5.739256493446e-17
  14   -7.254554910665e-04    7.679558895607e-17
  15   -5.093423128779e-04    3.734030467556e-17
