   0   -4.088674699037e-05    7.099070828545e-18
   1    1.028032230789e-04    3.853585175587e-18
   2   -8.747513654026e-05    4.044516885636e-18
   3    1.409080325185e-04   -1.584160812430e-18
   4   -3.396978470581e-04    5.291740747056e-17
   5   -6.090145521125e-05   -1.530021635889e-17
   6    1.074435671622e-05   -9.327588393565e-19
   7   -2.082335990555e-04    2.304690743664e-17
   8    6.872274929182e-06    1.573125434583e-17
   9    1.278106874166e-04   -1.535517876137e-17
  10   -3.585839252681e-05    8.792261329183e-18
  11    7.539501819665e-05   -1.364440169607e-17
  12    1.477995091221e-04   -1.922020633180e-17
  13    1.137784141485e-04   -1.768651868262e-17
  14   -2.251567040409e-04    3.800430169920e-17
  15    3.666841338611e-04   -2.473418602846e-17
