   0   -2.539697797270e-04   -1.061579446217e-17
   1    7.676498801419e-04    3.019806000699e-17
   2    4.809343112873e-05   -7.841356150874e-18
   3    6.102792480546e-04   -2.970851257148e-17
   4    4.319054338676e-05    1.505706287053e-17
   5   -9.273013352456e-04   -4.061192699062e-17
   6   -9.021397871213e-04    4.484029801197e-17
   7   -3.450486831799e-04    5.294474782705e-17
   8    5.983475071757e-05    1.186632398579e-17
   9   -1.125706943071e-04    3.303328557312e-17
  10    2.706242381266e-04    8.350513013410e-17
  11    4.728889593631e-05   -6.088871633928e-18
  12   -1.375391520358e-04   -2.233681958483e-17
  13    1.646913833489e-04   -4.432907131616e-17
  14   -1.046958866992e-03   -5.726712849095e-17
  15   -1.670754937767e-03   -6.676569342136e-17
