   0   -4.045407180092e-04    4.466027016596e-18
   1   -1.770530708367e-04    4.117155366784e-17
   2    3.601472599905e-04   -1.337357642342e-16
   3   -8.462240887978e-04   -1.315427742522e-16
   4   -2.235249001336e-04   -1.886329244644e-17
   5    9.394902767695e-04   -5.654517798567e-17
   6    3.890095780480e-05   -1.096323902650e-16
   7    4.734770043106e-05    3.546686282532e-17
   8   -7.079988946069e-04   -1.395604387127e-17
   9    7.702211608160e-04   -6.900891496170e-17
  10   -3.569025478643e-04    1.760115140292e-17
  11    1.012295018565e-05    2.674028469712e-17
  12   -1.195933492625e-03    3.563057696298e-17
  13   -1.498355311606e-04   -1.405940360381e-18
  14   -1.080831040713e-03   -2.966003629227e-18
  15   -3.157977592169e-04    1.357239741173e-16
