   0   -3.700433012992e-03    3.106664358001e-16
   1    1.215100151275e-03   -1.050352508093e-16
   2    1.234763549483e-04   -4.570488068443e-17
   3   -2.612633217922e-03   -8.618432255640e-17
   4    2.008551118948e-03   -2.599070994322e-16
   5   -3.073932893835e-04   -6.037764918187e-19
   6    2.438499601173e-03   -7.534651820259e-17
   7    1.818858357752e-04    1.262582583443e-17
   8    1.557116061564e-03    4.269477033300e-17
   9    9.063316611482e-04   -4.297549725862e-16
  10   -1.498773675217e-03    2.131516274264e-18
  11    2.010408972913e-04    7.260431661175e-17
  12   -3.956069180827e-04    1.660640670796e-17
  13    2.367687876765e-04   -1.044895068160e-16
  14    1.119690928580e-03    6.105658184482e-17
  15   -2.952506117572e-03   -1.191927920556e-16
