   0   -1.187549186865e-03   -2.295552784584e-16
   1   -1.984910345599e-04    7.263778402502e-17
   2   -2.193400579052e-04   -1.354756058689e-17
   3   -4.060785233359e-04   -2.777007083265e-17
   4    2.856755580159e-04    2.761078572343e-17
   5   -6.232796174895e-04   -1.979736723665e-16
   6    3.203074860521e-04   -2.260490727540e-17
   7   -1.055814852229e-03   -1.326527741735e-16
   8    1.628979129979e-03    2.722198580111e-16
   9    5.710006698856e-04    1.087505988356e-16
  10   -8.215647625231e-05   -2.221920865531e-16
  11    1.786865767069e-03    1.956576244260e-16
  12   -8.841205229505e-04   -1.390138990240e-16
  13    4.981851400749e-04    4.815001762396e-17
  14   -4.908658388123e-04    2.127200479896e-16
  15   -4.524957453259e-03   -4.909038858149e-16
