   0   -5.980450770498e-04   -1.194620233402e-16
   1   -4.288223621079e-04   -6.997999644924e-17
   2    1.738610363967e-06    2.732410722201e-17
   3   -1.304182979315e-03   -1.954191255634e-16
   4   -8.943983303805e-05   -2.793831359747e-17
   5    4.726797212465e-04    3.634969877531e-17
   6   -1.145461235498e-04   -3.316090322609e-17
   7   -3.750645250576e-04   -1.573999151925e-17
   8   -7.582055694529e-04   -3.228664241808e-17
   9   -3.708017163421e-04    1.183622532957e-17
  10   -1.217915965800e-04   -1.316262155656e-16
  11    1.869652165835e-05   -8.476915058502e-19
  12    3.208432027548e-04   -3.854630497653e-17
  13    6.920161834951e-04    6.368648187784e-17
  14   -1.312962645215e-03   -1.447101394718e-16
  15   -2.504886525422e-03   -1.877347598518e-16
