   0   -8.057176399574e-05    1.793800624574e-17
   1   -1.303342858275e-05    5.437065144013e-18
   2    9.461482452732e-05   -1.750812512491e-17
   3   -1.399603240231e-04    1.159373295263e-17
   4   -2.275446510950e-04    2.532957682758e-17
   5   -2.667137742547e-04    2.570354058973e-17
   6    2.616275611947e-05    2.798087473190e-17
   7    4.618093334581e-04   -1.752430636165e-17
   8   -8.192222190445e-05    2.506422642068e-17
   9   -3.551623030223e-04    3.554936115252e-17
  10   -1.527915028854e-04   -4.915945581534e-18
  11    3.207434595009e-04   -2.175240140161e-17
  12    5.027143328842e-04   -4.599506784865e-17
  13    2.857954505369e-04   -1.188276017707e-17
  14    4.795303146598e-05    2.555524771396e-17
  15    3.069906079396e-05   -4.726578556488e-17
