   0   -3.711694745450e-04    7.700144171064e-17
   1   -8.639714842598e-05    2.393431844319e-17
   2   -8.950653113320e-04    1.227884689778e-16
   3   -2.604630247946e-04    8.904628540456e-17
   4   -1.910948098952e-04    2.837762578200e-17
   5    3.454631466754e-04   -6.577925627557e-17
   6   -2.316281711145e-04    3.685993400069e-17
   7    1.114682407762e-04    5.046654537971e-17
   8   -1.049409831537e-04    1.302426239126e-17
   9   -8.446523683749e-04    1.025867253959e-16
  10   -3.055605459811e-04    6.591809142133e-17
  11    2.220903041697e-04    3.685299507693e-17
  12   -5.746352912948e-04    1.109401469509e-16
  13   -5.467522691311e-04    9.093646131016e-17
  14    1.751531642483e-04   -7.591939399760e-17
  15    1.912695932221e-04   -1.128432424091e-17
