   0   -6.094352391507e-04    1.863729690368e-16
   1   -8.363439696075e-04    2.155871844226e-16
   2   -8.108066448450e-04    1.020512084496e-16
   3    6.527212813170e-04   -8.884207702962e-17
   4    3.332215348880e-04   -1.030264705174e-16
   5    1.255933641108e-04    9.864947913157e-17
   6   -4.923938844861e-04   -3.434103365311e-17
   7    5.250363448093e-04   -6.657746749247e-17
   8    9.783197613805e-05    4.226327681945e-18
   9    5.518536814814e-04   -1.063081335208e-16
  10    1.138204525969e-03   -2.178911004282e-16
  11    2.622453385714e-04   -3.461740521383e-17
  12    6.063756567280e-04   -1.871762328217e-17
  13   -7.780777398965e-04    8.060207911293e-17
  14   -7.389820287151e-05    2.226261624089e-17
  15   -2.408377227664e-04    5.875183555851e-17
