   0   -2.251472815599e-03   -3.160784114597e-17
   1   -3.714353082080e-04   -3.421508297819e-17
   2   -1.244530432120e-03   -9.829136940190e-17
   3   -1.383045652559e-03   -1.466754206936e-16
   4    4.317128991465e-04   -1.277356803167e-17
   5   -1.220248126866e-04   -6.407221959244e-17
   6    2.780701846209e-04   -8.584069557168e-18
   7   -1.417558667437e-03   -7.843402449607e-17
   8    2.726914877946e-04   -1.719290038741e-16
   9   -1.290996586678e-03    1.068334349190e-16
  10   -1.011025069732e-03   -4.924054716442e-17
  11   -1.699992321842e-03   -1.120243719421e-16
  12    6.035880880139e-05    4.256746900195e-17
  13    3.337674030588e-04    1.445781220285e-16
  14    2.070612446683e-04    1.752965657767e-16
  15   -5.051950141589e-04    4.913358455369e-17
