   0   -2.569475951122e-06    9.254135455055e-18
   1   -8.806534288970e-06    1.621458249288e-17
   2    1.412387873469e-04   -2.586114980351e-16
   3    1.815336518291e-06   -3.446990660123e-18
   4    3.156839576788e-05   -5.880542515034e-17
   5    9.399411274811e-05   -1.749578205810e-16
   6   -1.876194140613e-05    3.449803524858e-17
   7    1.175101226470e-05   -2.756772823670e-17
   8    1.410871657601e-05   -1.259331378468e-17
   9    2.672692266992e-05   -5.079884094001e-17
  10    1.549116513951e-04   -2.812757488925e-16
  11    2.371142241620e-05   -4.305504652049e-17
  12    2.264271859127e-05   -4.130850735163e-17
  13   -4.216522210640e-05    7.699818551147e-17
  14   -5.019947263716e-06    1.153133197315e-17
  15    5.260787031699e-05   -9.437941214381e-17
