   0   -1.783005242447e-03    6.563183933359e-17
   1   -3.883533104188e-04   -8.661219135920e-17
   2    2.139672770803e-03   -1.425160746754e-16
   3    7.089031066172e-04   -2.005667866059e-16
   4    2.581359070717e-04    1.640166377367e-16
   5   -2.099550127612e-03   -8.238008768206e-18
   6   -3.762105625679e-03    8.297087495506e-18
   7   -2.252749248151e-03    1.727251598770e-16
   8    1.722025170541e-03    3.393824790976e-17
   9   -8.432627824001e-04   -1.260781764781e-17
  10   -1.307715067496e-03   -7.906746573771e-17
  11    8.692529423631e-05   -6.254369662333e-17
  12   -5.352565603553e-04   -2.765259880152e-17
  13   -1.477215074790e-03   -5.250790322604e-17
  14   -5.323899142755e-04    1.035583197137e-16
  15   -4.537640407024e-04   -3.384044381186e-17
