   0   -1.831279016998e-04    4.206738544585e-17
   1   -2.701252478074e-04    1.900677530688e-17
   2   -1.774916436771e-04    3.841520323924e-17
   3    5.968856170539e-04   -1.747522452424e-17
   4   -7.464633637836e-04    7.822520778028e-17
   5   -2.482719265160e-04    5.255450689297e-17
   6    2.863859678590e-04    1.818812415787e-17
   7   -4.457290765460e-05   -6.899700831789e-18
   8   -3.095528353247e-04    8.663642477992e-17
   9   -3.988422269270e-04    1.119160861927e-16
  10    2.445505669145e-04   -4.611745271960e-17
  11   -2.257339632409e-04    3.794658997613e-17
  12    2.954491269737e-04   -1.740820391774e-17
  13    1.942559148251e-04    1.975555210906e-17
  14   -3.237204380096e-05   -3.083716621141e-17
  15   -8.451260668143e-04    6.401648956978e-17
