   0   -6.452217948706e-03   -2.853742102349e-16
   1    2.118171707785e-03   -7.800906261654e-17
   2    6.325544161831e-04    1.398857868596e-17
   3   -5.457092022175e-04    9.494728232765e-17
   4    4.183963448240e-03    2.352130608574e-16
   5    1.855338994329e-03    2.818142492982e-16
   6    5.461005619313e-03    4.596488867178e-16
   7   -1.051505834097e-03   -4.108933752315e-17
   8    8.878367123016e-04    8.205960896785e-17
   9   -2.263601391469e-03    9.262885658086e-17
  10   -1.552946835088e-03   -1.056860825324e-16
  11   -4.293292454199e-03    1.280048976458e-16
  12    8.294453528502e-04    7.185037342115e-17
  13    7.448253444745e-03    3.074009648569e-16
  14    1.265212289107e-03   -4.336410730022e-17
  15   -1.980846216560e-03    1.167177134958e-16
