   0   -6.533517913348e-04   -1.078368937563e-16
   1    3.611398160241e-04   -8.087131714545e-17
   2   -3.885964615562e-04   -6.044740401964e-17
   3   -1.335079327852e-05   -3.515554220067e-17
   4   -6.429734451308e-05    1.172068151342e-17
   5   -8.960438219740e-05   -5.563750348866e-17
   6    9.395505749111e-05   -7.170503781328e-17
   7    6.491013523843e-04   -2.589108825688e-17
   8   -1.124614231818e-03   -1.098366835224e-16
   9   -3.016834794287e-04    1.283451999451e-16
  10   -2.815690507806e-04   -1.253980080802e-16
  11    1.738192098401e-03    1.519593123443e-16
  12    9.099613425030e-04    1.312244099796e-18
  13   -1.374009959536e-04    1.211064254623e-20
  14    2.318835306826e-04    4.751452781039e-17
  15   -4.399138000682e-04   -6.468241374516e-17
