   0   -3.231840826585e-03    1.388538391797e-16
   1   -1.259021863384e-03    2.704650827849e-17
   2   -1.925122071982e-03   -2.807114049556e-17
   3    2.303934570427e-03   -5.312722533180e-18
   4   -7.866000369256e-04    1.052594013514e-16
   5   -5.900405489211e-04    5.054457395463e-17
   6    8.676019932688e-04   -1.863796426085e-17
   7    4.179160019475e-04   -4.053542886613e-17
   8    2.725313657269e-04    7.619543365591e-17
   9   -3.404629649298e-04   -4.317842549512e-17
  10    2.835409110588e-03   -1.429607061793e-16
  11   -2.047547161305e-03    2.333318787059e-16
  12    9.209005772859e-04   -2.280636917046e-16
  13   -9.441845994223e-04    2.285638827782e-16
  14    1.041506245421e-03   -2.237380311503e-17
  15    7.136146223087e-04   -5.951075003364e-17
