   0   -2.968232929366e-05    1.209732128295e-18
   1   -1.051889366802e-04    1.545059199584e-17
   2    1.519011780343e-04    2.351866687949e-17
   3    1.464644904671e-04    3.064009436720e-18
   4   -1.492396656653e-04   -1.268531398423e-17
   5   -2.093692052070e-04   -1.782138096888e-18
   6   -2.288171423068e-05    1.377333664295e-17
   7   -9.774768223815e-05   -1.252488472710e-17
   8   -1.974944136370e-04    1.249266311694e-17
   9    2.478287190665e-05   -6.553685635979e-18
  10    9.116644191899e-05   -1.879403819138e-17
  11    1.408268332563e-04    1.043728630114e-17
  12   -6.852514810358e-05   -2.158850599042e-17
  13   -1.882087034536e-04    3.044942097759e-17
  14    1.674621867149e-04   -8.251470459252e-18
  15    1.593695771330e-04   -5.667095125164e-18
