   0   -3.042166642779e-04    5.422003095054e-17
   1   -8.674516775836e-04    5.212865028763e-17
   2   -6.484100220024e-04   -4.183228859561e-18
   3    1.083111135207e-04   -3.676207043637e-17
   4    2.644751480405e-04   -8.940709226072e-17
   5   -1.929647399016e-04   -3.702413835429e-17
   6   -7.957646166319e-04    1.088458318331e-17
   7    5.226532603225e-04   -6.981296750653e-17
   8   -1.008522491883e-04   -3.361408843122e-17
   9    1.220147732214e-04    8.401180894497e-17
  10    1.210064713505e-04   -1.078339123435e-17
  11   -2.155424811103e-04    3.716451845495e-18
  12   -3.210714847601e-04    2.086630010238e-17
  13    1.749800406572e-04    3.771095713997e-18
  14    8.173872358028e-04   -9.607794104217e-17
  15    2.916036180991e-04   -2.404958465964e-17
