   0   -6.214667959275e-03   -7.351881203259e-16
   1    4.260771354659e-03    3.833057849212e-16
   2    3.380526160832e-03   -2.026468267136e-16
   3   -1.348910547337e-03   -3.598589533046e-16
   4    2.030378832284e-03    1.506887390711e-17
   5    2.599459220099e-03    1.537565281373e-16
   6   -2.251720431583e-03   -2.994805284404e-16
   7    1.131695266146e-03    1.107003262413e-16
   8    2.221543109041e-03    3.677134732699e-16
   9    1.444381481717e-03    1.204432977678e-16
  10    7.495730478409e-04    2.543905663111e-16
  11   -7.599970286995e-04   -1.324757854374e-16
  12   -7.903368560934e-04   -8.175693173245e-17
  13   -2.632211896008e-03   -1.994550278484e-16
  14   -2.270680072274e-03   -4.678703405517e-17
  15   -3.994026040792e-03   -3.237667543242e-16
