   0   -7.864792901680e-05   -3.938345987783e-17
   1   -1.591410028029e-04   -5.559882792630e-17
   2    8.970397798254e-05    5.396669190740e-17
   3    4.078269183697e-04    9.915722599537e-17
   4   -8.037144252229e-05    1.926019966317e-17
   5   -9.278115700720e-05   -2.027662317843e-17
   6    2.165494880114e-04    5.815762537174e-17
   7    4.422959678015e-04    1.186179773457e-16
   8   -3.836766302217e-05   -2.240605234803e-17
   9   -2.757639536114e-04   -7.790657145465e-17
  10   -9.524539139712e-05   -4.550827626818e-17
  11   -1.979002890328e-04   -5.742661776743e-17
  12    1.742104302681e-04    4.657226017187e-17
  13   -2.142963816013e-05   -2.505724499587e-17
  14   -1.354333418009e-04   -8.215429992186e-17
  15    7.572537700163e-05    2.486750549473e-17
