   0   -1.174005231811e-04   -2.405887089387e-17
   1    1.956295304663e-06    8.621056458597e-18
   2    4.570166660261e-04   -6.101338943391e-18
   3    1.493777158465e-04   -1.356466907444e-17
   4    5.326318132582e-04    3.051720629011e-17
   5    6.977072705830e-04    5.224342432276e-17
   6    4.141056339491e-04    5.686662400605e-17
   7   -5.227143541779e-06   -2.940624392777e-17
   8   -4.349428516222e-04   -6.140759497838e-17
   9   -1.556158023842e-04   -1.835104813791e-17
  10   -2.498835612978e-04    1.409283736504e-17
  11    4.596671434559e-04    1.822911291352e-17
  12   -4.053247101442e-04   -2.348741162683e-17
  13   -6.585729451648e-04   -4.582764163306e-17
  14    1.263368735821e-05   -2.314320844734e-18
  15    7.251271068415e-05   -2.384652291998e-17
