   0   -2.323599148502e-04    3.384705053304e-17
   1   -3.521531107218e-04   -5.219976446604e-17
   2   -1.799715728207e-05   -7.146036738419e-17
   3    1.124185449500e-03   -8.526277283933e-17
   4    1.422686282432e-04    2.010046044350e-17
   5    1.270587440142e-04   -3.633174032590e-17
   6   -8.823085243823e-04    1.048778484736e-16
   7   -1.632754507757e-04    5.081598808027e-17
   8   -1.646219458067e-05   -6.987981116319e-17
   9   -1.254860705232e-04    1.590896710147e-17
  10   -2.519143075025e-05    3.737417656216e-17
  11   -3.864185419049e-04    3.322117168671e-17
  12    2.609543102691e-04    4.686787664329e-18
  13   -3.974325446692e-04    3.233100465830e-17
  14   -5.814415229739e-05    1.608129464086e-17
  15    4.509621030960e-05   -1.343861823391e-17
