   0   -4.541008839453e-07   -2.992584311138e-18
   1   -2.645046878434e-06   -9.912636435745e-18
   2    2.032071724271e-06    4.601000411516e-18
   3   -2.540778857219e-05   -8.596476575312e-17
   4   -1.297448818362e-05   -4.335030523798e-17
   5   -3.087040120291e-05   -1.006725894225e-16
   6   -1.233160390400e-05   -3.868826276415e-17
   7    5.653605863939e-06    1.294309143375e-17
   8    3.733712204912e-05    1.246741840519e-16
   9   -1.703424494497e-06   -4.041788517927e-18
  10   -3.853357426720e-05   -1.274195387520e-16
  11   -9.061546008294e-07   -3.434726408255e-18
  12    2.791637187398e-05    9.243516145450e-17
  13    3.925021929685e-06    1.053913689281e-17
  14   -2.933999676752e-06   -8.021799736622e-18
  15    2.755605662863e-05    9.222048902206e-17
