   0   -6.452160340013e-05   -3.567161703109e-17
   1   -2.941952183053e-04   -1.196718361635e-16
   2    1.894502113519e-04    8.672289639145e-18
   3    2.067588969636e-04    5.358752604169e-17
   4    4.747776567370e-04    1.196502603781e-16
   5   -1.722225181476e-05    9.507872600587e-18
   6   -1.062928364811e-04   -3.919239099218e-17
   7    2.109321462304e-04    5.206577263632e-17
   8    1.071191612304e-05   -4.173211550081e-18
   9    2.248276910818e-04    4.966440701889e-17
  10   -1.631132922543e-06   -4.508966444844e-19
  11    5.788722651261e-04    1.707200576752e-16
  12    1.941406856211e-04    6.436810080611e-17
  13   -4.318682993202e-05   -5.117698219584e-17
  14   -7.169416791488e-05   -3.052001693783e-17
  15   -8.082529819383e-05   -9.857598601517e-18
