   0   -4.913934952268e-05    2.801737430355e-17
   1    1.836396840520e-05   -3.247432948707e-17
   2    1.143103946500e-04   -3.103118279530e-17
   3   -3.372494484396e-04    1.023694400034e-16
   4    3.262402616533e-05    3.929941896177e-18
   5   -2.096728691210e-04    4.809981217568e-17
   6   -3.347008233635e-05   -7.580049476914e-18
   7    3.742588095906e-06   -3.401721358708e-18
   8   -5.455624457760e-05    1.710946095130e-17
   9   -3.069485196953e-04    9.217470491998e-17
  10   -2.073077486128e-05   -1.743786516073e-17
  11   -2.318936837193e-04    7.389105065089e-17
  12   -5.930045710031e-04    1.706107633812e-16
  13   -2.874934803883e-04    7.884584195424e-17
  14   -3.235827753998e-04    1.046994165204e-16
  15    1.526433425658e-05   -1.602547522676e-17
