   0   -6.310078288035e-08    1.394432858268e-18
   1    9.989435318668e-06   -1.100690094132e-16
   2    4.088223635927e-06   -4.494870248306e-17
   3   -1.447936009429e-05    1.609900850195e-16
   4   -4.009359476369e-06    4.321276416609e-17
   5   -6.716275427147e-06    7.342893492088e-17
   6    7.238063130043e-06   -7.983573767102e-17
   7   -9.222649062255e-08    1.409474903674e-18
   8   -8.115947206817e-06    8.981458632337e-17
   9    5.513627555023e-06   -6.041946251136e-17
  10   -5.687953345152e-07    5.894321586079e-18
  11    1.733673993881e-05   -1.916137796276e-16
  12    6.526539201952e-06   -7.133249162225e-17
  13   -8.760522067652e-06    9.760598393769e-17
  14   -1.353273531627e-05    1.510883627758e-16
  15   -1.471751305500e-05    1.625059507261e-16
