   0   -8.323995521390e-05   -6.077534028006e-18
   1   -2.583563157846e-04    1.791731887964e-17
   2   -2.274172751462e-04   -1.741842124802e-17
   3   -1.117398684301e-05    3.808313004416e-17
   4   -2.992194625068e-04   -4.029808660342e-17
   5   -1.676506712581e-04   -6.120273952399e-18
   6   -1.528957080919e-04    2.480604250534e-17
   7   -6.955410615660e-05   -1.874590730225e-17
   8    7.705272345379e-06    2.307134200689e-18
   9    6.032214360873e-05    1.030550555212e-17
  10    1.195389307372e-04    4.363901430268e-18
  11   -7.962311425612e-04   -7.870049674067e-17
  12   -3.812035756227e-04   -4.430393004485e-17
  13   -3.344885001395e-04    3.995883216948e-18
  14   -4.784272444959e-04   -1.543967324071e-17
  15    2.113885262653e-04    4.215633241812e-17
