   0   -3.208345261918e-04    1.590892248890e-17
   1   -1.770406776614e-04    4.389375501023e-18
   2   -4.265930133415e-04    4.239437996627e-17
   3    6.170960483850e-04   -6.700368125970e-17
   4    4.583775912303e-05    1.278385006762e-17
   5   -3.213064409090e-04   -5.964675913586e-17
   6   -4.482368736454e-04   -8.185399186403e-19
   7   -2.382864692814e-04    2.380538228132e-17
   8   -3.122460955178e-04    5.752912681552e-18
   9   -1.828755417416e-04   -6.904472702792e-17
  10    4.404003767797e-04   -6.660009012770e-17
  11    3.856333822968e-04    2.822266943862e-17
  12   -5.235279264921e-05    1.720690704533e-17
  13    7.771836940797e-06   -2.181302726889e-18
  14   -2.207528649360e-04   -3.827640360792e-17
  15    5.700330879580e-05    3.040456001747e-17
