   0   -6.026822561565e-04    4.360882801233e-17
   1   -5.705660540451e-04    2.609358688839e-17
   2    5.662547186869e-04   -2.866315903281e-17
   3    6.009808008038e-04    4.094483313759e-17
   4    1.117215207011e-04   -2.584638183561e-17
   5    4.266861357886e-04    1.999511440899e-17
   6   -3.229439238589e-04   -3.465060619144e-17
   7   -4.116090928158e-04   -9.958158683511e-17
   8    3.517755430248e-04    1.071974056203e-16
   9    1.999223738373e-04    6.908246652754e-17
  10   -3.004197043984e-04    1.553231136484e-16
  11   -2.327136878812e-04    5.202816596965e-17
  12   -4.492049939672e-06    7.920351844335e-17
  13    1.406733951817e-04   -4.597269264451e-17
  14    9.236809252930e-04    1.219386394984e-16
  15    1.908866177535e-04   -3.961269929381e-17
