   0   -1.105977804532e-04   -7.472456739948e-17
   1   -6.999085665272e-06    3.473416753489e-18
   2   -4.976004877215e-05   -1.564243197731e-17
   3    3.018361225284e-04    1.019666651042e-16
   4   -3.049113532686e-04   -9.366497256261e-17
   5   -1.797671278152e-04   -6.306430385725e-17
   6   -1.130700114779e-04   -2.652174229152e-17
   7    2.983383303140e-05   -3.932352741099e-18
   8   -4.290434043809e-04   -1.157507076777e-16
   9    2.534072016881e-04    6.225491779004e-17
  10    3.163854043600e-04   -7.540271722476e-18
  11    9.584005039355e-05    8.608509126723e-17
  12    3.987014621571e-04    8.915455481525e-17
  13    5.734301214833e-04    2.520954656096e-16
  14    2.571599164172e-04    7.870109243434e-17
  15    1.927221587907e-04    3.007850529728e-17
