   0   -9.612992788366e-04    2.065336348761e-16
   1   -2.555996310431e-04   -8.022905435532e-20
   2    6.103415234716e-04   -3.114318467514e-17
   3   -1.129204546840e-04   -1.324431535604e-16
   4   -7.450498556320e-05    1.181549112914e-16
   5    6.453809673506e-04   -6.244508730306e-17
   6   -8.936688457108e-05   -1.418578317633e-16
   7    3.355133567077e-04   -1.634046661030e-16
   8   -4.656196447437e-04   -3.947908506020e-17
   9    6.808947021882e-04   -2.142758939412e-16
  10   -6.065091159641e-04    1.477672177487e-16
  11   -3.228093196319e-04   -1.167804621507e-16
  12   -8.183738605615e-04    1.120087577536e-16
  13   -7.887830215680e-04    2.602879841041e-16
  14   -7.586815111587e-04    8.150076342641e-17
  15   -7.758620987766e-04    2.138628404858e-17
