   0   -1.004417603066e-03   -2.111147794472e-17
   1    4.357472571077e-04    1.382854312967e-16
   2    8.875942026275e-04   -6.456216751501e-17
   3    5.868358534216e-04   -8.531582943114e-17
   4   -1.090603309894e-03    2.612827088360e-18
   5   -1.828311789751e-04    3.326436648871e-17
   6   -4.304306974693e-04   -1.004951266644e-18
   7    2.173972006607e-04   -6.808689792222e-17
   8   -9.304705462700e-05   -1.346838876040e-16
   9   -6.947253958389e-04   -1.973043881358e-16
  10   -3.631839046988e-04   -1.551157386012e-16
  11   -6.232736445008e-04    4.974709670515e-17
  12    8.757890312978e-04   -1.894469620860e-17
  13    3.782668665987e-04    2.156822318552e-17
  14    5.780921574840e-04   -1.311492552154e-16
  15   -4.985575807090e-04   -2.635097560844e-17
