   0   -9.735401655939e-06   -4.849703666119e-18
   1   -1.195785042650e-05    9.492256787775e-18
   2   -1.023371268732e-05   -6.705857851056e-18
   3   -2.873321902008e-05   -7.849561009848e-18
   4   -6.653418577478e-06    6.310165520996e-18
   5    8.381298014381e-06   -9.343866814438e-18
   6   -2.455193360554e-05   -6.461697077670e-18
   7    1.667991541055e-06   -3.048617912104e-18
   8   -3.068602332138e-05   -1.491769776797e-17
   9   -1.610970730944e-05   -9.555054853611e-18
  10   -1.110762876863e-04   -1.658136545572e-17
  11   -1.189961595501e-04   -2.825342029498e-17
  12   -7.741227560301e-05   -5.771626764044e-18
  13    1.428005594160e-04    4.111066558438e-17
  14    1.103611527512e-05   -2.100875697794e-18
  15    7.495357608812e-05    1.728348366425e-17
