   0   -8.853087406400e-04   -1.717753924588e-16
   1   -6.280566133781e-04   -3.450355201617e-17
   2   -6.706699617303e-05   -9.900090648228e-17
   3    5.362854534586e-04    5.202741146054e-17
   4    4.085573670165e-04   -3.964500256593e-17
   5   -2.854353690782e-04   -3.429808691481e-17
   6    6.555609322191e-05   -6.961769238777e-17
   7   -3.250584483842e-03   -2.591961632919e-16
   8   -1.373566118087e-03   -1.266489468519e-16
   9   -2.371533194635e-05   -5.845806854031e-17
  10    5.333999030561e-04    1.310284218853e-16
  11   -5.351712310548e-05    5.757215412184e-17
  12    1.188458330847e-04    6.438372409174e-17
  13   -2.237362650219e-03   -2.203597678773e-16
  14   -1.440704439957e-03   -1.166454662011e-16
  15    3.605300144097e-04    1.515636541470e-17
