   0   -8.305288806756e-04   -2.111696669259e-16
   1   -9.989623900173e-04    2.338067514601e-17
   2    4.133691944415e-04   -7.543014150629e-17
   3   -6.097202464647e-04   -8.391259320528e-17
   4    2.165003342997e-04   -3.006811886502e-17
   5   -1.160533648489e-03   -1.731345424093e-16
   6   -7.525340807130e-05   -9.275498890827e-17
   7    1.592782589288e-04    5.864347181775e-17
   8    3.196076131271e-04    5.342976083413e-17
   9   -4.961941913016e-04    9.049695314977e-17
  10   -1.045616574815e-03   -2.673095506479e-16
  11   -1.763924545910e-04    7.036196346095e-17
  12    1.477721475504e-03    1.622658685588e-16
  13    4.985035782658e-04   -2.621255346855e-17
  14   -4.571010422095e-04   -1.125032755928e-16
  15   -6.412216646895e-04   -6.872011455859e-17
