   0   -1.813011551258e-03   -3.781816935683e-17
   1    1.973154760483e-03   -1.723884628318e-17
   2   -6.790552407914e-05    3.302007506952e-16
   3   -1.754744192787e-04   -2.073922230260e-17
   4   -8.402053033104e-04   -1.821759363721e-17
   5    1.830647347882e-03    4.911206441012e-18
   6    1.195750380868e-03   -5.843780381141e-17
   7   -1.245551237089e-03   -6.026338116919e-17
   8   -8.779103878141e-04    5.229822289023e-17
   9    1.287139299470e-03    1.174243843400e-16
  10   -2.025331379279e-04    2.152400512824e-17
  11   -2.970288899393e-03    1.108390471286e-16
  12   -3.380197942003e-04    4.847455308718e-17
  13   -3.200974356493e-04    3.920693476135e-17
  14    2.092947121217e-04   -9.236255178734e-17
  15   -1.334339654015e-03    2.390146734242e-17
