   0   -5.677518432802e-04    1.058155509638e-17
   1   -6.711603247423e-04    1.154520017915e-17
   2    3.340519540903e-04    1.185749133916e-16
   3   -3.698688112945e-04    2.990062882287e-17
   4    1.760519901557e-03   -4.021446801573e-17
   5    7.016581619598e-04    1.462448368941e-17
   6   -4.363564973963e-05   -7.101886411078e-17
   7   -6.185871141927e-04   -2.068938542518e-17
   8   -9.065443738306e-04    6.929186615049e-17
   9    6.976552300240e-04   -6.501323898946e-18
  10    1.924780946596e-03    2.174414335941e-17
  11   -4.756251954183e-04    8.908470661934e-17
  12    6.239808134509e-04   -5.078637439091e-17
  13   -1.729045058020e-04    7.039137418945e-17
  14    5.894921157959e-04    3.683284913890e-17
  15    3.810831282061e-04    5.200191896711e-17
