   0   -7.932208385704e-06    1.688499930564e-17
   1    9.103574304396e-05   -9.689221357673e-17
   2   -4.308743935819e-05    3.116311805490e-17
   3   -3.660546468584e-05    3.145590686282e-17
   4   -1.069807794136e-05    2.943802233616e-18
   5    5.153054956235e-06   -1.689110436296e-19
   6   -8.896062383209e-05    1.028134132083e-16
   7   -3.876171303151e-05    5.063586931421e-17
   8    1.329617767409e-04   -1.427661547317e-16
   9    7.501532297056e-06   -4.857265780209e-18
  10    1.577836791859e-04   -1.710609996900e-16
  11    1.033385348896e-04   -1.231192403393e-16
  12    6.589859470110e-05   -6.294619453352e-17
  13   -6.032432614369e-05    6.420508359847e-17
  14   -6.168458014183e-05    6.190062277795e-17
  15   -6.822367943095e-05    7.573946625668e-17
