   0   -1.101382996821e-04   -9.321147932884e-18
   1   -4.746210718009e-05    2.595505378578e-17
   2   -1.220991887629e-04   -3.313015058561e-17
   3    3.390271330439e-04   -1.827786356856e-17
   4    5.496720748234e-04    5.005803256546e-17
   5    9.764661365909e-05   -3.781318557077e-17
   6   -1.754602487648e-04    3.219016387987e-17
   7    2.963370774282e-04   -2.768817505140e-19
   8   -6.472562895029e-05    7.747384231282e-18
   9   -7.456912058016e-05    2.480800283869e-17
  10    5.557736557721e-07   -1.628849095791e-17
  11   -2.821413461188e-04   -4.106758232082e-17
  12   -7.295628722552e-05    1.089452903442e-17
  13   -5.071889403808e-05    2.514370894096e-18
  14   -1.783318658062e-04   -2.618852504819e-17
  15   -1.722758819670e-04   -1.311568373553e-17
