   0   -9.775410892186e-05    7.464258186949e-17
   1    1.142062133824e-04   -3.482101754929e-17
   2    4.050859903039e-05   -5.498233528666e-17
   3   -1.544084104054e-04    5.016971140841e-17
   4   -1.066854862445e-04    6.378256419028e-17
   5   -5.089506392404e-04    1.789433709446e-16
   6   -4.917039903523e-05    4.621476642856e-17
   7   -1.716531647459e-04    6.224196714839e-17
   8    1.566866269318e-04   -5.103950586240e-17
   9   -2.784795402351e-04    1.315667462201e-16
  10   -5.101572390548e-04    1.794040355981e-16
  11    1.956695076226e-05   -4.177360945640e-18
  12    6.780130835480e-05   -1.271346757390e-17
  13   -1.080315264254e-04    2.807285951701e-17
  14    3.781029800453e-04   -1.663086691256e-16
  15   -2.018880043584e-04    9.025052455668e-17
