   0   -3.283291000979e-04   -5.632782075618e-17
   1   -2.902061916009e-04    2.741065914270e-17
   2    4.198272955880e-05    3.601258104656e-18
   3    1.270240634015e-04   -8.566591611504e-17
   4   -6.125152945707e-05    6.816120924886e-18
   5   -7.657867465633e-05    2.763015259649e-17
   6    2.321596071226e-04    1.589112231701e-17
   7   -6.203267064309e-04   -7.534010963261e-17
   8   -3.852016857086e-04   -9.540535749525e-17
   9   -5.822970327180e-04   -5.691582557154e-18
  10   -1.517694452768e-04   -5.325286681853e-17
  11    4.501596942806e-04    1.110359632702e-16
  12   -6.364310828312e-04   -3.447566963358e-17
  13   -7.174447660932e-04   -8.367084951404e-17
  14    1.992704833041e-04    9.046493517752e-18
  15   -1.189066849360e-04   -4.439879158142e-17
