   0   -4.992272764619e-03   -5.177299849158e-16
   1    4.125957811394e-03    4.649644451846e-16
   2    3.607818556288e-04    1.363735758441e-16
   3   -3.291045473331e-05   -2.135051404374e-16
   4    1.874200110415e-03    2.776042062553e-16
   5   -1.517527203509e-04    7.819933162060e-18
   6   -1.432339899055e-03   -1.997816131915e-16
   7   -1.672340418860e-04    3.992368636524e-16
   8    1.543822520462e-03    1.349627931859e-16
   9    1.752224955202e-03   -1.209402734485e-16
  10   -4.248480489510e-04    2.525240767418e-16
  11   -8.595343621779e-04   -3.112789372877e-16
  12    3.966400558861e-03    3.311806020924e-16
  13    1.750325539200e-03    4.369350380535e-17
  14    3.768593458879e-03    1.954133845056e-16
  15   -3.965394950284e-04    3.795022633769e-16
