   0   -3.671262379414e-04   -1.191258380170e-16
   1   -4.056602341532e-04   -2.752426421326e-17
   2    6.512973961584e-04    8.652190098527e-17
   3    1.784850516158e-04    6.512078972905e-17
   4    6.908770642403e-04    7.805261519631e-17
   5   -2.683232402629e-04   -9.458695485255e-17
   6    7.391389775704e-04    1.582090767520e-16
   7    2.410858022974e-04    5.825921973276e-17
   8   -7.190500125120e-05   -4.357464416453e-17
   9    1.375903306986e-03    2.147189064138e-16
  10    2.968100576984e-04   -1.140816568243e-17
  11   -3.281869246843e-04   -6.445930473008e-18
  12   -2.198128440431e-04   -1.226293208296e-17
  13   -5.907155975583e-05   -5.329333269546e-18
  14   -2.180717052527e-04   -3.112567199399e-17
  15   -2.006518394179e-04    5.736497752839e-18
