   0   -4.496550259676e-04   -1.318372036652e-16
   1   -2.956373019237e-04   -1.304466099117e-16
   2   -2.873236331301e-04   -4.453344993442e-18
   3   -2.057968038089e-04    5.458305420395e-17
   4   -2.519347653042e-04   -8.166365418828e-17
   5    3.669980329306e-04    7.734359610010e-17
   6   -3.132450815104e-04   -1.767032488731e-17
   7    1.599083844087e-04    3.285921889215e-17
   8   -5.392271175422e-05   -1.496767795132e-17
   9    2.919233374810e-04   -4.289289906660e-18
  10   -5.212224448912e-04   -6.699331102439e-17
  11    3.406044152839e-04    6.876586861754e-17
  12    6.010850234439e-04    1.163687909935e-16
  13   -4.305174226624e-05    4.077340916478e-17
  14    3.200706379840e-04   -6.137307756746e-17
  15    2.246789131153e-04   -2.178446808054e-20
