   0   -1.051096598976e-04    4.097642315343e-17
   1   -1.325683445234e-04    3.266992407006e-17
   2   -4.906305460081e-04    6.490249338788e-17
   3   -5.876114442827e-04    1.065709079756e-16
   4    2.199475568548e-04   -6.449911857882e-17
   5   -4.428640655124e-05    1.803002223259e-18
   6   -3.600839364845e-05   -2.087034643856e-18
   7    3.046197094869e-04   -7.417420136245e-17
   8    2.180498695956e-04   -3.339689974027e-17
   9    1.945165720980e-04   -5.043618195663e-17
  10    2.405131394216e-05    1.003033613833e-18
  11    3.230296305744e-06   -5.182592535329e-18
  12    3.017306043652e-04   -6.678164662799e-17
  13    1.448255609781e-04   -1.001798081762e-17
  14   -2.898756778132e-04    7.016202753383e-17
  15    3.868893934672e-04   -9.817803124128e-17
