   0   -8.532493979177e-05    1.435741522886e-17
   1   -6.143054457211e-05    5.029168741644e-17
   2    1.741922256205e-04   -2.285968337752e-17
   3    6.494046982733e-05    6.894923508547e-19
   4   -6.686614467097e-05    2.716182270394e-17
   5    1.511113987421e-04   -2.458272868709e-18
   6    2.694392386626e-04   -6.260460455018e-18
   7    4.051619175415e-04   -9.475081849155e-18
   8    2.475831767988e-04   -1.467692448408e-17
   9    2.696551514792e-04   -3.294239715042e-17
  10   -4.654347973530e-05   -3.095213067317e-17
  11    6.978852346997e-05    1.463902262035e-17
  12    4.604047155416e-04   -2.540369215525e-17
  13    6.922280824679e-04   -5.003551090153e-17
  14    1.150682840564e-04   -1.476889592101e-18
  15    9.654578768738e-05   -8.122759686719e-18
