   0   -1.032417589481e-05    1.569605832516e-17
   1    9.636627126498e-05   -6.825961812535e-17
   2   -5.402642415993e-05    2.323231558850e-17
   3    3.650966862326e-05   -2.810993108059e-17
   4    3.186915731470e-05   -1.887474080689e-17
   5    1.556704242239e-04   -1.029951544497e-16
   6   -7.321041539026e-05    4.601998283913e-17
   7    5.936829547657e-06   -1.022060000015e-17
   8    3.195639606614e-05   -1.608722746034e-17
   9   -1.122274506423e-04    9.422907312732e-17
  10   -1.566948024536e-04    1.041305747617e-16
  11   -3.073727410401e-05    3.549402938585e-17
  12    4.017755514642e-05   -3.125484158241e-17
  13   -1.241132015700e-04    9.862667793565e-17
  14   -1.653273070570e-04    1.370905787572e-16
  15   -4.085185184335e-05    3.248087239221e-17
