   0   -7.199119473113e-04   -5.957717633641e-18
   1   -8.567861405042e-04   -3.545218214954e-18
   2    5.013755849338e-05   -8.915830481635e-17
   3    7.986876250220e-05    1.105482579823e-16
   4   -2.175340087977e-03   -1.495886148860e-17
   5    8.832433995899e-04    2.152784622571e-17
   6   -2.943894409144e-04    4.644361351211e-17
   7   -1.397781372952e-04    5.379342266715e-18
   8    6.229109788437e-04    5.321808713056e-17
   9   -2.082583194987e-03   -2.649048636139e-17
  10   -8.209190028895e-04   -9.354524449789e-18
  11   -3.972123494768e-04    4.601815185824e-17
  12    4.683249142257e-04   -8.147020738229e-17
  13   -5.567422454087e-04   -2.303693601177e-18
  14   -6.146191468851e-04    9.278030491846e-17
  15    6.646994644729e-04   -5.086905864666e-17
