   0   -3.463507247022e-04   -2.479416723704e-17
   1    2.728509979274e-04   -7.081476790593e-17
   2   -3.154830321539e-04    5.689173716087e-17
   3   -7.750546658242e-04   -7.080066053880e-18
   4   -2.712487580159e-04   -5.723107980852e-17
   5   -9.374162025478e-04   -8.759182646478e-18
   6    4.746823162491e-04   -4.912726665633e-17
   7    8.898137447156e-04    5.457748083563e-17
   8    5.001305221913e-04   -2.342222060625e-17
   9   -1.303666672755e-04    1.532270425902e-18
  10   -1.542659361469e-04    5.026516787188e-17
  11   -3.834587669446e-04    6.272337424055e-17
  12   -7.272332647099e-05    2.219114927005e-17
  13    3.454919641745e-04    7.435176371834e-17
  14    1.404803354554e-04    2.362389977857e-17
  15   -3.999002030987e-04   -1.224762301647e-17
