   0   -8.226743422108e-04    1.337437501338e-16
   1    2.102568930459e-04    8.384066271633e-18
   2   -8.826347080384e-05    2.555558313551e-16
   3    7.794095424209e-04    5.128244590617e-17
   4    7.921306781632e-04    2.477339612802e-17
   5    9.130502800297e-05    1.677188081666e-16
   6    3.470834667395e-04    1.246369867712e-16
   7   -1.352457003240e-04    1.001560769049e-16
   8    3.656855569678e-04   -2.017197716588e-17
   9   -7.098323646937e-04    6.749406354105e-18
  10   -5.011389186004e-04    3.436680893394e-17
  11    3.171831479149e-05   -6.308137878165e-17
  12    4.590999241623e-05    4.084941215971e-17
  13   -1.316797644135e-04   -3.069315875554e-17
  14    5.356234779107e-04    6.154570559771e-17
  15   -1.329805012645e-04   -2.103430210013e-17
