   0   -1.252017364244e-04    3.975258585420e-17
   1   -1.242781633455e-04   -1.466210420098e-19
   2   -3.864964574899e-04    6.260017774073e-17
   3    4.785499030170e-04   -5.609548130100e-17
   4    1.865480151364e-04   -1.967712166061e-17
   5    1.396145136962e-04    2.504181483663e-17
   6    8.234683801103e-04   -1.630279835005e-16
   7   -1.175973567259e-04    1.121545638488e-17
   8    7.231447698034e-05    1.460741247965e-17
   9   -4.715411388091e-04    6.989003072169e-17
  10   -5.426740820591e-04    8.242494765561e-17
  11   -2.778415044555e-04    4.907755996350e-17
  12    8.525244896804e-06   -3.737919877970e-17
  13    2.111284514077e-04   -1.736802593279e-17
  14    2.578022617369e-04    1.373263139133e-17
  15   -5.172160526956e-05    7.574086761771e-19
