   0   -5.449483110924e-05    3.606123215324e-17
   1    1.246586642616e-04   -3.386944823507e-17
   2    7.497888244398e-05   -1.169496547470e-17
   3    3.565413960991e-04   -9.010277386913e-17
   4   -3.053744431482e-04    9.939959807941e-17
   5    2.602071071972e-05    1.269947970264e-17
   6    3.016258838287e-04   -1.186486548090e-16
   7   -1.450168432282e-04    4.962063381432e-17
   8    5.005567175288e-04   -1.803707086974e-16
   9    4.199734056496e-04   -1.438733579521e-16
  10    8.005889404409e-05   -3.468469055364e-17
  11    1.008855707401e-04   -4.075600571778e-17
  12   -3.322921364943e-05   -1.851014865070e-17
  13    2.356481818136e-05    2.826437911426e-17
  14    3.724648603677e-04   -1.437261785993e-16
  15   -3.703908587046e-04    1.487769712507e-16
