   0   -4.210824703482e-03   -6.339813510390e-16
   1    1.720421555770e-04   -9.511367805095e-17
   2    2.810134850218e-03    1.611164778660e-16
   3   -8.511949125772e-04    1.448477615608e-16
   4    1.852885923221e-03    2.187328295841e-16
   5    3.368187122976e-03    1.743092912342e-16
   6   -2.609039875260e-03   -4.413557330080e-16
   7   -5.118644373606e-03   -2.268359576494e-16
   8   -4.719214340644e-04   -7.154788990000e-17
   9    1.284021257549e-04   -2.496899015639e-16
  10   -4.031629077721e-04   -1.023934191124e-16
  11    1.547886910420e-03    3.686765238066e-16
  12   -3.888187360844e-04   -4.529210933611e-19
  13    4.146414266051e-04    1.320748555808e-16
  14    9.109800349348e-06    1.375681224761e-16
  15   -3.353893355691e-04   -3.965675967102e-17
