   0   -3.446424466785e-04    3.709941976434e-17
   1    3.407443340999e-04   -3.070637480337e-17
   2   -2.770378585342e-04   -2.218839544997e-17
   3   -9.154986827363e-04    6.782464721486e-17
   4    1.704055505192e-04    4.441630319607e-17
   5   -8.634289556265e-04    1.371598560032e-16
   6   -4.700991241914e-05    2.932424255787e-17
   7   -2.645725423322e-04    4.309520715721e-17
   8    1.153840092276e-04    2.033995454568e-18
   9    1.501873883524e-04   -2.869433304784e-17
  10   -2.376836148343e-04    4.548543128748e-18
  11   -2.534544655354e-04   -1.933556799237e-17
  12   -6.993451804773e-04    1.084686978112e-17
  13   -3.609044777844e-05   -3.927907930580e-17
  14    2.530470824318e-04   -1.568084629237e-17
  15    5.965205564228e-04    6.682522642252e-17
