   0   -4.129482448864e-04   -1.804878739058e-17
   1    7.881524831122e-04   -8.204438457845e-17
   2   -3.927590564533e-04    7.209501129743e-18
   3    5.771329041626e-04   -1.220466789540e-17
   4    5.276983840091e-04    2.506868452478e-17
   5    2.554529426077e-04   -5.758819690653e-17
   6    2.132671205526e-04   -4.497351721150e-17
   7   -3.427244116689e-04   -2.102634272905e-17
   8    2.580163507650e-07    3.384711493593e-17
   9   -5.094733103898e-04    4.526864954992e-17
  10    1.510318560964e-04    2.134937274679e-17
  11    3.727854306144e-04    2.393938175791e-17
  12   -5.261632816688e-04    2.038044028731e-18
  13    5.825962704370e-05    8.041476154288e-18
  14   -7.520272467224e-07   -2.257741871889e-17
  15   -2.948510459169e-05   -6.607120911081e-17
