   0   -4.019816308530e-04    4.451878769104e-18
   1   -5.195159828740e-04   -5.499764805034e-17
   2   -6.937320890465e-04    9.287905832763e-17
   3    6.829455319637e-04    4.073703439581e-17
   4   -7.392973248259e-05   -8.494377878565e-18
   5   -2.316467410481e-04    7.251278460110e-17
   6    3.824578791074e-04   -2.117828255562e-18
   7    1.715020358560e-04    5.024692778272e-17
   8    4.831807338780e-05    1.689038359689e-16
   9    3.603932800323e-04    4.252314029231e-17
  10   -1.684961964656e-05   -6.223299941948e-17
  11    9.858063692196e-05    3.952102695760e-17
  12   -5.491216806283e-04    5.646326023215e-17
  13   -6.323356213636e-04    4.579435348937e-17
  14    6.309299309837e-04   -1.267781906366e-18
  15    2.980105237186e-04   -4.616899583699e-17
