   0   -5.762985724156e-05    5.562601354784e-17
   1    1.823358669375e-04   -1.183394016317e-16
   2   -4.552972089789e-06   -2.140158432898e-17
   3    1.876196353703e-04   -9.476205507895e-17
   4   -2.237584131565e-04    1.197885200115e-16
   5   -1.504618487608e-04    4.985897877361e-17
   6   -2.165953554848e-05   -3.031887509162e-18
   7    5.171780999910e-04   -2.327413006696e-16
   8   -6.731612412151e-05    5.102974447924e-17
   9   -8.697940188889e-06    1.262593623350e-17
  10    9.975098955432e-05   -6.584046360159e-17
  11   -1.280566196165e-05    2.135092956484e-17
  12   -2.916075977339e-04    1.592760697958e-16
  13   -1.778677238612e-04    8.752718567614e-17
  14   -5.104625357379e-05    9.464932981398e-18
  15    2.730223569849e-05   -6.433908698462e-18
