   0   -5.162234273117e-04   -7.062966007298e-17
   1   -5.824133678969e-04   -7.515771203309e-17
   2    6.267196018631e-04    3.278391876792e-17
   3    1.935369646466e-03    2.232081456319e-16
   4    1.264700711169e-03    1.167879941359e-16
   5    2.066060307641e-04    3.431381558890e-17
   6    1.256420469216e-04    2.625258388840e-17
   7   -9.078029971663e-05   -1.165302012083e-18
   8    1.425199570937e-04    3.497466482432e-17
   9   -9.730358940507e-04   -1.472849694555e-16
  10    1.225691455397e-03    8.889449345629e-17
  11   -1.534584921024e-03   -1.857005224806e-16
  12   -7.618414263404e-04   -8.490989256782e-17
  13   -3.922216970453e-04   -5.205675377974e-17
  14    4.692399490978e-04    3.210069162304e-17
  15   -4.119714585792e-04   -8.003052931226e-18
