   0   -1.537683847795e-03   -2.612131319564e-17
   1    3.276528806367e-04    2.019720073879e-17
   2    2.831476657496e-04   -1.107873800890e-16
   3   -2.962013700284e-04   -6.869403805110e-18
   4    1.125682751577e-06    9.561234500524e-21
   5   -1.215639903257e-03   -1.032530539085e-17
   6    3.111728441730e-04   -1.912474587584e-17
   7   -5.209068697256e-04   -3.925285487672e-17
   8   -4.077001707115e-04   -1.863120836083e-16
   9   -9.575862355620e-05    2.966151842483e-17
  10   -1.482499230802e-03   -6.483456028445e-17
  11   -5.003558014998e-04   -3.037119545166e-17
  12    3.514494541589e-05    1.744405993092e-16
  13   -8.468719840953e-05   -9.426413779498e-18
  14    2.313965369103e-04   -1.112269397054e-16
  15   -1.011421345664e-03    7.412676171489e-17
