   0   -9.823033562404e-05    8.362702285219e-17
   1    1.697797238819e-04   -6.126624145993e-17
   2   -9.521390226018e-05    5.153306787911e-17
   3   -1.620633960867e-04    4.477738080147e-17
   4   -2.502721867236e-04    8.452575224962e-17
   5   -1.334158389266e-04    6.229263239526e-17
   6   -1.877135607091e-04    9.971005787041e-17
   7    7.607382179965e-05    1.728830187576e-18
   8    4.530387872642e-05   -1.818405631095e-17
   9   -5.272228062157e-04    1.980133488908e-16
  10    4.997811146468e-04   -2.193429655819e-16
  11    3.102523260158e-04   -7.264528957393e-17
  12    3.627724400371e-04   -1.500192001542e-16
  13    2.506756555382e-04   -1.001024739106e-16
  14    1.954791539802e-04   -1.184206003936e-16
  15   -1.973661054743e-05   -4.771689003237e-17
