   0   -4.376054600246e-03   -7.344320077072e-16
   1    3.970175173246e-03    3.405010091266e-16
   2    2.604646313908e-03    3.654549291808e-16
   3   -2.226891595027e-04    1.069035093371e-17
   4    1.819527498268e-03    3.803593154778e-16
   5    7.238898553312e-04    1.194996756090e-16
   6    1.196091237222e-04   -2.617028601240e-16
   7   -3.668501135555e-04   -1.776705770189e-16
   8   -3.047233440330e-04   -2.973106592374e-16
   9    1.074260594237e-03    2.003112272292e-16
  10   -2.359867686212e-03   -1.980279636605e-16
  11    1.640817291546e-03   -1.853130137829e-18
  12   -6.839241557826e-04   -1.234902796518e-16
  13   -5.047645832401e-04   -8.642316918913e-17
  14   -1.033238417586e-03    1.336255464001e-16
  15   -1.032393878515e-03   -4.256726607275e-17
