   0   -8.293568405633e-04    1.214967167425e-16
   1    5.137670488001e-05   -3.763217866347e-18
   2    4.015265134733e-04    9.848044657484e-17
   3    4.033016885401e-04    2.481293289728e-17
   4   -2.431701788194e-04   -1.004878143858e-16
   5    1.454515941156e-04   -1.481371000551e-16
   6    4.751430663416e-04   -5.398675861408e-17
   7    2.305289631201e-04   -6.164763050540e-17
   8   -2.431651391788e-04    7.536232754750e-17
   9    5.203809930055e-04   -5.730032600334e-17
  10    8.949095501006e-04   -1.231010102287e-16
  11    7.484238064796e-05    9.683100345104e-17
  12    1.367362006543e-04    2.515451023643e-17
  13    9.044965640210e-05   -6.097901025002e-17
  14    7.054141501510e-04   -5.806442373954e-17
  15   -2.062583792488e-04    1.510792137576e-17
