   0   -7.037386714461e-04    1.178083109755e-17
   1   -1.695426451215e-03    4.953350870113e-17
   2    9.868358812723e-04    3.520842475368e-18
   3   -1.671082442147e-04    1.906997182655e-17
   4   -7.842868436464e-04    1.273181365632e-16
   5   -2.757042344096e-04   -5.070604736057e-17
   6   -5.029123391559e-04   -1.680951464404e-18
   7    6.519996989155e-04   -2.901901351046e-17
   8   -1.444346369873e-04   -6.947604345624e-17
   9    9.098034344698e-04   -1.724798044245e-18
  10    8.027715172125e-05   -4.190484261726e-17
  11   -1.474239321863e-03    3.295609493851e-17
  12   -6.128789913112e-04    4.047239745511e-17
  13   -1.917105700825e-04    1.311937930162e-16
  14    9.602860434295e-04   -5.092554069600e-18
  15   -5.887352136517e-04    1.345169586011e-16
