   0   -1.970823862378e-05   -9.857439754147e-19
   1    3.606669904940e-05   -2.548132612007e-18
   2   -1.137397545862e-04    1.834904346359e-17
   3    6.997862997126e-05    6.678775126017e-18
   4   -9.535981390004e-06   -7.313518535215e-19
   5   -2.348492134129e-05   -8.473272673721e-18
   6   -1.770657715199e-04   -1.329983166799e-17
   7   -8.102343381940e-05    1.275989124470e-17
   8   -1.119469339935e-04   -1.167131216904e-17
   9    4.025787042195e-05    1.992529868081e-18
  10    8.145285155508e-05    5.487111361281e-18
  11    1.219056948431e-05   -2.652364995835e-18
  12   -1.251347324075e-05    1.545896136218e-17
  13   -3.063069551572e-05    9.584286321123e-18
  14   -8.286290476775e-05    1.074240102446e-17
  15   -1.242236526585e-04   -5.078125726780e-18
