   0   -2.343961463786e-04   -3.059552913950e-17
   1    9.746090058561e-04    1.349970092812e-16
   2   -5.039526599931e-04   -2.269174580504e-17
   3    2.639536681219e-04    6.481986895399e-17
   4   -1.842036158863e-04   -1.202197046437e-17
   5    2.009681244812e-04    3.351311839739e-17
   6   -3.150089460044e-04    2.023511428076e-17
   7   -7.681887330884e-04   -6.543327475403e-17
   8    1.518199118882e-04   -2.748607378675e-17
   9    6.600525015768e-05   -7.898002481085e-17
  10    3.475958567756e-04    5.688179222886e-18
  11   -2.741029076529e-04   -1.109020294178e-17
  12   -1.476164763941e-04    3.115991245006e-17
  13    4.320459106338e-04   -2.959426286599e-17
  14    2.613910424309e-05    1.190446720843e-17
  15   -1.232266843383e-04    8.955179167107e-18
