   0   -3.075229961915e-04   -5.062002746363e-17
   1   -3.623229975543e-04    1.301212185038e-17
   2   -3.579968172979e-04   -7.424340725411e-17
   3   -6.514666740502e-05   -1.467907007233e-18
   4   -5.862419213543e-04    1.794604970701e-17
   5   -2.714662778926e-04   -1.066089887574e-17
   6    1.375593040014e-05    3.228293817092e-17
   7    2.413813459138e-04    7.438024427920e-17
   8   -1.176444603590e-03   -4.620469602160e-17
   9    2.893490170337e-04    3.549578856352e-17
  10   -1.595859797328e-04   -4.623208846879e-17
  11    3.259226878273e-04    5.797514660718e-17
  12    9.170230104736e-04    6.379204668789e-17
  13    8.683968945076e-04    1.695764866602e-17
  14   -1.352547683838e-03   -9.769003691851e-17
  15   -1.080686542855e-03   -1.395635912887e-16
