   0   -1.355723572203e-06   -2.585388419074e-18
   1    3.209135256032e-05    2.878961169893e-17
   2    5.267554066517e-05    5.100220238604e-17
   3   -3.960632501857e-06   -8.171657827282e-18
   4   -8.503167124772e-06   -8.495652022676e-18
   5   -2.832927189806e-05   -2.571951277268e-17
   6   -2.232634172969e-05   -2.309813278482e-17
   7   -3.715751752849e-05   -3.711051839505e-17
   8   -7.790673422597e-05   -6.937251022439e-17
   9   -3.525588284027e-05   -3.413386840295e-17
  10    9.659474167206e-06    1.024454794259e-17
  11    7.630999161525e-06    6.500607500579e-18
  12   -1.924629296906e-05   -2.041981836284e-17
  13    1.543131163543e-05    1.212850134849e-17
  14   -5.992952856161e-06   -4.938716111129e-18
  15   -5.559325585435e-05   -5.326719149480e-17
