   0   -2.038098056898e-04    9.509857682571e-17
   1    4.306390350361e-05   -1.004690604039e-17
   2    3.126660199032e-04   -2.856635342412e-17
   3   -5.548657396678e-05   -3.143419270907e-17
   4    2.887564976060e-04   -4.042294690550e-17
   5    5.142889039411e-04   -1.405894555693e-16
   6   -5.935349918043e-04    4.654443110606e-17
   7   -4.952414221289e-04    9.335127543095e-17
   8   -1.363692512733e-04    1.279553924194e-17
   9    5.634510509711e-04   -1.330393802453e-16
  10    4.494293732117e-04   -1.191176753028e-16
  11   -5.448789336492e-06    1.712097767437e-17
  12    9.078048151373e-04   -2.086229630520e-16
  13    2.232878045960e-04    1.795643943710e-18
  14   -2.239536688759e-04    7.919349399995e-17
  15    3.573535844832e-04   -4.216201582505e-17
