   0   -1.696287907609e-03    2.194831832173e-16
   1   -2.760887515542e-03    2.151965478108e-16
   2   -2.591726797170e-03    1.402367422224e-16
   3    7.383142430110e-04    1.625058166445e-17
   4    9.567976270304e-04    3.412373174345e-17
   5   -2.845460469044e-05    8.871963479092e-17
   6    1.063875089157e-03   -5.968242018479e-17
   7   -1.834138319436e-04   -1.024481735310e-16
   8   -3.025668266650e-03    2.198852622996e-17
   9    1.243294694534e-03   -1.261607933181e-16
  10    1.020251398100e-03   -8.429557708238e-17
  11   -1.108041554441e-03   -1.062128502595e-17
  12    4.986869106786e-04    6.833383713618e-17
  13   -2.986402535401e-03    2.435039736001e-16
  14   -1.357559961355e-03   -5.849458402769e-17
  15    4.550965772432e-04   -2.489257221274e-16
