   0   -2.299686333110e-04   -7.744660127558e-17
   1   -4.538238415929e-04   -5.621373014061e-17
   2   -2.704877430423e-04   -3.376076425607e-17
   3   -4.707570881422e-04   -5.738141547359e-17
   4    6.546964659299e-04    1.641170529603e-16
   5   -6.059246877716e-04   -1.087632007691e-16
   6    1.327202653300e-03    2.133794746878e-16
   7    4.694591524868e-04    7.231545829761e-17
   8    6.749817620857e-05    5.008899052425e-17
   9   -1.391113553076e-04   -1.163893274491e-17
  10    1.302134933681e-04    4.886396564958e-17
  11   -5.022414977009e-04   -1.552821193790e-16
  12   -4.759416611609e-04   -8.687599056658e-17
  13    2.924969394519e-04    4.588489472078e-17
  14    2.401349790467e-04    5.053689279435e-17
  15    2.095858791410e-04    5.549460891479e-17
