   0   -2.119712450449e-03    2.044601600844e-17
   1   -2.540177857622e-04    8.812065205919e-17
   2    1.206982250536e-03    4.529397254302e-17
   3   -8.487619421526e-05    1.574385527015e-17
   4    1.109445015016e-03    1.173254338576e-16
   5    6.347479712295e-04    6.338827190468e-17
   6    1.736830967021e-03    2.267527475318e-16
   7   -1.365083481517e-03    1.905977065564e-16
   8   -2.085411835451e-04    1.339048622595e-16
   9   -3.935443004451e-04    5.301303638971e-17
  10    1.198168603602e-03   -6.711660880247e-17
  11    6.927020877537e-04    1.908963692367e-16
  12    2.234432618789e-03    5.567326841316e-17
  13    1.192852281487e-04   -1.845894361831e-16
  14    4.286107640111e-04    1.326739612452e-17
  15   -2.506434280631e-05    1.208810077400e-19
