   0   -8.650927347030e-05   -1.239146938440e-17
   1    3.632333342781e-05    1.568829719689e-18
   2    8.290193559708e-05   -1.678031423769e-17
   3    2.800255318180e-04    2.625097076793e-17
   4   -1.682365392991e-04   -4.509290364307e-17
   5   -3.361468213058e-04   -5.402065525865e-17
   6   -6.035819544810e-05    2.252537120350e-17
   7    2.856479011497e-04    1.116430426367e-17
   8   -2.215657185835e-04   -2.619460892906e-17
   9    3.392468760210e-05    3.462285252082e-18
  10    4.363588585246e-04    7.501405137692e-18
  11   -4.917171185216e-05   -5.928325642789e-17
  12   -9.335754878685e-05   -4.904687700913e-19
  13   -1.405972966072e-04    2.567427623863e-19
  14   -7.981774582208e-05   -4.702139003036e-17
  15    2.378844239760e-07   -1.753754450900e-17
