   0   -9.034140744451e-04    8.008752962230e-17
   1   -5.903846353257e-04    9.483855106669e-18
   2   -4.969405052183e-06    2.024215093226e-17
   3    5.248365415888e-04   -1.033508721251e-16
   4    8.584593084106e-04   -3.805114799330e-17
   5   -1.816911885446e-04   -5.294472550685e-18
   6    3.875874320315e-04    6.179077355899e-18
   7   -3.912158884062e-04   -3.271408949174e-17
   8   -1.661677218291e-03   -1.310776551164e-17
   9    3.106065133230e-04   -2.044157248752e-17
  10   -5.167338062826e-04   -7.128634273634e-18
  11    9.268981082946e-04   -4.775865374872e-17
  12    1.282649363266e-03   -1.013561649299e-17
  13    1.954297233431e-05    5.252544555146e-17
  14   -1.070175586778e-03    1.341969474485e-16
  15    3.130520813155e-05    3.865616367979e-17
