   0   -1.024566464410e-05    7.107392404097e-19
   1    9.817821434462e-05   -4.826777790918e-18
   2    1.407439411479e-04    9.348836487043e-20
   3   -4.884354403364e-05   -8.966956278410e-18
   4   -5.435458203497e-05    4.017499725388e-18
   5   -1.617158237578e-05    1.982387829956e-18
   6   -4.585121492651e-06   -8.725206129117e-18
   7   -2.933579825209e-04    2.367913117266e-17
   8   -1.108487992439e-04    3.844776991620e-18
   9    1.139926157123e-04   -1.821602158596e-18
  10    1.402050255367e-04   -2.020037134551e-18
  11    6.100738271780e-05    3.214510724071e-18
  12    1.800748102346e-04   -1.122104736604e-17
  13    1.432375144626e-04    5.337543383690e-18
  14   -7.569513419232e-05    2.980846055722e-18
  15   -9.407547063332e-05    1.818852019682e-17
