   0   -1.016625580320e-03    8.495755163644e-17
   1   -1.543330575224e-04    1.352846249821e-17
   2   -2.115767327636e-03    3.530694489899e-17
   3   -1.120986908271e-03   -7.351711243692e-17
   4   -2.228635483631e-03   -9.535533581467e-18
   5   -2.689037677118e-03   -9.177403608714e-19
   6   -9.939824516787e-04    1.123306129663e-16
   7   -1.208044277357e-03    1.212749917821e-16
   8   -8.602472953306e-04   -1.481300438933e-16
   9   -1.399411951260e-03    7.263274833607e-17
  10   -8.918579348464e-04   -2.291279258363e-17
  11   -1.164914053832e-03   -3.274277875360e-17
  12    1.637952128519e-03   -2.242166708076e-17
  13    7.215656455019e-04   -2.307016866501e-17
  14   -9.849089322142e-04   -1.039822928732e-16
  15    1.248265996648e-03   -1.158758237937e-16
