   0   -3.113127555680e-04   -1.018619606450e-16
   1   -1.230113412336e-03   -2.208362365080e-16
   2   -1.407832464366e-04   -8.571651914602e-17
   3   -3.850210676096e-04   -1.276328780572e-16
   4   -2.940920428821e-04    2.044727513312e-17
   5    5.917658609989e-06    8.803668441406e-18
   6    1.366402096076e-04    6.936764461085e-17
   7   -3.473307588225e-04   -9.796011138730e-17
   8   -3.398657500009e-04   -9.477994696571e-17
   9    9.887373581544e-05   -1.124856302857e-17
  10   -1.723445571014e-03   -3.152579030258e-16
  11   -3.948401766644e-04   -7.634942685186e-17
  12    6.279518851714e-05    3.182105835316e-17
  13    2.495056391941e-04    1.230924157532e-16
  14   -2.047402718406e-04   -4.524895204407e-17
  15    3.752102168009e-04    8.097348738935e-17
