   0   -2.679396514744e-04    7.996158614735e-17
   1    3.479910657845e-04   -3.193532149727e-17
   2   -4.710454938988e-04    1.538835699636e-16
   3   -4.181184743016e-04    1.114571628322e-16
   4   -5.492724881446e-04    5.106580997947e-17
   5   -2.394515819816e-04    2.300876542858e-17
   6   -6.463179030033e-05    3.690370716248e-17
   7    6.447953856620e-04   -1.707232315960e-16
   8   -1.754160973876e-05    2.617482949184e-18
   9   -2.790470835459e-04    8.926637958965e-18
  10    2.017778476439e-05   -1.028007666102e-17
  11   -2.870797411538e-04    1.100772189838e-16
  12    6.002877716310e-04   -1.186492790023e-16
  13   -2.806732670727e-04    9.640011126576e-17
  14    4.208610295471e-04   -4.826058787222e-17
  15   -3.261055597273e-04    8.679264636667e-18
