   0   -4.304792590446e-06   -9.213960304460e-19
   1    2.383084198927e-05    8.078747977572e-18
   2    4.244839271096e-05    1.007119441618e-17
   3   -7.715323141383e-05   -2.267848716176e-18
   4    1.143719509902e-05    9.516570534743e-18
   5    2.285327322701e-05    8.665175793081e-18
   6   -3.468947067395e-05   -7.179228983315e-19
   7   -4.940999335177e-06   -1.910878775504e-18
   8   -5.173543908054e-05   -1.221683724138e-17
   9   -3.585316475628e-05   -4.067347305588e-18
  10   -3.881199874441e-05   -5.766095154447e-18
  11    2.458496850099e-05    2.631078258652e-18
  12    3.645634787152e-05   -5.773107489114e-18
  13   -3.820663571102e-05   -1.076898749492e-17
  14   -5.267105177896e-05   -4.254751053008e-18
  15   -3.270453838241e-05   -1.426891884304e-18
