   0   -2.308395397592e-05   -1.920294466476e-17
   1   -3.636447715761e-05   -2.152631587479e-17
   2    3.170767648749e-04    1.201488497791e-16
   3   -8.054901391130e-06   -2.788742809720e-17
   4    3.668521599650e-04    1.557879057260e-16
   5    9.344159989314e-05    4.740046796263e-17
   6   -2.035094223998e-04   -8.891443524367e-17
   7   -2.557332414561e-04   -9.623404937059e-17
   8   -1.138475104383e-04   -5.268755196206e-17
   9    1.705592030035e-04    7.680946270441e-17
  10    7.312043605240e-05    3.894814248225e-17
  11    1.142754601449e-04    4.433091003871e-17
  12    1.414773848549e-04    2.950785773036e-17
  13    5.096919888909e-05    3.560218807952e-17
  14   -1.990440534193e-04   -6.625393267062e-17
  15   -2.780292236053e-05   -1.529817215373e-17
