   0   -7.436221993527e-04    4.238521970044e-17
   1   -4.073577165008e-05   -8.966453541343e-17
   2   -1.690528719191e-04    6.536817911482e-17
   3    1.069340830843e-03   -1.818511026818e-16
   4    2.485178100257e-04   -4.341273775076e-17
   5   -2.195343388268e-05   -5.386962799374e-17
   6   -7.236303516339e-04    8.512796163134e-18
   7    9.109078245448e-04   -1.016480023780e-16
   8   -1.287448298970e-04    1.308247789213e-16
   9   -3.280559329189e-04    1.334774627287e-16
  10    1.868563240564e-04    7.339015928364e-17
  11    1.141101513381e-03   -5.068553154290e-17
  12    3.664674362336e-04    3.194120470778e-17
  13    3.586569809309e-04   -2.838651771561e-17
  14    1.464200224005e-04    1.882183383532e-18
  15    1.466070502965e-03    1.574101675856e-17
