   0   -2.067695219963e-05   -1.110647318785e-17
   1   -2.100294639580e-06    4.989157664985e-18
   2    1.627834140048e-04    5.179639337226e-17
   3    5.074422283534e-05    1.413328320848e-17
   4    1.780584709586e-06    4.782140071897e-19
   5   -2.232616839365e-05   -1.205424506819e-17
   6    4.859384078112e-05    9.517034713014e-18
   7    1.299193300825e-04    2.479581372548e-17
   8   -5.799006084167e-06    3.995789805634e-18
   9    5.284009926714e-05    1.570585491418e-17
  10    1.617351736546e-04    6.766973615658e-17
  11    6.510891634597e-06    5.282516671300e-18
  12    4.295383150173e-05    9.516808979435e-18
  13    1.707231120864e-05    1.316740809767e-17
  14    4.104728491668e-05    5.975727081431e-18
  15   -9.122846186088e-05   -3.863686084815e-17
