   0   -2.123064048669e-03   -5.320165189255e-16
   1   -1.796598922341e-05   -1.710639736198e-16
   2    9.492373252669e-04    6.777878646427e-17
   3   -2.956862797316e-04    1.573427850357e-16
   4   -3.202427630332e-03   -4.472864764072e-16
   5   -2.143680110023e-04   -4.732130767172e-17
   6    4.205197564909e-04    1.856929445431e-16
   7    2.014091268023e-03    1.756214170645e-16
   8    1.005898771065e-03    1.771890233029e-16
   9    7.600689897309e-04    2.691609453189e-16
  10   -5.584383468917e-05   -1.758098595250e-16
  11    1.299753575623e-03    1.270431769669e-16
  12    1.139742490585e-03    3.269630356442e-16
  13    1.146528110004e-03    3.111171630174e-17
  14   -1.768879050859e-03   -2.724017427087e-17
  15   -2.266700364478e-03   -1.151921666894e-16
