   0   -8.583355009143e-04    0.000000000000e+00
   1    3.539238926250e-04    0.000000000000e+00
   2   -2.042021116116e-04   -5.529523255160e-17
   3   -9.960493201838e-04   -1.008324828882e-16
   4   -2.042255315395e-03    5.204257181325e-17
   5   -5.324469218221e-04    6.830587550491e-17
   6   -2.199951489099e-03   -3.252660738328e-17
   7    1.075495796806e-04    2.602128590663e-17
   8   -1.123737374238e-03    3.252660738328e-18
   9    4.629944909618e-04   -5.854789328991e-17
  10    7.682206453080e-04    5.854789328991e-17
  11    7.074284856068e-04   -7.481119698157e-17
  12   -4.368460755905e-04    0.000000000000e+00
  13   -7.238528172824e-04    1.496223939631e-16
  14    7.707874105376e-05   -6.180055402825e-17
  15    1.648204581871e-04   -4.228458959828e-17
