   0   -2.085210281955e-05   -2.027893531845e-17
   1   -2.404031222946e-04   -1.047301864940e-16
   2    1.447401933811e-04    7.342268018129e-17
   3   -3.085068235672e-05    7.812461662098e-18
   4    6.913166708169e-05    4.831794104710e-17
   5    1.170215470228e-04    4.879089761552e-17
   6   -1.133003592224e-04   -4.799539313895e-17
   7    1.577133417117e-04    7.871700932763e-17
   8   -9.453696286264e-06    2.500707396876e-18
   9    2.803132373252e-05    3.289539805562e-17
  10   -5.484321525986e-05   -3.579338323157e-17
  11   -2.752900974350e-06    9.814798812130e-18
  12   -3.320608452168e-08    9.109374223442e-18
  13    1.257052697495e-04    5.706920010183e-17
  14    5.562576833902e-05    3.769482479388e-17
  15   -1.018239946907e-04   -4.545677816935e-17
