   0   -1.781329615199e-04   -1.066878271933e-16
   1   -2.320398145865e-04   -9.615888226492e-17
   2   -4.108314187038e-05   -4.638364138450e-17
   3    1.701257982824e-04    3.316477420975e-17
   4   -2.368672573197e-04   -4.574237592598e-17
   5   -2.969081823535e-04   -6.224052907997e-17
   6    1.061924865554e-04   -1.265272997972e-17
   7    1.915960179549e-04    5.441202611733e-17
   8    3.908704069161e-05    2.652280658465e-17
   9    2.286516922112e-04    9.810782176755e-17
  10   -3.697891744922e-05    2.262226744904e-18
  11   -4.243130582165e-05   -3.937848731478e-17
  12    6.606701272542e-05    4.497468951134e-17
  13    6.343493709737e-05    2.788695578376e-17
  14    2.297815165397e-04    2.139384069734e-17
  15    1.776827524532e-04    2.950068739829e-17
