   0   -2.148887856816e-04    4.556959166411e-17
   1   -8.148738797780e-04    4.408697951653e-17
   2   -4.497386268534e-04    1.013930939330e-16
   3    4.187580057537e-05   -4.349976800297e-17
   4    1.336815895365e-04    4.441513027960e-17
   5    4.025055107130e-04   -5.407031548992e-17
   6    1.845462323576e-04    2.437455081413e-17
   7    9.998271648484e-04   -1.418169950059e-16
   8    4.214342981074e-04    4.139613450022e-18
   9   -4.734244507329e-04    7.623726495548e-17
  10    3.482790691528e-04    5.386367650805e-18
  11    9.686910063024e-05   -8.643607480591e-18
  12   -3.468236354116e-04    2.700902010722e-17
  13    2.535872461873e-04    3.170145656587e-17
  14    4.210490767723e-05    2.971278336990e-17
  15   -2.327531649377e-04    2.666861788640e-19
