   0   -7.701596866814e-04   -1.232425319847e-17
   1   -5.990748137654e-04    2.909843730202e-17
   2   -5.078237697065e-04    3.907173615817e-17
   3    3.454049154225e-04    8.287126592448e-17
   4   -6.650572248723e-04   -1.456438092751e-17
   5    2.010231761336e-04    6.014860973110e-17
   6   -1.158464801190e-03   -4.007962862026e-17
   7   -4.293952213998e-04   -1.544077368633e-16
   8   -2.043296297739e-04   -3.244549530904e-17
   9   -1.485107549923e-06    4.928513029614e-17
  10   -4.041639900291e-04   -1.863907401161e-17
  11    6.012842821566e-06   -3.384358692404e-17
  12   -5.613826012650e-04   -4.146443933330e-17
  13    2.980748944481e-04   -4.691208500890e-17
  14   -6.082582414640e-04   -2.951524293710e-17
  15   -9.065675540155e-04   -9.660437561735e-17
