   0   -1.570165953161e-04    1.947650575417e-17
   1   -5.152684031586e-06   -1.498339659861e-17
   2    1.894372566220e-04    1.885693805341e-17
   3   -1.701255398492e-05   -1.981255707666e-17
   4    3.856339382848e-05   -1.630351205061e-17
   5    9.475489699549e-05    3.864097825483e-17
   6   -3.921358083515e-04    4.101461949610e-17
   7   -3.874342733717e-04    6.993778642361e-17
   8   -7.298680391325e-05    3.531435081196e-19
   9   -1.435736172515e-04    7.513333234612e-18
  10    2.046281291773e-05   -1.518090438117e-17
  11   -1.125240436292e-04    5.587622139869e-18
  12   -2.519721950077e-04    5.458046125680e-17
  13   -3.428810145812e-04    1.013623130188e-17
  14   -5.209389496660e-04    5.178541689287e-17
  15    1.336450462418e-04    1.118776879963e-17
