   0   -1.558072477437e-04    1.108648936747e-17
   1    6.906352887145e-05   -4.541725946154e-17
   2   -3.103684597638e-04    9.656347261999e-18
   3   -2.954470815686e-04   -1.304749798624e-17
   4   -3.149975100283e-04    2.783658288617e-17
   5    4.087495163213e-04    1.455971633331e-17
   6   -7.996760605743e-05   -1.378468021983e-17
   7    1.046557117033e-05   -1.700207373753e-17
   8   -4.962405219532e-04    3.705639282435e-17
   9    5.011833859393e-06   -3.205196584715e-17
  10    5.438040683626e-05    3.608521457059e-18
  11    9.160525338155e-04   -1.457538627579e-17
  12    2.088365495466e-04   -1.713057706073e-17
  13    6.945811260065e-05    2.524507192225e-17
  14    3.671481971279e-04   -3.800684510811e-17
  15    1.124423784497e-04   -3.725989571791e-17
