   0   -1.009279667710e-03    5.643336857892e-17
   1   -1.335919381327e-04   -2.095473550129e-17
   2    1.434897007284e-04    3.042593594114e-18
   3    5.664201095083e-05   -1.569189702219e-17
   4   -2.076219571407e-04    2.696705223995e-17
   5    1.779435659078e-04   -4.377275370877e-17
   6    5.266056409191e-04   -5.352038660880e-17
   7    2.845085260352e-04   -3.969784589953e-17
   8   -9.133578923123e-04    3.258914627813e-17
   9   -1.407866074006e-03    2.227685120966e-16
  10   -9.141214015046e-04    1.595855711983e-16
  11   -1.153771642762e-04   -4.262648371020e-17
  12    1.136999577614e-03   -1.164374346469e-16
  13   -6.552337799890e-05   -3.343900188282e-17
  14    3.060481523963e-04   -1.143688308848e-16
  15    3.144928872243e-04   -1.428216067396e-16
