   0   -4.011338463091e-05   -2.953276938624e-17
   1   -9.154787497982e-05   -2.807496182416e-17
   2   -1.560372050192e-04   -7.431568330870e-17
   3    5.506862049249e-05    1.956848735726e-17
   4    3.047275749227e-05    1.262383650396e-17
   5    1.056239707497e-04    4.872614586774e-17
   6   -2.506452971954e-04   -8.664129228306e-17
   7   -4.947048782893e-04   -1.877341443340e-16
   8   -5.439507354788e-04   -2.051591784848e-16
   9   -2.288611213008e-04   -9.268540885033e-17
  10   -1.766147385910e-05   -9.314118454684e-18
  11    1.245608377427e-04    2.827382656983e-17
  12   -4.938139690565e-05   -2.005382640228e-18
  13    5.742398607248e-05    5.418727190661e-17
  14   -1.857734152957e-04   -8.737154606356e-17
  15   -6.829314320050e-05   -2.232716420771e-17
