   0   -2.708407395699e-04    6.943058459111e-17
   1   -5.509330349097e-04    7.975201556914e-17
   2    6.798420346080e-04   -8.165809493537e-17
   3    2.482986151002e-04   -2.086320826269e-17
   4   -2.012632527017e-04    3.127848779843e-17
   5   -2.563466641548e-04    7.305415340513e-17
   6   -1.077578310765e-03    9.792306175915e-17
   7   -2.521384027701e-04   -3.163112174287e-17
   8   -5.928409622234e-04    1.216660204980e-16
   9   -7.771316078735e-05    6.112034298873e-17
  10   -8.946846240531e-04    1.658365064043e-16
  11    2.384938671133e-04    4.146093877756e-18
  12   -2.765040249382e-04    2.813270717439e-17
  13    3.098589746868e-04    4.134400539597e-18
  14   -2.569963150020e-04    7.313742307529e-17
  15    1.564265071623e-04    2.745500726397e-17
