   0   -5.523883388655e-06    3.653091215542e-18
   1    6.361754948340e-05   -2.051411980122e-17
   2    6.915511277427e-05   -2.391079937179e-17
   3    2.480169955026e-05   -1.759467538308e-17
   4    3.725625905928e-05   -1.284114839854e-17
   5    9.525762494748e-05   -4.115280051197e-17
   6    3.376406437463e-05   -1.194734280496e-17
   7    5.192975224709e-05   -1.456191329609e-17
   8   -2.679186188788e-05    1.813838594417e-18
   9   -7.857377716787e-05    2.128463427816e-17
  10    7.847357118795e-05   -2.307804544415e-17
  11    8.574139279422e-05   -2.365470184102e-17
  12    3.531223897611e-05   -1.193739718138e-17
  13   -1.669597274218e-05    2.091591586147e-17
  14   -2.723804023474e-05    1.161597161937e-17
  15    1.002787616749e-05   -7.490812192019e-18
