   0   -2.888785604720e-04    2.264379067436e-17
   1   -1.705624693610e-04    8.571765336203e-18
   2   -4.923530525995e-05    3.589534452317e-17
   3    3.585320141487e-04   -1.971274137937e-17
   4   -4.331416932575e-05    4.698517528202e-17
   5   -1.867328917285e-04   -2.664714270148e-17
   6   -6.412858082250e-04    1.628833702693e-16
   7   -2.558507391375e-04    2.701029289932e-17
   8    6.793956844230e-04   -6.625390161929e-17
   9    8.464727390308e-04   -5.770622156228e-17
  10    1.475285142855e-04   -4.352167383707e-17
  11    4.983487205953e-04   -2.519251846698e-17
  12    2.924285740188e-04   -2.026116736859e-18
  13   -1.268226252435e-04    2.384033111643e-17
  14   -5.083192426151e-04    1.048742847328e-17
  15   -1.071589539940e-03   -1.402242819701e-18
