   0   -1.249808998521e-03   -1.569972498108e-17
   1    5.827560170818e-04    3.660202963045e-18
   2    4.517258342721e-04   -6.781154033802e-17
   3   -6.198193642917e-04   -7.454175469164e-17
   4    6.470147548475e-04   -1.058342724298e-16
   5    2.482235722769e-04   -8.871436368838e-17
   6   -1.004390071448e-03   -6.518239177178e-17
   7   -2.030556850168e-03    2.649569004168e-17
   8    1.308350717583e-04   -7.028107067547e-18
   9    3.716805211087e-04    1.318572005886e-16
  10   -3.227544568172e-04    8.039638391301e-17
  11   -1.703569015023e-04   -1.284477983184e-17
  12    4.589436456976e-04   -3.636675638703e-17
  13    1.496905964856e-04    1.343878464793e-16
  14   -8.099206238659e-06    1.176970674609e-16
  15    5.638616737693e-04    3.685601362424e-16
