   0   -9.049840716877e-06    4.007854471541e-18
   1    1.732652972025e-05    4.513043122674e-18
   2    1.258162559163e-04   -1.817413727687e-17
   3    3.994330289783e-06    7.131235115665e-18
   4    2.871917450681e-05   -2.138880774018e-17
   5    5.008698546341e-05   -2.144450150091e-17
   6    1.530810844031e-05   -4.057685729262e-18
   7    3.201487181616e-05   -5.085200141074e-18
   8    6.417131755553e-05   -8.197822088808e-18
   9    7.237994915494e-05   -1.001547843714e-17
  10    2.958823351608e-05   -8.555718461292e-18
  11   -8.682314930550e-05    2.223134233195e-17
  12   -1.176361641305e-04    2.905433972557e-17
  13    3.778400418369e-05   -1.638230869096e-17
  14    1.012258120051e-04   -6.383248624130e-18
  15    1.273736996889e-04   -1.618109055806e-17
