   0   -2.100101192648e-04   -6.113838144773e-17
   1    3.084326398014e-04    2.076205637973e-17
   2   -5.195758037190e-04   -9.815441219188e-17
   3   -2.686036459411e-05   -8.435504847934e-17
   4    3.178306540365e-04   -4.383505917080e-17
   5    6.847900730660e-04    1.270298082072e-16
   6    1.370222892145e-03    2.235839841605e-16
   7    1.762316560102e-03    2.243456912129e-16
   8   -6.527132995383e-04   -8.213807569183e-17
   9   -2.252521959881e-04   -1.026316910959e-17
  10    2.447775899476e-04    2.758543937770e-17
  11    1.206327271923e-04   -2.427215673323e-17
  12   -4.437821704379e-04   -1.225177534787e-16
  13   -7.356181071406e-04   -1.537352226483e-16
  14    2.529039527374e-04    3.842174595189e-17
  15   -3.860242986859e-04   -1.487151032809e-18
