   0   -2.181483812748e-05   -1.348216305200e-17
   1   -9.356774136459e-05   -7.134825238204e-18
   2   -2.230382007878e-05    6.589979455967e-18
   3    1.399351935829e-04    3.390807186587e-17
   4    2.292341353606e-04    5.424303252044e-17
   5   -1.412709009322e-04   -4.313608405110e-17
   6   -1.466962160443e-04   -3.288605131723e-17
   7    9.533461215828e-05    1.908879645271e-17
   8    2.341511053855e-05    2.745883203266e-17
   9   -1.371760028781e-04   -2.268454977507e-17
  10   -2.130290450200e-05   -8.657066007727e-18
  11    2.392008536516e-04    6.665668914691e-17
  12    1.517425987413e-04    4.792761522168e-17
  13    3.073201452570e-04    1.053369971611e-16
  14   -3.139071246537e-05   -1.403441143773e-18
  15   -3.603395963045e-04   -1.097941994122e-16
