   0   -1.398073263590e-05    2.407704522954e-17
   1   -6.943226442036e-05    9.299641881230e-17
   2    1.177629920347e-04   -1.047242729785e-16
   3   -1.615968971077e-04    1.383175364351e-16
   4    7.578780404899e-05   -6.027786866402e-17
   5    1.070973511924e-04   -9.554030803010e-17
   6   -1.309210328072e-04    1.152241495355e-16
   7   -2.139997643614e-04    1.996303097787e-16
   8   -1.655660849565e-04    1.409050798829e-16
   9    1.262520040042e-05   -2.581567446266e-17
  10    9.366749278378e-06   -9.726001895642e-18
  11    1.123934714825e-04   -9.428898820024e-17
  12   -1.624288451925e-04    1.265802658124e-16
  13    8.656354690048e-06   -2.281330415375e-17
  14    1.156451832125e-04   -9.708897059157e-17
  15   -1.405307168327e-05    2.206372755469e-17
