   0   -1.192397552964e-03    1.456814865765e-16
   1   -1.905515400369e-03    2.544174640621e-16
   2   -5.882110856152e-04    5.126731584526e-17
   3    1.693452940314e-03   -8.044669057418e-17
   4   -3.479687611168e-04    8.259616103142e-17
   5    4.241343975163e-04    3.543020716792e-17
   6    2.397763095856e-03   -1.503073937080e-16
   7    1.380064294174e-03   -9.963975349679e-17
   8   -1.943290941815e-03    8.037380922426e-17
   9    1.227007112755e-04    5.384407736022e-17
  10   -4.812338324795e-04    2.561372099120e-18
  11   -1.611973560880e-03   -2.420749840288e-17
  12    7.449461919374e-04    3.116746755198e-17
  13    1.803854771337e-04    8.865748490293e-17
  14    1.173531229539e-04   -7.617584438325e-17
  15   -8.317518181556e-04    1.044818758779e-16
