   0   -5.068868552686e-04    8.498546625349e-17
   1   -1.237851919082e-04   -4.211401098809e-17
   2    5.956833062518e-04   -8.743019914781e-17
   3   -3.370974496795e-05    6.781480101592e-17
   4   -2.666766989749e-04    5.235059279518e-17
   5    5.740691678913e-04   -5.812297062389e-17
   6   -2.572310309423e-04    7.655448020881e-17
   7   -2.653326378659e-04    2.246468333101e-18
   8    1.192835393673e-03   -1.774830999403e-16
   9    1.204736662540e-03   -1.634833576689e-16
  10    4.583272582599e-05   -3.842194301849e-18
  11   -1.116302168594e-03    5.358734883911e-17
  12   -1.203675480841e-03   -3.407183245976e-17
  13   -7.972443168917e-04    7.433235048621e-17
  14   -4.659340084279e-04    2.906133286112e-17
  15   -4.830231530613e-04   -1.949752112464e-17
