   0   -1.766269054475e-04    2.950996235571e-17
   1    9.300516668514e-05    1.878954118227e-17
   2   -4.472912730243e-04    5.507160015234e-17
   3   -4.037904982045e-04    2.782968156634e-17
   4   -3.458831149412e-04   -6.157299749398e-19
   5   -1.307638263435e-03    1.180899020498e-16
   6    1.758718071943e-04    1.481806024548e-17
   7    3.252563610995e-04   -1.684263681514e-17
   8    6.179347617616e-04   -6.637574504639e-17
   9    9.810545827967e-04   -5.539594254420e-17
  10   -2.867441808058e-04    3.296936316925e-18
  11   -1.083610301711e-04   -2.751768596555e-18
  12   -4.925855353196e-04    4.705138748381e-17
  13   -2.722089616279e-04    7.733310354142e-17
  14   -1.623769449106e-05   -1.594538814883e-18
  15   -3.779188545866e-04    3.452141622370e-17
