   0   -2.080876362565e-03   -1.215471023893e-16
   1    1.491438788975e-03    1.823627281060e-17
   2    2.885023932516e-04    5.907055426378e-17
   3   -1.782271060308e-03   -6.218148510845e-17
   4   -1.270969310462e-03    1.858947887407e-17
   5   -5.384686405315e-04    1.463364236272e-16
   6   -3.998371849237e-03   -1.319688294569e-16
   7   -6.408881671755e-03   -6.056461971183e-17
   8    6.470517406463e-04    8.980010663896e-17
   9    2.449053360664e-03    1.576223001068e-16
  10   -4.675095004119e-04    2.686173602063e-17
  11   -1.229382986593e-03    1.362866783696e-16
  12   -9.682434479045e-05   -1.142460046291e-16
  13    3.435705977727e-04    1.062590257779e-16
  14   -2.165130868479e-04    1.658683016765e-16
  15   -2.030048003495e-04    1.662628212913e-16
