   0   -4.063459293938e-06    6.266372648316e-18
   1    8.865473599317e-05   -6.074928995921e-17
   2   -1.232341814686e-05    1.196393075817e-17
   3    2.508810444375e-05   -1.531614648240e-17
   4    4.509785662174e-05   -3.253533402124e-17
   5   -1.004837368427e-05    6.405142958548e-18
   6   -5.705880917477e-05    4.421978068485e-17
   7   -8.554861182901e-05    6.887282417688e-17
   8    1.779353637275e-05   -2.267191252127e-17
   9    1.375529624814e-04   -9.621495157354e-17
  10    1.817628494313e-05   -2.207183999199e-17
  11    3.865435719858e-05   -2.040541619348e-17
  12   -7.442181330884e-05    5.917435762231e-17
  13    6.644379610992e-05   -4.496603260976e-17
  14   -1.815620837663e-07    2.154187156837e-18
  15   -5.519125792911e-06    7.612583399311e-18
