   0   -6.708422642557e-04    1.035196842431e-16
   1   -7.602327532900e-05    1.449233030524e-17
   2   -4.138244617359e-04    2.330260732022e-17
   3   -2.544047981703e-04    1.173975748479e-16
   4    1.823622314392e-04   -8.308355459957e-17
   5    5.329711151491e-04   -2.386890590112e-17
   6    2.090259755766e-04    2.412994199987e-17
   7    1.460068411295e-05   -3.563309911900e-17
   8   -4.347017355653e-04    5.079334578907e-17
   9    1.300736980384e-04   -1.020535285737e-16
  10    7.049225754893e-04   -1.119002953946e-16
  11   -1.465205384914e-03    8.141910674692e-17
  12   -3.925340188303e-04    1.136774083367e-16
  13    1.635306704381e-04   -1.115267269430e-18
  14    6.059800950599e-04    1.938227197299e-17
  15   -1.872701314099e-04   -3.155964039049e-17
