   0   -1.024706719396e-05   -3.553939430074e-17
   1   -5.776683146378e-05   -9.804255283446e-17
   2   -3.339777401010e-05   -7.071010251586e-17
   3   -4.800085543168e-05   -8.572724923652e-17
   4   -1.279449240804e-04   -2.360882710747e-16
   5   -1.940727745666e-05   -3.472083016794e-17
   6   -9.179343530512e-05   -1.527842157246e-16
   7   -1.394656628304e-04   -2.397185527517e-16
   8   -2.232204551774e-05   -4.937103929161e-17
   9   -7.160903858404e-06   -1.312869151426e-17
  10   -2.508517616533e-04   -4.197264145331e-16
  11   -1.642005654807e-04   -2.747933032948e-16
  12    1.708399668131e-06    4.028760695723e-18
  13    7.781029009157e-05    1.189400551783e-16
  14   -8.124321369468e-05   -1.419520836731e-16
  15   -4.862000126329e-05   -8.964407715173e-17
