   0   -3.010251544038e-05    5.360364173401e-17
   1    3.937125435449e-05   -3.018119845872e-17
   2    2.904177954769e-04   -2.390816969961e-16
   3    1.981033119981e-05   -1.215596818527e-17
   4   -1.658987526082e-06   -3.395976247006e-18
   5    1.940300291939e-04   -1.678818762298e-16
   6   -1.891505638562e-04    1.866844638828e-16
   7   -8.430275213855e-05    7.323168799844e-17
   8   -6.216152030319e-05    6.387345719094e-17
   9   -3.106158639611e-04    2.771664439504e-16
  10    1.018407585385e-04   -9.250147269382e-17
  11   -3.988942112943e-04    3.429734279741e-16
  12   -1.516738812914e-05    1.167691044421e-17
  13    5.672682273042e-05   -7.243557629153e-17
  14   -8.472215455394e-05    5.472200251789e-17
  15    8.919526804669e-05   -7.697861476089e-17
