   0   -1.596686662897e-03   -0.000000000000e+00
   1   -7.778849348749e-04   -3.549033229271e-17
   2    7.941572944684e-04   -1.330887460977e-17
   3    5.291729611934e-04    3.105404075612e-17
   4   -4.706333241606e-04   -0.000000000000e+00
   5   -5.613179251912e-06   -1.064709968781e-16
   6   -2.397640986422e-04   -5.323549843906e-17
   7    2.515284446260e-04   -3.105404075612e-17
   8   -4.717954585211e-04    7.985324765859e-17
   9   -1.895770230710e-04   -4.436291536589e-18
  10   -3.938649975259e-05    7.098066458542e-17
  11   -6.814157337837e-04   -9.316212226838e-17
  12   -9.314095760846e-04   -4.436291536589e-18
  13    2.119354820569e-03    7.541695612203e-17
  14    2.055104166833e-04    2.173782852929e-16
  15   -9.138212970830e-04   -1.863242445368e-16
