   0   -1.076219388160e-03   -1.821086772842e-16
   1    1.247878122358e-03    1.929898181171e-16
   2    2.887743594900e-04   -3.384280811056e-17
   3   -1.269322215822e-03   -1.729510702571e-16
   4    2.214693648912e-03    3.257783916368e-16
   5   -1.156608437859e-04   -8.991338937977e-17
   6   -7.728195953908e-04   -1.236597511350e-16
   7    2.475296026988e-04   -1.028914751370e-16
   8    1.662039439633e-03    1.260493839134e-16
   9    6.520456030531e-04    5.516680130805e-17
  10   -2.389068790603e-04    4.534623032753e-17
  11    1.545976102351e-04   -6.704797265893e-17
  12   -5.349506818353e-04   -4.525989874976e-17
  13   -1.385938011952e-04    5.383329259629e-17
  14   -8.037269947074e-04   -1.481277358257e-16
  15    7.753593644840e-04   -9.465578256037e-17
