   0   -5.789873972442e-05    3.379129038308e-18
   1    7.772278935819e-05   -5.784929179215e-19
   2    1.178558974111e-04    2.474279323532e-18
   3   -3.482265035974e-04    2.705737147276e-17
   4    1.033001351826e-05    1.388120577440e-18
   5   -3.511794143106e-04    1.109267851951e-17
   6   -9.686740964795e-05    1.634323982947e-17
   7   -8.913586099009e-05    2.878935654472e-17
   8   -1.265414617792e-06    5.105620089032e-18
   9   -4.373127070527e-04    2.623996589250e-18
  10   -3.394186198747e-04   -1.459398535620e-17
  11   -1.331586830004e-04    1.655748662827e-17
  12   -1.742703183580e-04   -1.181019863362e-17
  13   -1.385296008574e-04   -1.031881493951e-17
  14   -2.959486772598e-05   -1.011855060324e-17
  15    9.583341845790e-05    1.240953027515e-17
