   0   -5.702526059806e-04   -1.590725047468e-16
   1   -7.358374277822e-04   -1.026312738391e-16
   2    4.554169050480e-04    1.314652874650e-17
   3   -2.267648229942e-04    5.321053808251e-17
   4   -8.669203082061e-04   -1.221457577578e-17
   5    9.406494059786e-04    1.418023551765e-16
   6   -2.089867244760e-04    1.511336496437e-16
   7    2.932197275180e-04   -5.189533402872e-17
   8    1.652714048561e-04   -1.141440187303e-17
   9   -1.109956738051e-04   -1.003198433859e-16
  10   -2.194020083687e-04   -3.325240747025e-17
  11   -1.140895908141e-03   -1.193588710948e-16
  12   -6.196950116415e-05    1.786885859186e-17
  13    1.210107935937e-03    2.748287141451e-16
  14    1.840639081920e-04    9.765150319729e-18
  15   -2.275190110716e-04   -1.351304499406e-16
