   0   -1.529734500398e-04    7.964275122531e-17
   1    1.793934703713e-04   -4.120631555581e-17
   2    5.226680651832e-04   -7.975946539801e-17
   3   -6.252957285332e-05    8.356181662578e-17
   4   -5.224239331347e-04    1.085320825641e-16
   5    9.976287228539e-05   -4.382079355657e-17
   6   -1.554189493686e-04    1.711441222630e-17
   7   -3.498816561565e-04    3.066101480584e-17
   8   -3.605860451684e-04    1.034782293098e-16
   9   -3.243894242356e-04    1.064140421195e-16
  10   -6.465778314346e-04    2.095088233994e-16
  11   -9.661800424832e-05    5.927061496588e-18
  12   -1.866302685940e-05   -6.126930008698e-18
  13   -2.043942196200e-05   -5.664506649622e-18
  14    1.822561084645e-04   -8.995883715348e-18
  15   -1.031401963100e-04    1.174434249375e-17
