   0   -3.943578553662e-03    8.366363386931e-16
   1   -3.347502099450e-04    7.036873692425e-17
   2    1.117790127366e-03   -4.885076425675e-17
   3    1.378214718282e-03   -1.392232311575e-16
   4    1.079152359226e-03   -4.560984327382e-16
   5   -3.604029734061e-04    1.288656297192e-16
   6   -4.931314009964e-03    2.023823813764e-16
   7   -8.408079970753e-04    1.946966886125e-17
   8    2.186071292846e-03   -3.504126978832e-16
   9    8.712513803600e-04   -2.388300286381e-16
  10   -2.964439689848e-03    6.979135729682e-16
  11   -6.849365351303e-04    5.173926844760e-17
  12   -2.028990711839e-03    1.176191986364e-16
  13    1.639158570594e-03    1.468355732964e-16
  14   -1.917057156245e-03   -1.277772184738e-17
  15    6.119816651236e-04    8.149492706523e-17
