   0   -1.099609172741e-03    1.178092483566e-16
   1   -3.489301804854e-04    1.217748253891e-16
   2    1.260172334184e-03    6.124997636515e-18
   3   -1.812210340808e-04    1.348800999865e-16
   4   -2.270092949545e-06    4.798161305304e-17
   5   -1.700471957707e-04    2.383536175854e-17
   6    4.210665868018e-04    2.530402119601e-17
   7   -1.549939136979e-03    6.830205491099e-17
   8   -1.189468177003e-03    2.257059699166e-16
   9   -7.191033640307e-04    5.324758206909e-17
  10   -2.683528753558e-03    2.873331444703e-16
  11   -5.346259707046e-04   -5.235464473096e-17
  12   -5.856141474775e-04   -9.126345713698e-18
  13    3.238954415464e-04   -7.257374004561e-17
  14   -5.123231551063e-04    1.084383391185e-16
  15    4.580908514887e-04   -4.662856141644e-17
