   0   -1.659951129975e-05   -1.809330367162e-17
   1    6.399095308360e-06    7.106136134868e-18
   2   -1.531736456530e-05    1.603428833881e-18
   3   -1.147387860851e-04   -5.574708396745e-17
   4   -1.465245094300e-04   -6.809448800207e-17
   5    4.488217186589e-06    2.325335546568e-17
   6   -5.059078040980e-05   -4.385569925500e-17
   7   -6.556932290049e-07    5.473156058261e-19
   8    2.192367429785e-05    9.234298875088e-18
   9    3.327278747187e-05    2.129983330600e-17
  10   -1.510182916179e-04   -6.963891196005e-17
  11   -1.698635448506e-04   -7.538615616169e-17
  12   -7.042384326829e-06   -1.650337731484e-17
  13   -1.815433165399e-04   -1.093438622595e-16
  14   -4.584452939313e-05   -1.412906033876e-17
  15   -2.716249022058e-04   -1.665798690682e-16
