   0   -7.503129145567e-04   -1.094797864026e-16
   1   -5.817469467541e-05    7.920222708453e-18
   2   -1.453199127845e-04    6.238455227577e-17
   3   -2.859283323658e-04   -3.302463259538e-17
   4    8.324096275736e-04    3.031829624298e-17
   5    4.159129441811e-04    2.426116999111e-17
   6   -2.571822361750e-04   -5.829737654245e-17
   7   -4.002863924851e-04   -4.874486881251e-18
   8    7.076713108448e-05   -7.001527840214e-18
   9   -7.335728106760e-04   -7.176523181719e-17
  10   -3.940155848561e-05   -1.503900418401e-17
  11    8.574698321674e-04    4.126990620735e-17
  12   -1.210082810357e-03   -1.247761671977e-16
  13    3.517103281613e-04    4.998825022123e-17
  14    1.088261891143e-03    1.523818519250e-16
  15    2.027721740254e-03    1.114413786670e-16
