   0   -6.485702210486e-04   -1.526801197012e-16
   1    8.132273772063e-04    1.805433450300e-16
   2    1.407352309307e-03   -3.991952584746e-18
   3    1.107544502078e-03    1.473281575136e-16
   4   -2.228817276552e-04   -5.450842504085e-17
   5    1.243159703178e-04    6.150401961584e-18
   6   -2.040101075744e-04    8.342852392480e-17
   7    1.263759235418e-03    4.979164267678e-17
   8    1.162999952000e-03    1.142718152291e-16
   9   -9.080683518151e-04   -1.606051109942e-16
  10   -3.139227210564e-04   -2.846809437130e-17
  11   -3.704097890976e-04   -1.058021541996e-16
  12   -5.990493414198e-05    5.232448241332e-17
  13    3.737697831846e-04   -4.082765762106e-17
  14    4.674206283920e-04    6.067263781094e-17
  15    1.161353225559e-04   -5.984292382378e-17
