   0   -7.494572470460e-04    1.215748249360e-17
   1   -2.934125598771e-04    5.100975755909e-17
   2    4.594540649041e-04   -6.147460848515e-17
   3    3.427195965820e-04   -2.709471494098e-17
   4   -1.399380174262e-04    1.227098423128e-16
   5    2.049401050630e-04   -1.381972256758e-17
   6   -9.600324294010e-05   -5.089063193462e-17
   7    6.341178253458e-04   -6.593065205300e-17
   8    1.559908068314e-03   -7.343960517607e-17
   9    4.106496937837e-04    5.787390549636e-18
  10   -1.445752639759e-03   -3.082489448119e-17
  11   -7.578244121072e-04   -1.154282188023e-16
  12   -8.035002568113e-04    5.514700639491e-17
  13    5.469610022372e-04    8.674479572590e-17
  14    1.114179326619e-04   -4.345488374901e-17
  15    2.074865823631e-04    2.263207079766e-17
