   0   -1.119464191788e-04    9.867215631098e-17
   1   -4.312681275922e-04    2.159075458103e-16
   2   -2.851949152642e-04    1.703260927255e-16
   3   -1.686457967955e-04    9.194417577133e-17
   4   -1.609893804019e-04    5.450451745746e-17
   5    3.184435084893e-04   -1.497390754337e-16
   6    6.387079608801e-05   -3.284727065083e-17
   7   -1.204965561590e-04    6.367623889008e-17
   8   -2.237822510217e-04    8.922607097635e-17
   9    5.684713707441e-04   -2.810732717205e-16
  10    2.303592535118e-05   -3.012156297319e-17
  11   -1.975642734282e-04    1.270075840004e-16
  12   -9.336623181422e-05    6.464094582471e-17
  13   -6.402142606670e-06   -8.925187184133e-18
  14    1.167938016234e-04   -5.147237550998e-17
  15    4.656848383753e-05   -9.951251214371e-18
