   0   -2.520451702670e-05    1.560656951214e-17
   1   -1.728625853113e-05   -1.894104755618e-18
   2    2.290560821261e-05    1.687568608838e-17
   3    1.469195427782e-04   -4.771560384416e-17
   4   -8.746707065385e-05    2.763706555469e-17
   5   -2.414911095532e-04    7.866696685963e-17
   6    1.712819223448e-04   -5.414340900395e-17
   7   -2.552185254742e-04    8.180220150082e-17
   8   -7.837592214261e-05    5.213395478285e-17
   9   -7.956069017560e-05    3.020565807796e-17
  10    2.024601296047e-04   -7.327155746918e-17
  11    1.350398608419e-04   -1.728355104414e-17
  12   -1.013789628697e-05   -4.107228144240e-18
  13   -1.198671522577e-04    5.829105433386e-17
  14   -1.319503862035e-04    5.311396767887e-17
  15   -6.797622496088e-05    9.897798666415e-18
