   0   -3.572769962531e-04   -2.518221938248e-17
   1   -3.847640649125e-04   -6.812128073842e-17
   2   -4.071862834470e-05   -3.533518915392e-18
   3   -2.478625247314e-04   -8.735139037697e-18
   4    1.070778019495e-03    2.514511077585e-17
   5    4.812377835398e-04   -3.340471904142e-17
   6   -1.064296166109e-04   -8.349447349404e-17
   7    2.773631584371e-04   -1.121038626363e-17
   8    2.654316777119e-04   -8.717753211156e-17
   9   -9.188145611927e-05   -1.139556110605e-18
  10    1.768032507342e-04    7.338346231435e-17
  11   -3.594815088151e-04    1.041490026280e-17
  12   -6.469308164567e-04   -3.539016184986e-17
  13   -1.246195189951e-04   -2.957404435244e-17
  14    1.436870775955e-04   -7.467989330726e-17
  15    2.933037999284e-04    2.502620255386e-17
