   0   -4.321224479381e-04   -6.462070250099e-17
   1    4.416809357889e-04    6.533540293222e-17
   2    4.083780102719e-04    7.456126783089e-18
   3    7.205036919545e-05   -3.615458139957e-17
   4    8.918311941241e-05   -2.564201470011e-17
   5    1.906692280274e-04    9.640818963839e-18
   6   -3.509502613336e-05   -8.109209613911e-17
   7   -7.053147993257e-04   -7.120035261526e-17
   8   -9.650207650219e-04   -3.292184591309e-17
   9   -2.698307809598e-04   -5.017806358095e-17
  10    9.019698746595e-04    1.897592081267e-17
  11    7.512903343399e-04    3.309612232516e-17
  12    2.430218456146e-04   -6.029693991026e-17
  13    1.937082436490e-04    2.140746123169e-17
  14    6.674421879684e-04    2.221092410679e-17
  15   -1.616264513645e-04    5.022780260803e-17
