   0   -2.045720160898e-03   -2.008599423700e-17
   1   -2.166054911812e-03    4.460273098570e-17
   2   -1.859600301128e-03    1.113866813573e-16
   3   -9.621335550225e-04   -1.001318481418e-16
   4   -9.130941349129e-04   -9.989110027989e-17
   5   -6.238781494012e-04   -1.336217501966e-16
   6    4.673368763466e-04    7.259526376540e-17
   7   -3.556174735189e-04    1.890711222743e-16
   8   -2.974025178468e-04    3.561468645648e-18
   9   -1.121857040067e-03   -3.563649293666e-17
  10   -1.234431865580e-03    2.406882931283e-17
  11    3.578943460380e-04   -1.087159675393e-16
  12    2.255463125586e-03   -1.905630893094e-17
  13   -5.063096072226e-04    7.557385438272e-18
  14    1.048485781549e-03   -6.515367772818e-17
  15    1.715711441270e-03   -1.823940507666e-16
