   0   -1.780005348694e-04   -1.184979590824e-17
   1    6.169834053116e-05   -2.608958397233e-17
   2    9.527466369694e-05    2.835211385438e-17
   3    2.187369883541e-04    2.949921249923e-17
   4   -1.055199348068e-04    6.856251379129e-18
   5    1.364303241177e-05    9.341466773480e-18
   6   -5.471423083793e-05    5.446532123693e-17
   7   -6.741647122656e-04   -2.836503908837e-17
   8   -6.019261243386e-05   -3.459050062753e-17
   9    3.132699106367e-04    6.078908584200e-17
  10   -2.275439617022e-04   -2.534868657058e-17
  11    3.003500392962e-04   -7.777289446401e-18
  12   -5.505994024349e-04   -1.042381858987e-16
  13   -2.150821918888e-04    1.357795065146e-17
  14   -7.143063196508e-04   -5.191955367928e-17
  15   -3.176174988226e-04    4.423313970348e-17
