   0   -2.157728848089e-05   -1.237712866174e-17
   1    3.172766665679e-05    7.552644849507e-18
   2   -4.844619314595e-05   -1.956766337619e-17
   3    6.451516346262e-05    3.345923800919e-17
   4    1.026753008905e-04    3.151107322734e-17
   5    3.202644054937e-04    9.598047981575e-17
   6    1.435298706430e-04    3.497711960862e-17
   7   -9.201160696654e-05   -2.174834993412e-17
   8    1.692271171109e-04    3.409590658734e-17
   9    1.602121459130e-05   -4.172101445613e-18
  10   -5.622497335382e-06   -2.894540962284e-17
  11    7.536030015613e-05    3.192829948039e-17
  12   -4.463373692923e-05   -1.898992964414e-17
  13   -2.040349048766e-04   -5.697194187295e-17
  14   -8.988562550764e-05   -3.609429607650e-17
  15   -1.679115348944e-04   -5.073713744568e-17
