   0   -3.030729846578e-04   -1.546229054911e-17
   1    8.614921879970e-05    3.505496390203e-17
   2    5.057935455947e-04    1.096959554275e-17
   3    8.859106147442e-05    2.158774909162e-17
   4    3.209294861759e-04    2.751451328757e-17
   5    9.481246656999e-05    2.947759734876e-17
   6   -4.861762821217e-04   -8.052435179194e-19
   7    2.071743400530e-04    3.041107101104e-17
   8    2.543714463623e-04    6.488808653620e-18
   9   -2.895914464684e-04    1.967176625774e-17
  10   -4.583364739129e-04   -1.942293584589e-17
  11   -6.826205943256e-05    5.989835672814e-18
  12   -1.497345532414e-04    2.710497446110e-17
  13    7.602357267223e-05   -3.478364056401e-17
  14    2.891566308840e-04   -3.707793491731e-17
  15   -1.490249638603e-04   -3.086051405023e-17
