   0   -3.409290814880e-04   -1.434961648448e-16
   1    3.397892654469e-04    7.970799046513e-17
   2   -3.172715820707e-04   -5.036983069830e-17
   3   -1.067012448784e-04    2.264365625755e-17
   4    4.647685871058e-04    8.346032906039e-17
   5   -3.524821106913e-05    7.818406068840e-19
   6   -6.056778017397e-04   -1.541133945176e-16
   7    2.822744217622e-04    6.350417588412e-17
   8    4.235040065561e-04    8.707592294789e-17
   9   -3.322234377608e-04   -1.765131420339e-16
  10   -1.086310099228e-04   -5.156048792424e-17
  11    8.277603975045e-04    1.168026346750e-16
  12    2.316865334563e-04    7.745736303526e-17
  13   -3.835827027998e-04   -5.202524866273e-17
  14   -5.726616067141e-04   -1.246157818211e-16
  15    5.859675783907e-05    5.128057061483e-17
