   0   -1.119216617324e-03    2.154246014696e-16
   1    1.887750025235e-04   -7.759499587742e-17
   2    8.134254876763e-04   -1.154254374059e-16
   3    7.796735158931e-04   -1.270340500773e-16
   4   -2.686319395935e-04    3.567568682512e-18
   5   -1.395656077042e-03    1.640302991693e-16
   6    4.786802353505e-05   -7.146268206106e-17
   7   -2.749682593492e-05    9.921591627780e-17
   8   -1.500943574127e-05    1.444493256622e-18
   9   -2.967850448955e-04    1.102750791712e-16
  10   -6.974102791292e-04    1.005460311674e-16
  11   -7.802631999325e-04    1.345192352197e-16
  12    5.597695558352e-04   -1.021564931033e-16
  13    2.433589100784e-04    5.829215895924e-17
  14   -1.200825026417e-04   -2.558555133280e-17
  15   -1.524416928936e-03    1.764221162558e-16
