   0   -4.217151858952e-04   -4.103858282652e-17
   1   -5.256226069860e-04   -2.557508908115e-17
   2   -5.266324560748e-04   -5.526320154412e-17
   3    1.862171904035e-04    2.274025134811e-17
   4   -1.291226988352e-03   -9.930565224603e-17
   5   -5.550753970458e-04    5.506899945639e-17
   6    3.510327641182e-05    1.538753904012e-17
   7   -7.205305896256e-05    5.577208511693e-17
   8   -3.989400247687e-04    1.250777171811e-17
   9   -3.410217592527e-05   -6.219143668989e-18
  10   -2.950769926142e-04   -6.907559862480e-17
  11    5.542529769325e-04    4.976736258618e-17
  12    8.671263976453e-04    1.152971664566e-18
  13    5.546310070499e-05    8.249589874717e-17
  14   -4.250795079727e-04   -5.032196488564e-17
  15   -4.493966337835e-05    8.673031138034e-17
