   0   -8.266751661616e-05   -6.056600469279e-17
   1    1.683180026061e-04    1.320593085524e-17
   2   -8.071555258010e-06    1.080938319283e-18
   3   -2.785842273638e-04   -9.397630777302e-17
   4   -3.597764573120e-04   -1.439075470969e-16
   5   -3.495931527261e-04   -1.139319009849e-16
   6   -2.426821549521e-04   -1.131264265624e-16
   7   -1.442427754892e-04   -5.485829502161e-17
   8    3.059032301570e-04    1.221536848230e-16
   9    8.178323861547e-04    2.713265753466e-16
  10   -2.205464658130e-04   -1.090553509255e-16
  11   -1.583073567594e-04   -7.010480698203e-17
  12    3.967718395426e-05    7.468626212622e-18
  13   -2.199387640072e-04   -6.037993209874e-17
  14   -4.863868767824e-04   -1.842312394783e-16
  15    4.282468195959e-06   -2.063876899288e-17
