   0   -2.530429601748e-04   -1.766067748131e-17
   1    3.935550358055e-04    4.199081628517e-17
   2   -1.206618414345e-05    1.194140544599e-17
   3    4.387566598902e-06   -5.145092091691e-18
   4   -3.514454285967e-04   -3.345706321089e-17
   5    9.266252718267e-05   -4.621628988339e-17
   6   -5.133683653187e-05   -8.855751996925e-18
   7    2.894932250463e-04   -5.792280711586e-18
   8    1.007464178783e-03    2.456066708318e-17
   9   -6.586515113204e-04    1.740250725332e-18
  10   -4.322866530389e-05   -2.093527863293e-17
  11    1.315210322969e-04   -7.135127643009e-17
  12    6.230693253463e-05   -1.018817419003e-17
  13   -8.030097584636e-04   -9.866501955358e-17
  14   -6.311118034831e-04   -5.028073957439e-17
  15   -1.982020785670e-05   -2.894874181809e-17
