   0   -1.014307664606e-04    8.945097330236e-18
   1    6.067135875807e-05   -1.385665071365e-17
   2   -1.107279053351e-04    2.612710840670e-17
   3   -6.017064126443e-05    1.535062949004e-18
   4   -1.989275292761e-04    3.337064668714e-17
   5    2.846845757268e-05   -1.020040246454e-17
   6   -2.450508003060e-04   -1.602987596124e-17
   7    4.423842441772e-05    1.258510771097e-17
   8   -9.035827003965e-05   -1.390588325131e-17
   9    1.303324428718e-04   -2.475528823582e-17
  10    1.381234791840e-04   -2.509883083413e-17
  11   -5.097516356106e-05   -2.458756274942e-17
  12    6.728207685372e-05   -2.868393081872e-17
  13    3.198066716081e-04   -3.646448929585e-17
  14   -3.228376058196e-04   -3.272636719403e-17
  15    1.107102918770e-04    1.636288057024e-17
