   0   -2.696733928872e-03   -1.268387520045e-16
   1   -1.426445957818e-03   -7.390366464557e-17
   2   -1.867515569255e-03   -1.015725386353e-16
   3   -1.084533745287e-03   -2.443503108632e-18
   4   -1.157034254217e-04    2.034058162442e-17
   5   -8.774924933366e-04    5.431408819812e-17
   6   -1.613564118482e-03   -1.878467006987e-16
   7   -1.611475526338e-03    5.434912531491e-17
   8   -3.335651353430e-04    1.189942655636e-16
   9   -1.492335317045e-04   -1.504033632893e-17
  10   -1.840394204919e-03   -1.470579051990e-16
  11    8.661028967713e-04   -1.422415381215e-17
  12    3.078917664081e-03    2.107767788210e-16
  13    8.664186605054e-04    5.496804585747e-17
  14   -1.484437072322e-03   -1.732792107093e-16
  15   -3.031499486966e-04   -4.172159620144e-17
