   0   -9.728323441997e-04   -2.631739038764e-16
   1    8.552252537892e-04    4.869152741778e-18
   2   -7.901951530214e-06    1.278242674007e-17
   3   -3.603830925433e-05    4.014198602219e-17
   4   -2.074748186459e-04    3.426726578088e-17
   5   -5.882710727307e-04   -9.342180058286e-17
   6    1.337257477757e-03    1.808797132453e-16
   7   -2.486426908609e-04    9.963134033327e-19
   8   -1.786135817863e-03   -2.935379762985e-16
   9   -7.638783184924e-04   -1.137119197942e-16
  10   -6.056090624509e-05    6.452753418213e-17
  11   -2.207175555620e-05    5.934519837373e-17
  12    1.342440494687e-03    1.053988573580e-16
  13    6.447948780992e-04    1.287698225088e-16
  14   -3.437085104168e-03   -3.402446345522e-16
  15   -5.269616728382e-04   -8.947067683822e-18
