   0   -5.436782106434e-04    1.035478736379e-16
   1   -1.420291404795e-04   -4.601473314813e-17
   2    4.260265822104e-04    7.592126892100e-17
   3   -5.400069635030e-04    1.135530517774e-16
   4    1.639262965889e-03   -9.915405603864e-17
   5    1.648749797861e-04   -5.712003026912e-17
   6   -6.604033207352e-04    3.700258488400e-17
   7   -3.323739404560e-04    7.307079018039e-17
   8    1.419189405702e-04    1.496086528484e-17
   9   -6.036421242088e-04    9.631469345412e-17
  10    2.842894031104e-04    6.094309467163e-17
  11    4.347078379022e-04   -2.068722156413e-17
  12   -1.069960943235e-03    4.493998901372e-17
  13    4.404611151052e-04   -2.123510044648e-17
  14   -1.526890844755e-03    1.920008440235e-16
  15   -2.477808263796e-04    5.724898129739e-17
