   0   -2.066121788599e-03   -3.229744464890e-16
   1   -2.284332714496e-04   -3.299367706251e-17
   2    1.375956634237e-03    8.735829772866e-17
   3   -1.684069280824e-03   -1.518120603820e-16
   4    8.202936279030e-04    5.402085875250e-17
   5   -2.834280175993e-04   -1.483145096243e-16
   6    2.834568096585e-04    1.206191538716e-17
   7    9.065161761116e-04    1.061782589461e-16
   8   -7.500476473702e-04   -6.871636491431e-17
   9    2.318848163300e-04   -2.341997651179e-16
  10   -1.273494514695e-03   -6.925694945051e-17
  11    2.588237381110e-03    2.174349888830e-16
  12    3.559691775899e-05   -1.031937499058e-16
  13    1.127763200208e-04   -3.155725534832e-17
  14   -1.862949323610e-06   -1.313539762337e-16
  15    2.547584059027e-04    1.813990347333e-16
