   0   -2.070016970092e-05   -2.323566007763e-17
   1   -3.690655970894e-05   -1.970331057182e-17
   2    5.187530617619e-05    1.749683419217e-17
   3    1.609578419071e-04    9.336723684609e-17
   4    4.178878150753e-05    1.486657881065e-17
   5    3.726606610240e-05    1.384360455815e-17
   6    1.905796162961e-04    1.099922570886e-16
   7    1.213037101234e-04    5.595793261179e-17
   8    1.920330022098e-04    1.173745596757e-16
   9   -2.380847698788e-05   -2.043406908285e-17
  10    2.928077149849e-04    1.522133937141e-16
  11   -2.442481805676e-05   -1.421338674601e-17
  12   -6.230280494087e-06   -8.547933180200e-18
  13    2.136038537731e-05    5.926895073446e-18
  14    8.954508272180e-05    5.278218639914e-17
  15    7.930057752580e-05    3.844543547787e-17
