   0   -1.678154520822e-05    2.910758520410e-17
   1    3.040693786637e-06   -9.459131519354e-18
   2   -3.474547468432e-05    2.876858972926e-17
   3   -1.398174352272e-04    1.230758741155e-16
   4   -5.678047425938e-05    4.105634957245e-17
   5    6.331382847484e-05   -6.218580469006e-17
   6    1.456435584988e-04   -1.354054749629e-16
   7   -1.510273075016e-05    4.456526653908e-18
   8    8.972186256571e-06   -2.324453184488e-17
   9   -9.385730818696e-05    5.319976348955e-17
  10   -2.928556276455e-05    9.024883302780e-18
  11    1.794124212359e-04   -1.610530680312e-16
  12   -2.116866474499e-04    1.872236618709e-16
  13    3.422377754969e-05   -2.422289379701e-17
  14    2.849382722654e-05   -4.199389616667e-17
  15   -3.008420981720e-04    2.640889073164e-16
