   0   -5.679620029239e-03   -8.367001962301e-17
   1   -2.410172050289e-03   -8.468888839977e-17
   2    6.707528962416e-05    1.176320914034e-16
   3    2.779344300207e-03    2.798491866901e-16
   4    8.628949527173e-04   -3.547908835419e-17
   5    4.706933780325e-03    2.187444295465e-16
   6    2.335034550962e-03   -6.647059556878e-17
   7   -9.599295711044e-04   -4.756227700419e-16
   8    2.575129037117e-03    6.916992652498e-17
   9   -3.804707100594e-03    2.397193079573e-16
  10    1.607428247320e-04    1.936250464596e-16
  11    1.320810374915e-04    4.862589978217e-16
  12   -2.537129408152e-03   -6.889002842574e-17
  13   -1.025064354496e-04   -1.178930705403e-16
  14   -2.390347461341e-03    1.999352025012e-16
  15   -3.045010385564e-03   -1.406197016971e-17
