   0   -1.993796488907e-04    3.762373310503e-17
   1    8.954762526366e-05    2.603942540809e-17
   2    2.446337508474e-05    9.488647574384e-17
   3    1.911602449649e-04   -4.938946035990e-17
   4    3.682511237751e-04   -1.824459722495e-18
   5    5.910010515868e-04   -7.143868051534e-17
   6   -1.388908139980e-04    3.818711337033e-17
   7   -1.961851833693e-04   -3.014041775495e-19
   8   -9.240014553761e-05    8.798598377742e-19
   9   -3.688914745465e-04    9.723155822024e-18
  10   -2.622238995358e-04    9.064791173460e-18
  11    7.359369028517e-04   -2.867806678460e-17
  12    3.002050169793e-04    9.298792474274e-18
  13   -2.242718378668e-04    2.743111629133e-17
  14   -4.821115082583e-04    7.370597982733e-17
  15   -3.030681179816e-04    1.448617999228e-17
