   0   -6.742871683943e-04   -2.133361224228e-16
   1    1.188184730813e-03    1.649001137915e-16
   2    1.192416846336e-03    2.866522723797e-16
   3   -4.014775149185e-04   -1.298184338822e-16
   4   -7.502255943367e-04   -4.949095694202e-17
   5   -9.048222199074e-04   -1.085422341820e-16
   6   -9.823512572344e-04   -1.092751662652e-16
   7    2.574971761094e-04   -2.014308668898e-16
   8   -9.590548972945e-04   -1.747799199129e-16
   9   -1.247754650228e-04   -6.586543630589e-17
  10   -5.344051559260e-04   -4.994454479009e-17
  11   -4.044091477931e-04    3.116135202585e-17
  12   -2.581563253821e-05    6.222329972493e-17
  13   -3.462537320253e-04   -2.882629348919e-18
  14   -9.918671265260e-05   -8.488081847146e-17
  15    1.350035179909e-04    6.748345104977e-17
