   0   -7.777526801704e-04   -3.096214128066e-17
   1   -3.363613075513e-04    8.785840529730e-18
   2    6.562032434101e-04    1.306164417642e-17
   3    6.662057234396e-04    5.970395422187e-17
   4   -5.411876701612e-05   -3.203936862619e-17
   5   -1.611521134412e-03   -1.621181216951e-16
   6   -5.557501653062e-04    1.990000316549e-17
   7   -2.862440542201e-04   -3.975600780741e-17
   8   -6.583291296167e-04   -1.276638824161e-16
   9   -8.856174832461e-04    4.045392728519e-18
  10   -3.516004818080e-04   -1.628720636838e-17
  11   -7.084671606511e-04   -2.339059335142e-17
  12    2.571825463996e-04   -1.073241566346e-18
  13   -6.462919386984e-04   -3.763407390988e-17
  14   -1.426221823610e-03   -4.077362502830e-17
  15   -7.421181663373e-04    5.644115488357e-17
